-2.2103423258368338e-11, 1.5331038236618042, -4.150346279144287, 8.953449249267578, -13.896686553955078, 24.271913528442383, -29.23272132873535, 45.51533889770508
-1.816917061805725, 9.1316556930542, -22.175065994262695, 32.34410858154297, -50.535057067871094, 76.93656158447266, -105.11312866210938, 152.60751342773438
-3.678042411804199, 16.057382583618164, -27.649538040161133, 47.72875213623047, -64.78961944580078, 91.82559204101562, -77.25550079345703, 77.37110900878906
-5.250475883483887, 19.124019622802734, -38.861061096191406, 59.8290901184082, -46.96001434326172, 43.10132598876953, -26.14844512939453, -33.83977127075195
-6.750942230224609, 23.98367691040039, -41.4955940246582, 45.75310134887695, -34.994781494140625, -9.262171745300293, 70.84501647949219, -125.06598663330078
-8.630864143371582, 29.45674705505371, -34.50657653808594, 29.774246215820312, 12.57772159576416, -55.68967819213867, 99.7721176147461, -61.483421325683594
-9.412528038024902, 30.318391799926758, -27.956233978271484, -1.1413719654083252, 39.89994812011719, -65.18099975585938, 81.54981231689453, 14.00112533569336
-11.27262020111084, 29.642250061035156, -16.00175666809082, -24.328073501586914, 81.51339721679688, -55.55643844604492, -22.320335388183594, 88.36788940429688
-11.99306869506836, 26.09845542907715, -0.9639907479286194, -43.47380065917969, 60.74040985107422, -0.09951619803905487, -59.49113082885742, 75.49881744384766
-12.477642059326172, 22.408456802368164, 13.087188720703125, -51.499061584472656, 26.642736434936523, 41.40013122558594, -104.82823181152344, 2.018965721130371
-13.85986328125, 15.280844688415527, 27.863361358642578, -58.99008560180664, -12.62236213684082, 59.48614501953125, -31.049835205078125, -113.88162994384766
-13.249519348144531, 9.483072280883789, 41.383522033691406, -30.216089248657227, -54.57587814331055, 47.145206451416016, 41.862972259521484, -92.54481506347656
-13.6671142578125, 2.257815361022949, 47.923404693603516, -6.274941921234131, -61.261199951171875, 11.861587524414062, 73.21505737304688, -21.534330368041992
-14.550202369689941, -4.686906814575195, 35.553321838378906, 22.62196922302246, -46.38490676879883, -37.260494232177734, 83.82312774658203, 53.21175765991211
-13.95233154296875, -11.288498878479004, 33.27519226074219, 51.203243255615234, -34.15618133544922, -66.58382415771484, -6.2926459312438965, 136.9345703125
-13.720968246459961, -18.210922241210938, 21.793264389038086, 45.45278549194336, 13.579720497131348, -74.91958618164062, -75.81895446777344, 43.421478271484375
-12.372983932495117, -20.536943435668945, 7.151858806610107, 51.17911148071289, 41.69786071777344, -19.26512908935547, -80.05357360839844, -55.22325134277344
-11.7437744140625, -24.386213302612305, -10.3318510055542, 32.98317337036133, 85.53704071044922, 37.22494125366211, -42.96772003173828, -68.832763671875
-10.494988441467285, -30.188295364379883, -22.80314826965332, 13.659863471984863, 54.70293045043945, 80.69866180419922, 31.937057495117188, -51.905662536621094
-9.994038581848145, -27.57306671142578, -31.48473358154297, -16.218645095825195, 33.94961929321289, 98.48052215576172, 111.40311431884766, 42.090904235839844
-8.631673812866211, -23.885025024414062, -35.514930725097656, -41.54485321044922, -15.506552696228027, 25.360559463500977, 69.03932189941406, 75.57044982910156
-7.101149559020996, -25.194671630859375, -37.86958694458008, -64.9498519897461, -44.005794525146484, -36.427001953125, 9.750218391418457, 74.43767547607422
-5.0387959480285645, -16.543352127075195, -33.29472351074219, -50.44358825683594, -80.80497741699219, -77.68651580810547, -64.32439422607422, -45.918880462646484
-3.5394160747528076, -13.365822792053223, -22.30365753173828, -42.44192886352539, -72.57744598388672, -91.64897918701172, -65.36634826660156, -93.17486572265625
-1.8157050609588623, -5.780703544616699, -12.461919784545898, -20.563840866088867, -34.99945068359375, -39.654720306396484, -57.101173400878906, -82.29096221923828
2.336253412948963e-11, 1.324388027191162, 3.9802451133728027, 7.946249485015869, 10.749024391174316, 23.890090942382812, 36.482540130615234, 38.914371490478516
1.8560762405395508, 8.131144523620605, 16.627410888671875, 30.944501876831055, 56.686946868896484, 54.783058166503906, 94.92495727539062, 91.77850341796875
3.5005829334259033, 15.895825386047363, 31.438007354736328, 57.49795150756836, 63.76175308227539, 66.7206802368164, 105.74691009521484, 106.49073791503906
5.424275875091553, 19.13433074951172, 45.64722442626953, 66.74192810058594, 46.955387115478516, 52.686580657958984, 16.440738677978516, -24.687759399414062
6.977943420410156, 24.443532943725586, 41.17483139038086, 44.30549240112305, 22.835561752319336, -10.99999713897705, -51.28376770019531, -119.28695678710938
8.146333694458008, 27.736854553222656, 37.92414474487305, 23.417104721069336, -13.54598617553711, -75.20707702636719, -120.55357360839844, -68.7464828491211
9.681427001953125, 28.960342407226562, 27.42460823059082, -1.636806845664978, -56.32426071166992, -100.2084732055664, -63.02320861816406, 12.894105911254883
10.45427131652832, 26.967636108398438, 16.295000076293945, -32.50656509399414, -70.22042846679688, -68.54093170166016, 14.613081932067871, 74.32685089111328
11.971742630004883, 22.876705169677734, 0.9784858822822571, -45.2580451965332, -74.7647933959961, -0.12483222037553787, 91.62135314941406, 121.19446563720703
12.668963432312012, 21.140684127807617, -13.531423568725586, -51.7199592590332, -36.227230072021484, 42.41595458984375, 90.6577377319336, 1.9961512088775635
13.024155616760254, 16.559415817260742, -28.685916900634766, -59.66070556640625, 11.13915729522705, 96.13705444335938, 40.93235778808594, -67.26713562011719
14.24242115020752, 8.612669944763184, -36.24992752075195, -28.71044158935547, 61.47515106201172, 68.3027572631836, -40.965091705322266, -140.12344360351562
14.417603492736816, 2.0127339363098145, -37.8515739440918, -4.71928596496582, 72.66820526123047, 11.516846656799316, -85.55220031738281, -19.921794891357422
13.966806411743164, -4.473416328430176, -44.71078872680664, 19.660409927368164, 69.31624603271484, -51.932865142822266, -86.1590805053711, 75.10987854003906
13.741950035095215, -10.97791576385498, -32.10539245605469, 38.343841552734375, 28.566959381103516, -94.94705963134766, 5.782031059265137, 83.1147689819336
12.79452133178711, -18.804452896118164, -23.291744232177734, 44.8770751953125, -16.22692108154297, -67.54895782470703, 68.88019561767578, 30.445213317871094
12.964437484741211, -21.864442825317383, -5.607813358306885, 54.550296783447266, -58.09660339355469, -15.012065887451172, 82.7523422241211, -70.90919494628906
11.806516647338867, -27.5218505859375, 10.287117958068848, 37.81631088256836, -84.29102325439453, 51.7728271484375, 34.986228942871094, -71.28658294677734
10.629793167114258, -28.171022415161133, 20.534215927124023, 14.814825057983398, -53.871097564697266, 65.60527038574219, -52.43742752075195, -60.992835998535156
9.573513984680176, -26.34380340576172, 37.856590270996094, -17.067829132080078, -29.334564208984375, 76.54640197753906, -123.84898376464844, 59.70606231689453
8.479025840759277, -24.595888137817383, 38.10121536254883, -43.33670425415039, 14.226444244384766, 25.859935760498047, -81.03282165527344, 116.19713592529297
6.626284122467041, -24.21290397644043, 36.72883987426758, -55.97963333129883, 46.03448486328125, -30.120332717895508, -10.008058547973633, 66.77710723876953
5.112823009490967, -19.55224609375, 35.82823944091797, -59.12891387939453, 82.82946014404297, -72.81153106689453, 51.726898193359375, -51.67560577392578
3.6238203048706055, -13.366596221923828, 22.29566764831543, -48.43586349487305, 52.03636932373047, -68.24528503417969, 106.15325164794922, -157.28897094726562
1.7948737144470215, -5.144369602203369, 12.056100845336914, -20.687429428100586, 35.36762237548828, -30.503507614135742, 50.57996368408203, -95.56581115722656
-2.1616441275851273e-11, 1.393748164176941, -4.232721328735352, 7.641183376312256, -13.165745735168457, 16.22035789489746, -23.81344985961914, 30.29776382446289
-1.7523401975631714, 8.022496223449707, -20.024412155151367, 30.669517517089844, -63.264347076416016, 91.67799377441406, -99.98978424072266, 112.58596801757812
-3.664950370788574, 13.7785062789917, -34.3720817565918, 53.92229461669922, -84.4944839477539, 84.85941314697266, -90.55731201171875, 73.39949798583984
-5.275209426879883, 21.172101974487305, -39.32389831542969, 63.168209075927734, -55.27410888671875, 40.1612434387207, -23.280527114868164, -27.333736419677734
-6.9739227294921875, 23.302345275878906, -37.84834289550781, 55.52692794799805, -28.393234252929688, -13.386265754699707, 65.96665954589844, -69.1977310180664
-8.00269603729248, 25.16959571838379, -36.62877655029297, 26.267786026000977, 13.914151191711426, -63.417964935302734, 83.99951171875, -93.61986541748047
-9.659141540527344, 29.729637145996094, -26.847118377685547, -1.5702359676361084, 49.042205810546875, -83.31898498535156, 56.64922332763672, 8.949603080749512
-10.731019973754883, 29.903400421142578, -14.257002830505371, -29.002355575561523, 85.23616790771484, -62.62352752685547, -19.856958389282227, 64.98037719726562
-12.179421424865723, 22.895999908447266, -0.986578106880188, -55.96756362915039, 68.6236343383789, -0.12751175463199615, -102.48397064208984, 120.09552001953125
-12.550101280212402, 19.17827796936035, 15.851594924926758, -66.99120330810547, 36.676239013671875, 43.58364486694336, -94.7817153930664, 3.2516326904296875
-12.864757537841797, 14.71733570098877, 30.40323257446289, -50.764949798583984, -12.401599884033203, 70.8720474243164, -33.623836517333984, -79.94820404052734
-13.470776557922363, 8.237727165222168, 40.871490478515625, -37.45256805419922, -56.14569091796875, 65.35033416748047, 59.36324691772461, -63.91054153442383
-13.521215438842773, 2.050722122192383, 44.26153564453125, -6.781805992126465, -78.26370239257812, 11.185836791992188, 126.78703308105469, -20.52763557434082
-13.859466552734375, -4.787128925323486, 43.32258605957031, 18.10184669494629, -76.6149673461914, -43.25076675415039, 82.94651794433594, 117.5872802734375
-13.966497421264648, -11.972110748291016, 30.309389114379883, 48.944271087646484, -36.022891998291016, -65.7234878540039, -6.157094478607178, 144.32122802734375
-13.661168098449707, -16.50261688232422, 18.87501335144043, 48.8035888671875, 15.058085441589355, -83.10567474365234, -55.238372802734375, 40.308746337890625
-12.304787635803223, -20.564476013183594, 7.134795665740967, 51.35298156738281, 58.8827018737793, -19.384443283081055, -89.31525421142578, -66.34905242919922
-11.463373184204102, -25.425355911254883, -9.607311248779297, 32.02851486206055, 76.3095703125, 38.22473907470703, -29.399276733398438, -81.8470230102539
-11.11196517944336, -28.46881103515625, -21.881807327270508, 10.963293075561523, 75.17870330810547, 80.70244598388672, 51.869815826416016, -47.69580841064453
-9.70816707611084, -30.850618362426758, -30.72500228881836, -12.360857963562012, 34.63895034790039, 62.77461242675781, 111.26331329345703, 57.98685073852539
-8.158777236938477, -23.843048095703125, -41.230857849121094, -43.617591857910156, -17.38229751586914, 30.502647399902344, 96.42496490478516, 74.02593231201172
-6.582059383392334, -21.145566940307617, -35.69778060913086, -57.8336181640625, -57.30091857910156, -31.023696899414062, 6.167928695678711, 48.14673614501953
-5.096997261047363, -17.372861862182617, -38.80341720581055, -55.782997131347656, -55.37192153930664, -62.73701477050781, -86.49267578125, -71.44483947753906
-3.643620014190674, -13.160441398620605, -29.179140090942383, -49.47046661376953, -75.51874542236328, -86.6043472290039, -108.54531860351562, -154.34019470214844
-1.7126511335372925, -5.2464599609375, -11.69676685333252, -20.56381607055664, -28.878835678100586, -45.21956253051758, -71.59254455566406, -54.67422866821289
2.2178914954595896e-11, 1.4765552282333374, 3.9226105213165283, 9.654820442199707, 16.554397583007812, 23.0573787689209, 34.33231735229492, 30.325206756591797
1.8389047384262085, 7.804640769958496, 21.976511001586914, 32.622528076171875, 60.03003692626953, 78.80184173583984, 123.49258422851562, 109.98580932617188
3.384181499481201, 15.540003776550293, 34.83761978149414, 41.50450134277344, 67.8186264038086, 77.73982238769531, 94.13922882080078, 74.3971939086914
5.132495880126953, 21.146997451782227, 40.27101516723633, 67.28805541992188, 57.734981536865234, 46.374900817871094, 26.566905975341797, -27.047082901000977
6.776811599731445, 26.983457565307617, 44.346370697021484, 38.496463775634766, 30.03171157836914, -11.459315299987793, -73.80552673339844, -94.82855224609375
7.955784797668457, 29.467836380004883, 35.13694381713867, 24.6184139251709, -12.421935081481934, -52.924339294433594, -69.87543487548828, -94.31291961669922
10.03186321258545, 28.866153717041016, 26.277891159057617, -1.151352882385254, -40.053627014160156, -89.75145721435547, -59.10450744628906, 12.902386665344238
10.711952209472656, 28.685163497924805, 17.62870979309082, -25.25538444519043, -70.7532958984375, -50.468467712402344, 17.583139419555664, 98.88796997070312
12.464685440063477, 25.9827938079834, 1.025873064994812, -52.59364318847656, -66.05826568603516, -0.11587562412023544, 98.02535247802734, 125.02069091796875
12.39614486694336, 19.4892635345459, -12.945558547973633, -66.19023132324219, -26.799959182739258, 44.864356994628906, 82.00772857666016, 3.7597861289978027
13.008262634277344, 15.278807640075684, -31.006139755249023, -48.3583869934082, 11.29736042022705, 78.44329833984375, 30.146808624267578, -74.89200592041016
13.289738655090332, 8.33031177520752, -41.8330078125, -31.32291603088379, 46.804622650146484, 76.48786163330078, -59.685203552246094, -133.82760620117188
14.443062782287598, 2.3460934162139893, -42.96180725097656, -6.811004638671875, 71.8090591430664, 13.07249641418457, -78.97868347167969, -12.968252182006836
14.365387916564941, -5.007684230804443, -38.80652618408203, 22.434995651245117, 46.721031188964844, -35.50305938720703, -58.39994812011719, 104.750732421875
13.420149803161621, -10.71778678894043, -34.956275939941406, 46.98805618286133, 35.148345947265625, -92.54789733886719, 3.2755565643310547, 102.75157928466797
14.060739517211914, -16.916868209838867, -24.226093292236328, 47.47459411621094, -15.481463432312012, -64.60782623291016, 55.81931686401367, 21.86228370666504
12.195099830627441, -21.754501342773438, -6.748604774475098, 48.58833694458008, -42.41959762573242, -23.33810806274414, 72.6470718383789, -96.50019073486328
11.404012680053711, -27.937211990356445, 8.17918872833252, 43.519287109375, -85.24364471435547, 48.37993240356445, 34.77895736694336, -109.14834594726562
10.97101879119873, -28.73082733154297, 22.74750328063965, 12.423569679260254, -53.654170989990234, 67.97547149658203, -41.17204284667969, -57.851783752441406
9.290143966674805, -26.37788963317871, 33.63689422607422, -16.772907257080078, -36.1862907409668, 99.8575439453125, -73.34574127197266, 62.48601150512695
8.624499320983887, -25.66141700744629, 43.607261657714844, -35.310482025146484, 12.854440689086914, 40.64128494262695, -71.53728485107422, 125.568359375
7.113490104675293, -25.07323455810547, 39.829158782958984, -53.49583053588867, 47.735294342041016, -35.87185287475586, -6.767029762268066, 49.371307373046875
4.952042579650879, -18.99753189086914, 41.75647735595703, -56.24521255493164, 68.15477752685547, -62.314178466796875, 64.54241180419922, -59.692955017089844
3.3577558994293213, -13.591166496276855, 27.954505920410156, -36.85780715942383, 56.11378479003906, -102.24356842041016, 76.45220947265625, -90.919677734375
1.7111661434173584, -6.210503578186035, 12.264896392822266, -17.14121437072754, 28.55403709411621, -51.563819885253906, 56.925254821777344, -91.9696044921875
-2.2652933348576987e-11, 1.3609880208969116, -4.477484703063965, 9.818578720092773, -13.909873962402344, 18.704248428344727, -32.21452331542969, 25.602252960205078
-1.6869423389434814, 7.925813674926758, -19.39920997619629, 34.6616325378418, -56.70691680908203, 75.86238098144531, -98.91458129882812, 138.06036376953125
-3.5469136238098145, 14.159313201904297, -33.23958206176758, 44.2031364440918, -65.35224151611328, 78.29586791992188, -80.04644775390625, 110.29501342773438
-5.208540916442871, 19.86736488342285, -41.81808090209961, 65.91324615478516, -57.83137512207031, 50.016483306884766, -17.402801513671875, -18.783447265625
-6.545774936676025, 22.202442169189453, -37.40302658081055, 54.62716293334961, -24.90239143371582, -8.917831420898438, 72.59147644042969, -92.10456848144531
-8.1003999710083, 25.88106346130371, -41.50968551635742, 27.566219329833984, 16.11248016357422, -81.25657653808594, 88.26581573486328, -56.53609848022461
-9.81181526184082, 25.889802932739258, -28.65066909790039, -1.161644697189331, 48.81205749511719, -96.05117797851562, 48.79721450805664, 14.661619186401367
-11.000258445739746, 29.226247787475586, -18.551841735839844, -33.12226486206055, 83.6518783569336, -56.278507232666016, -13.525383949279785, 66.66983795166016
-11.480412483215332, 26.576290130615234, -1.1250296831130981, -57.4035758972168, 64.51565551757812, -0.10402289777994156, -86.42410278320312, 97.49312591552734
-13.115656852722168, 19.26766014099121, 13.632265090942383, -54.38990783691406, 26.141008377075195, 42.6697998046875, -76.85359954833984, 2.2237436771392822
-13.298004150390625, 16.01616668701172, 25.360698699951172, -46.19850158691406, -12.142280578613281, 68.18843078613281, -23.32046890258789, -110.37240600585938
-14.04927921295166, 8.878188133239746, 36.152828216552734, -26.14219856262207, -55.38570022583008, 79.80835723876953, 44.89093780517578, -108.87565612792969
-13.456918716430664, 2.03157901763916, 43.64116287231445, -5.192130088806152, -82.53463745117188, 8.88591480255127, 131.5906982421875, -14.83164119720459
-13.710673332214355, -5.012974262237549, 44.279014587402344, 18.428918838500977, -61.171058654785156, -52.79147720336914, 75.44097137451172, 64.97793579101562
-14.576504707336426, -11.497527122497559, 37.827152252197266, 48.56109619140625, -32.130775451660156, -108.12574768066406, -4.140039920806885, 73.94491577148438
-12.836006164550781, -19.133411407470703, 19.69232177734375, 59.110015869140625, 15.83363151550293, -60.719181060791016, -72.93218231201172, 39.74950408935547
-13.393098831176758, -21.525211334228516, 5.680123805999756, 53.12839889526367, 58.937744140625, -17.886266708374023, -95.89974212646484, -51.58021926879883
-12.391410827636719, -25.098241806030273, -10.274965286254883, 38.941612243652344, 52.69529724121094, 33.20369338989258, -40.56343460083008, -115.32569122314453
-11.242979049682617, -29.22271728515625, -20.768484115600586, 11.401275634765625, 54.49909210205078, 74.15873718261719, 30.628746032714844, -30.319482803344727
-9.352746963500977, -30.390830993652344, -33.25374984741211, -14.921127319335938, 28.174455642700195, 91.82781982421875, 127.8462142944336, 82.36222076416016
-8.679116249084473, -25.921064376831055, -40.311065673828125, -38.86809158325195, -14.735603332519531, 34.72590255737305, 74.48059844970703, 75.6362533569336
-6.657594203948975, -23.979095458984375, -44.88056564331055, -58.059356689453125, -47.71610641479492, -37.59627914428711, 6.290602684020996, 65.61495971679688
-5.146806240081787, -19.31151580810547, -36.86362075805664, -49.733734130859375, -73.38615417480469, -72.77936553955078, -61.00898361206055, -43.909950256347656
-3.432647943496704, -11.610939979553223, -25.73487091064453, -50.8765754699707, -53.16935729980469, -66.59249877929688, -81.44457244873047, -143.20472717285156
-1.8563346862792969, -5.230065822601318, -11.800864219665527, -19.01918601989746, -26.023197174072266, -33.285919189453125, -69.38987731933594, -52.82987594604492
2.287719319538084e-11, 1.4035488367080688, 4.5266594886779785, 7.618717193603516, 13.912040710449219, 15.737894058227539, 31.529264450073242, 46.02251052856445
1.7870337963104248, 8.891694068908691, 17.968305587768555, 33.39711380004883, 40.517845153808594, 80.52533721923828, 89.87773132324219, 93.34648132324219
3.4757602214813232, 14.921463966369629, 34.89198684692383, 49.35825729370117, 64.5001449584961, 93.82660675048828, 96.27521514892578, 107.33071899414062
5.013158798217773, 21.937108993530273, 37.54991149902344, 53.27587890625, 51.99753952026367, 61.39830780029297, 21.379100799560547, -34.638710021972656
6.574702262878418, 22.781700134277344, 47.349266052246094, 56.108585357666016, 35.486473083496094, -8.683990478515625, -68.75450897216797, -147.5792236328125
8.424982070922852, 26.689802169799805, 38.50519943237305, 24.410465240478516, -11.976959228515625, -51.27836227416992, -97.73990631103516, -55.5163459777832
9.860373497009277, 30.41252326965332, 29.622589111328125, -1.4408222436904907, -42.58005905151367, -99.19032287597656, -54.41804122924805, 10.263884544372559
11.409778594970703, 28.669504165649414, 15.845322608947754, -32.516571044921875, -80.44824981689453, -46.1862678527832, 13.171454429626465, 105.36038208007812
11.670781135559082, 24.810592651367188, 1.0308431386947632, -44.53018569946289, -64.50546264648438, -0.1314740777015686, 62.22378921508789, 120.73098754882812
13.195900917053223, 22.517362594604492, -15.29007339477539, -49.60783386230469, -33.74652862548828, 41.547542572021484, 76.39679718017578, 3.038362503051758
13.400775909423828, 14.335376739501953, -27.860830307006836, -54.63419723510742, 13.23357105255127, 78.8167724609375, 21.066251754760742, -130.50064086914062
13.589999198913574, 8.663700103759766, -35.571834564208984, -37.40031051635742, 50.61080551147461, 62.03702926635742, -52.254207611083984, -63.311397552490234
13.94786548614502, 2.048604726791382, -37.516639709472656, -5.7507853507995605, 65.61083984375, 11.846625328063965, -118.33746337890625, -14.536075592041016
14.404850959777832, -4.846330642700195, -36.47779083251953, 21.92755889892578, 70.8951644897461, -46.20332336425781, -59.52725601196289, 68.98357391357422
13.64733600616455, -11.99661922454834, -36.24797439575195, 44.13199996948242, 30.013628005981445, -87.42145538330078, 5.092720031738281, 120.85362243652344
13.167505264282227, -18.013004302978516, -23.3358097076416, 63.13139343261719, -16.11952018737793, -51.02321243286133, 81.64755249023438, 43.423248291015625
12.918548583984375, -22.70993995666504, -7.351468086242676, 49.25447082519531, -53.35964584350586, -25.86951446533203, 69.63382720947266, -64.88441467285156
11.781207084655762, -24.420167922973633, 10.197463035583496, 37.12550354003906, -70.58234405517578, 32.961692810058594, 47.543426513671875, -150.89707946777344
10.525398254394531, -30.201805114746094, 23.346525192260742, 14.985112190246582, -69.97952270507812, 56.880733489990234, -42.054359436035156, -50.02734375
9.888161659240723, -27.953046798706055, 34.84117889404297, -14.716485023498535, -28.821441650390625, 76.68621063232422, -99.52361297607422, 56.39614486694336
8.352986335754395, -25.284713745117188, 47.46357345581055, -39.38644790649414, 15.128828048706055, 25.94530487060547, -90.58087158203125, 155.98956298828125
6.850004196166992, -23.710813522338867, 46.89553451538086, -63.766357421875, 43.70381546020508, -27.316743850708008, -8.691614151000977, 36.13416290283203
5.287303447723389, -19.74285125732422, 40.99329376220703, -47.25343322753906, 82.1246109008789, -76.32559204101562, 52.3447380065918, -31.38759422302246
3.65136981010437, -12.093070983886719, 28.834592819213867, -38.02082443237305, 60.97764205932617, -72.22820281982422, 129.00999450683594, -128.23202514648438
1.7276537418365479, -6.14096212387085, 10.88749885559082, -22.605100631713867, 23.97948455810547, -39.92293167114258, 56.6245231628418, -70.32028198242188
-2.316136345215103e-11, 1.4343222379684448, -4.570385932922363, 7.0995402336120605, -16.88046646118164, 19.706584930419922, -21.644380569458008, 43.56673812866211
-1.7015658617019653, 7.571996688842773, -20.05211067199707, 35.097999572753906, -49.28718948364258, 54.289730072021484, -75.64961242675781, 103.85977935791016
-3.3677818775177, 14.868646621704102, -28.805419921875, 50.62333297729492, -77.83830261230469, 72.4339370727539, -72.66683197021484, 96.94236755371094
-5.401268482208252, 22.341293334960938, -34.6878776550293, 60.48282241821289, -65.54985809326172, 35.78152084350586, -23.217676162719727, -25.37717628479004
-7.027411937713623, 23.479625701904297, -37.08171463012695, 39.92485809326172, -36.1343879699707, -9.548274040222168, 60.35911178588867, -124.8924560546875
-8.399874687194824, 24.851821899414062, -38.86098861694336, 21.008039474487305, 16.8880558013916, -48.431400299072266, 104.33135986328125, -75.66534423828125
-9.700909614562988, 29.269981384277344, -31.95058822631836, -1.592589020729065, 53.668819427490234, -82.5435562133789, 72.66802978515625, 15.047911643981934
-10.398996353149414, 24.834199905395508, -15.777314186096191, -28.014249801635742, 75.64871215820312, -51.50986099243164, -15.426811218261719, 123.43573760986328
-11.44646167755127, 25.118759155273438, -1.164685845375061, -56.6522102355957, 65.78646087646484, -0.0926566794514656, -88.5187759399414, 63.38377380371094
-13.231488227844238, 19.263277053833008, 15.246609687805176, -51.06749725341797, 30.028959274291992, 49.266632080078125, -80.60446166992188, 2.3255279064178467
-13.3456449508667, 15.969182968139648, 30.448339462280273, -57.2927131652832, -16.007171630859375, 86.56014251708984, -28.56644630432129, -83.7997055053711
-13.773868560791016, 8.4542875289917, 38.95650100708008, -28.46598243713379, -57.7794189453125, 81.21382904052734, 49.0982666015625, -137.47340393066406
-14.637080192565918, 1.9772260189056396, 43.8521614074707, -5.515858173370361, -65.72164154052734, 8.46121883392334, 100.55210876464844, -23.19239044189453
-13.850436210632324, -5.119046688079834, 37.04042053222656, 25.957801818847656, -62.937477111816406, -63.721717834472656, 94.94574737548828, 113.57230377197266
-14.38320541381836, -11.249964714050293, 37.90839385986328, 45.97296142578125, -30.437349319458008, -94.7640609741211, -3.694009304046631, 128.5845947265625
-13.638861656188965, -16.289005279541016, 24.438457489013672, 65.59371185302734, 11.234305381774902, -53.38230895996094, -97.56634521484375, 35.598731994628906
-13.117108345031738, -21.555160522460938, 5.772886276245117, 59.69047546386719, 62.700435638427734, -16.410566329956055, -120.68260955810547, -104.09440612792969
-11.486948013305664, -24.730663299560547, -10.758538246154785, 34.6281852722168, 71.50405883789062, 38.71747589111328, -45.09752655029297, -117.03217315673828
-10.925202369689941, -27.359785079956055, -20.820037841796875, 14.82745361328125, 52.824275970458984, 79.79588317871094, 42.04360580444336, -61.99848556518555
-9.20467472076416, -27.5920352935791, -39.256858825683594, -16.322792053222656, 35.69119644165039, 65.19158935546875, 122.56752014160156, 52.01835632324219
-8.171370506286621, -24.6784610748291, -42.26615524291992, -39.961181640625, -14.40089225769043, 36.361053466796875, 61.91686248779297, 101.54899597167969
-6.5990891456604, -25.0911808013916, -37.4047966003418, -61.828670501708984, -45.188594818115234, -38.70963668823242, 9.53951358795166, 41.648624420166016
-5.384984016418457, -18.303014755249023, -38.08138656616211, -59.94313430786133, -58.293941497802734, -87.07048034667969, -82.59323120117188, -57.35763931274414
-3.4298324584960938, -12.972898483276367, -27.252614974975586, -48.296653747558594, -58.10512161254883, -60.481597900390625, -66.36992645263672, -105.70610046386719
-1.712652325630188, -5.755821704864502, -10.561226844787598, -18.726415634155273, -36.29609680175781, -30.37025260925293, -52.72434997558594, -59.77025604248047
2.3354117251184192e-11, 1.4918493032455444, 3.8362555503845215, 8.499336242675781, 17.073623657226562, 24.452505111694336, 35.86110305786133, 38.222076416015625
1.727422833442688, 8.207274436950684, 22.265625, 31.977325439453125, 51.7186393737793, 66.12860107421875, 62.141448974609375, 94.93495178222656
3.542801856994629, 15.60151481628418, 29.370168685913086, 44.088768005371094, 87.50981140136719, 61.340538024902344, 90.76067352294922, 84.2191162109375
5.428072452545166, 21.743011474609375, 38.32468795776367, 60.91001510620117, 56.25100326538086, 35.04920959472656, 16.70726203918457, -18.519100189208984
6.9376044273376465, 25.77648162841797, 40.88562774658203, 54.01974868774414, 34.913780212402344, -7.6209716796875, -64.1113052368164, -107.03199005126953
8.689722061157227, 27.774232864379883, 40.30936813354492, 29.37563705444336, -12.031618118286133, -83.13068389892578, -94.3155746459961, -64.5460433959961
10.065933227539062, 26.4858455657959, 27.90625, -1.381392002105713, -47.27821731567383, -61.63959884643555, -59.3355827331543, 7.229199409484863
10.864742279052734, 29.71323585510254, 14.155115127563477, -31.807762145996094, -81.22847747802734, -53.65324783325195, 15.278946876525879, 61.51089096069336
11.558836936950684, 26.609498977661133, 0.9940600395202637, -42.07436752319336, -46.602298736572266, -0.09096910804510117, 60.52024459838867, 122.02928924560547
12.450226783752441, 21.3885555267334, -14.609539031982422, -59.61076354980469, -32.75959014892578, 49.28340530395508, 91.7014389038086, 1.9046618938446045
12.948348999023438, 13.920990943908691, -28.437753677368164, -56.84056091308594, 12.937724113464355, 94.65452575683594, 41.36362838745117, -64.93428802490234
13.755491256713867, 8.665785789489746, -37.672874450683594, -29.510217666625977, 61.220157623291016, 63.434940338134766, -56.67560577392578, -72.36164855957031
14.460915565490723, 2.1105825901031494, -40.971092224121094, -4.829327583312988, 59.48881530761719, 10.382634162902832, -117.74034118652344, -18.054553985595703
14.195843696594238, -5.076262474060059, -43.400054931640625, 23.894670486450195, 66.41234588623047, -38.695255279541016, -90.26466369628906, 114.86526489257812
14.293293952941895, -11.95272159576416, -37.33837890625, 50.875038146972656, 22.125905990600586, -80.17436218261719, 5.740375518798828, 71.1732177734375
13.039484024047852, -17.945756912231445, -20.093692779541016, 47.60108184814453, -13.306636810302734, -81.5748062133789, 79.48180389404297, 24.042518615722656
12.633988380432129, -23.919157028198242, -6.648631572723389, 55.8171501159668, -54.4114990234375, -19.49582290649414, 80.7437744140625, -104.5232162475586
12.478318214416504, -25.509353637695312, 10.652750015258789, 32.318878173828125, -69.53363037109375, 30.512840270996094, 53.547271728515625, -92.97628784179688
11.271166801452637, -27.25200843811035, 21.125951766967773, 12.469632148742676, -48.824039459228516, 96.49922180175781, -39.8206901550293, -42.663875579833984
9.757898330688477, -25.365236282348633, 38.30213928222656, -17.218244552612305, -23.78469467163086, 79.71910095214844, -69.86893463134766, 87.28899383544922
8.541704177856445, -25.449068069458008, 37.29990768432617, -42.738216400146484, 14.886161804199219, 31.805932998657227, -104.66232299804688, 75.69593811035156
6.763935089111328, -25.044801712036133, 36.85741424560547, -47.92611312866211, 64.64605712890625, -29.96965980529785, -8.313623428344727, 40.36392593383789
5.098842144012451, -18.120899200439453, 31.64219856262207, -61.742733001708984, 86.97540283203125, -93.4993896484375, 81.32880401611328, -36.47099685668945
3.457888126373291, -11.683167457580566, 27.40108299255371, -35.18812561035156, 69.33303833007812, -69.38143157958984, 108.19745635986328, -78.6959457397461
1.7253916263580322, -6.113888740539551, 11.34187126159668, -19.30396842956543, 28.44304847717285, -31.395219802856445, 39.046329498291016, -73.7489013671875
-2.370785859295843e-11, 1.5088701248168945, -3.6011667251586914, 7.921717643737793, -12.526702880859375, 26.982662200927734, -30.298725128173828, 49.864200592041016
-1.831247091293335, 8.2976655960083, -21.63591957092285, 35.7357177734375, -60.7595329284668, 82.95099639892578, -63.322662353515625, 77.2407455444336
-3.4070022106170654, 14.188197135925293, -36.06196975708008, 58.73504638671875, -84.38539123535156, 91.17919921875, -116.30465698242188, 69.50627899169922
-5.273447513580322, 18.60443115234375, -36.767601013183594, 55.54559326171875, -48.39466857910156, 53.1406364440918, -17.365083694458008, -15.732011795043945
-7.138040542602539, 24.653606414794922, -48.354576110839844, 51.04185485839844, -34.89350128173828, -11.90303897857666, 63.384376525878906, -117.61369323730469
-7.897650718688965, 26.710779190063477, -43.462562561035156, 25.094499588012695, 15.179278373718262, -70.7164077758789, 106.31835174560547, -120.75162506103516
-9.590548515319824, 29.87959861755371, -32.209373474121094, -1.3890256881713867, 61.64037322998047, -81.98072814941406, 82.81222534179688, 14.150124549865723
-11.407336235046387, 27.684223175048828, -18.858680725097656, -33.732444763183594, 63.589942932128906, -73.75990295410156, -20.803668975830078, 119.79986572265625
-11.997946739196777, 27.188457489013672, -1.1798818111419678, -54.916221618652344, 71.3918228149414, -0.1170201450586319, -106.04374694824219, 112.79446411132812
-12.331722259521484, 19.5316162109375, 14.75671672821045, -53.8270149230957, 31.935426712036133, 67.21595001220703, -69.45875549316406, 2.784052610397339
-13.037062644958496, 14.995386123657227, 31.59283447265625, -43.289249420166016, -15.057162284851074, 101.7012939453125, -35.56648635864258, -79.8315658569336
-13.497737884521484, 9.718463897705078, 43.21266555786133, -26.006576538085938, -54.52054214477539, 63.05679702758789, 64.05487823486328, -101.85124969482422
-14.187676429748535, 2.1326847076416016, 47.96148681640625, -4.7579145431518555, -61.973323822021484, 10.305222511291504, 117.26517486572266, -22.91138458251953
-13.586034774780273, -5.3137383460998535, 34.8145866394043, 25.362018585205078, -53.6334342956543, -42.15797805786133, 84.45577239990234, 81.64408874511719
-13.876372337341309, -12.390493392944336, 34.62826919555664, 38.046653747558594, -35.90385437011719, -87.98880004882812, -3.3194527626037598, 67.80128479003906
-13.421920776367188, -17.55910873413086, 24.12769889831543, 65.06396484375, 11.535649299621582, -88.93550872802734, -59.05533981323242, 26.323816299438477
-12.506268501281738, -20.745803833007812, 6.5509772300720215, 45.1619987487793, 54.15534591674805, -21.85719108581543, -89.5301513671875, -80.12866973876953
-12.269049644470215, -25.096078872680664, -8.701855659484863, 41.407249450683594, 60.044952392578125, 46.56843566894531, -48.37103271484375, -83.61711120605469
-11.344390869140625, -25.530393600463867, -24.749622344970703, 12.07347583770752, 51.0947265625, 79.10413360595703, 35.228641510009766, -39.48222351074219
-9.655357360839844, -25.867454528808594, -39.595062255859375, -16.946821212768555, 33.9322624206543, 96.6488265991211, 105.90074920654297, 45.582183837890625
-8.403305053710938, -24.621793746948242, -47.666236877441406, -42.4095573425293, -17.249279022216797, 36.08423614501953, 107.1363525390625, 87.03054809570312
-6.89499044418335, -22.2452449798584, -46.65798568725586, -60.80341720581055, -57.114288330078125, -33.85385513305664, 9.255484580993652, 35.823448181152344
-5.3264007568359375, -18.696979522705078, -35.846343994140625, -56.56492614746094, -84.00840759277344, -66.94144439697266, -48.93503952026367, -66.0726089477539
-3.3519816398620605, -12.144777297973633, -24.994598388671875, -39.438133239746094, -65.2271957397461, -69.44532012939453, -117.7861099243164, -107.74357604980469
-1.6927727460861206, -6.219288349151611, -11.524773597717285, -22.42326545715332, -24.657258987426758, -45.68962478637695, -59.14368438720703, -90.18862915039062
2.2905278368456905e-11, 1.4955620765686035, 4.569868087768555, 7.23394250869751, 11.793149948120117, 15.513387680053711, 34.323604583740234, 47.775421142578125
1.741744875907898, 9.17294979095459, 19.332849502563477, 28.15779685974121, 57.22352981567383, 83.04740142822266, 93.30887603759766, 153.0869598388672
3.4711198806762695, 15.106334686279297, 28.172794342041016, 59.68584442138672, 87.65815734863281, 69.24556732177734, 69.04261016845703, 76.25817108154297
5.357949256896973, 21.333694458007812, 41.909725189208984, 58.86934280395508, 58.60435485839844, 36.82879638671875, 15.879159927368164, -16.43406867980957
6.85220193862915, 26.60320472717285, 41.653133392333984, 52.2721061706543, 34.01951217651367, -8.406111717224121, -52.447486877441406, -125.53761291503906
8.334564208984375, 25.297439575195312, 34.497703552246094, 31.007572174072266, -16.880159378051758, -50.45454788208008, -83.40728759765625, -64.21144104003906
9.373109817504883, 30.564104080200195, 29.860679626464844, -1.4068214893341064, -47.4572868347168, -104.80574798583984, -83.24098205566406, 13.820450782775879
11.044334411621094, 25.755765914916992, 18.7563533782959, -30.166412353515625, -57.05004119873047, -41.1910400390625, 22.67247772216797, 131.19578552246094
12.347195625305176, 25.798261642456055, 1.0993452072143555, -49.72211456298828, -69.58296966552734, -0.09185953438282013, 73.75875091552734, 135.5370330810547
13.372050285339355, 21.367698669433594, -15.80927562713623, -45.34772491455078, -26.37143898010254, 55.50942611694336, 124.88556671142578, 2.0563700199127197
13.06815242767334, 15.638232231140137, -24.623220443725586, -57.15229034423828, 12.019081115722656, 92.36817932128906, 22.13304901123047, -69.94910430908203
14.034734725952148, 8.297986030578613, -38.378387451171875, -28.375566482543945, 57.806827545166016, 79.28053283691406, -41.44069290161133, -75.84371185302734
14.77611255645752, 2.0199949741363525, -42.65046310424805, -5.276211261749268, 65.34840393066406, 7.610307693481445, -106.73480987548828, -19.933956146240234
13.923192024230957, -4.971491813659668, -46.502220153808594, 23.05640411376953, 62.605682373046875, -54.19230270385742, -54.48152542114258, 58.77973175048828
13.322275161743164, -11.746563911437988, -29.90711212158203, 47.126224517822266, 29.37981414794922, -77.00020599365234, 5.778594017028809, 72.28876495361328
13.00487232208252, -18.64897346496582, -21.490524291992188, 59.8166389465332, -11.712624549865723, -91.85774230957031, 75.23294830322266, 40.7645149230957
12.380720138549805, -20.90426254272461, -5.519433498382568, 59.5347900390625, -56.036014556884766, -21.625274658203125, 100.20643615722656, -89.56056213378906
11.429315567016602, -28.31511688232422, 9.094369888305664, 35.74354934692383, -64.13400268554688, 30.216346740722656, 44.044883728027344, -149.01907348632812
11.095718383789062, -27.093664169311523, 22.92304229736328, 14.55942440032959, -55.20786666870117, 82.19236755371094, -42.05118942260742, -34.9186897277832
9.282811164855957, -26.820402145385742, 38.66207504272461, -16.173160552978516, -35.457096099853516, 61.54780197143555, -111.88663482666016, 72.72990417480469
8.516556739807129, -25.441184997558594, 41.361454010009766, -32.67723083496094, 14.42027759552002, 28.90665054321289, -67.5577163696289, 91.32172393798828
6.576834678649902, -24.34983253479004, 41.97853088378906, -49.741058349609375, 64.13324737548828, -24.108692169189453, -7.096877574920654, 37.959068298339844
5.128416538238525, -18.714784622192383, 38.56315994262695, -60.100830078125, 83.55513000488281, -95.18086242675781, 48.36864471435547, -47.0020866394043
3.419731616973877, -11.589910507202148, 21.959457397460938, -47.727439880371094, 52.48240280151367, -81.42101287841797, 100.41263580322266, -74.82819366455078
1.7621018886566162, -5.125023365020752, 11.837482452392578, -21.17014503479004, 22.566265106201172, -36.22462463378906, 49.36183547973633, -81.30136108398438
-2.194454513937405e-11, 1.394811987876892, -3.9452147483825684, 8.768549919128418, -14.706086158752441, 21.942855834960938, -39.31856918334961, 49.52397155761719
-3.659114360809326, 13.410043716430664, -27.4258975982666, 49.86150360107422, -81.35369110107422, 67.92552185058594, -108.78526306152344, 100.41861724853516
-5.40120792388916, 18.527849197387695, -39.396141052246094, 61.48577880859375, -70.67347717285156, 55.769386291503906, -25.920894622802734, -19.256845474243164
-6.658775806427002, 24.119007110595703, -43.88908004760742, 50.65706253051758, -27.634578704833984, -13.560861587524414, 50.69123077392578, -137.9295654296875
-7.935254096984863, 29.288185119628906, -42.449501037597656, 22.16315460205078, 11.020163536071777, -73.79541778564453, 65.69354248046875, -121.40724182128906
-9.312895774841309, 28.92654800415039, -31.2554931640625, -1.1642124652862549, 42.66888427734375, -104.63912963867188, 76.01648712158203, 7.650746822357178
-11.047234535217285, 26.83672523498535, -18.195404052734375, -30.85559844970703, 75.69712829589844, -40.77089309692383, -11.665233612060547, 124.93291473388672
-11.858105659484863, 24.81670570373535, -1.0389174222946167, -56.9474983215332, 70.8169174194336, -0.11339520663022995, -102.48780822753906, 120.91146850585938
-13.424409866333008, 22.013439178466797, 12.611981391906738, -61.56565475463867, 32.08341598510742, 73.25567626953125, -116.59261322021484, 1.8978676795959473
-13.292488098144531, 15.371512413024902, 31.018138885498047, -51.74573516845703, -11.603260040283203, 92.77490997314453, -24.62643051147461, -74.72623443603516
-14.075757026672363, 8.389913558959961, 43.117366790771484, -26.706926345825195, -64.15094757080078, 60.0079231262207, 45.86934280395508, -117.98067474365234
-14.797141075134277, 1.9420795440673828, 42.55929946899414, -6.7698235511779785, -71.9023666381836, 11.32646369934082, 114.41556549072266, -22.42233657836914
-13.618266105651855, -5.158839702606201, 36.59389877319336, 19.990619659423828, -54.77301788330078, -57.547271728515625, 79.50704956054688, 113.59944152832031
-14.177397727966309, -10.703167915344238, 36.58937072753906, 41.43885803222656, -29.573938369750977, -70.66873168945312, -4.217687606811523, 72.02152252197266
-13.157779693603516, -19.22593116760254, 18.42449378967285, 58.11774826049805, 11.668741226196289, -86.39389038085938, -103.9766845703125, 39.33976364135742
-12.938752174377441, -20.934240341186523, 5.675548076629639, 43.99032974243164, 48.54407501220703, -22.625715255737305, -99.69693756103516, -101.01342010498047
-12.050678253173828, -26.013118743896484, -9.333815574645996, 34.22151184082031, 78.2186508178711, 33.086181640625, -31.534992218017578, -137.6324462890625
-10.778369903564453, -25.839275360107422, -25.920949935913086, 10.215849876403809, 60.01234817504883, 80.80815887451172, 35.46645736694336, -35.646297454833984
-10.129332542419434, -28.795124053955078, -36.37273025512695, -18.211950302124023, 26.532264709472656, 75.98899841308594, 111.45943450927734, 75.72474670410156
-8.371991157531738, -25.58268928527832, -39.13578414916992, -38.18419647216797, -13.061434745788574, 30.993175506591797, 103.8327407836914, 85.3873291015625
-6.9723920822143555, -22.86358642578125, -41.97537612915039, -50.81173324584961, -40.27394104003906, -30.48514175415039, 5.503458499908447, 63.02122116088867
-5.464357376098633, -18.616350173950195, -40.76318359375, -52.57331848144531, -74.6650619506836, -84.42447662353516, -77.29617309570312, -67.0604476928711
-3.346198558807373, -12.205686569213867, -24.45388412475586, -34.432594299316406, -65.76821899414062, -81.0773696899414, -92.31123352050781, -72.26747131347656
-1.7481424808502197, -5.5991692543029785, -12.476478576660156, -19.655345916748047, -30.097158432006836, -41.193641662597656, -51.8909797668457, -87.64599609375
2.1778244138626057e-11, 1.3298667669296265, 3.809440851211548, 9.45207691192627, 15.878908157348633, 18.332555770874023, 24.120994567871094, 51.815834045410156
1.7445698976516724, 8.97287654876709, 19.350313186645508, 38.6719856262207, 57.828521728515625, 90.37019348144531, 111.89595794677734, 90.26201629638672
3.6003780364990234, 13.595331192016602, 32.67082595825195, 60.76819610595703, 66.42584991455078, 60.20128631591797, 90.2840805053711, 109.98544311523438
4.98740291595459, 19.533042907714844, 45.52870559692383, 65.67801666259766, 50.39339828491211, 37.62824249267578, 23.407257080078125, -16.607114791870117
6.8076090812683105, 23.795984268188477, 48.153865814208984, 40.64860916137695, 23.26230812072754, -8.661911964416504, -74.90253448486328, -107.09805297851562
8.50246524810791, 28.864572525024414, 43.18449020385742, 27.5614013671875, -14.131776809692383, -72.03962707519531, -123.81820678710938, -101.56168365478516
9.537057876586914, 25.856260299682617, 31.80097007751465, -1.4306830167770386, -64.11141204833984, -107.37922668457031, -58.162750244140625, 14.704752922058105
10.89303207397461, 25.723648071289062, 17.306325912475586, -31.16876220703125, -74.8482437133789, -44.476539611816406, 22.391357421875, 60.94130325317383
12.265131950378418, 27.39684295654297, 1.0537147521972656, -53.80619430541992, -74.06474304199219, -0.14198359847068787, 91.92164611816406, 85.20093536376953
12.788331031799316, 21.288761138916016, -15.649492263793945, -57.8077392578125, -33.775733947753906, 70.38111877441406, 116.04297637939453, 2.1815154552459717
14.034992218017578, 15.899493217468262, -27.619823455810547, -45.48848342895508, 15.910564422607422, 84.69366455078125, 23.89810562133789, -84.25109100341797
13.595101356506348, 9.82434368133545, -37.116519927978516, -33.42742919921875, 42.42107391357422, 47.495792388916016, -37.40589904785156, -106.49075317382812
14.76955509185791, 1.977077841758728, -41.53861618041992, -6.766399383544922, 66.58060455322266, 11.969802856445312, -74.24827575683594, -11.713254928588867
14.429696083068848, -5.092715263366699, -38.61349105834961, 26.34400749206543, 64.83720397949219, -36.41098403930664, -85.71281433105469, 97.45834350585938
13.712545394897461, -12.242071151733398, -29.473114013671875, 40.11540222167969, 29.7202205657959, -107.16549682617188, 3.7703874111175537, 98.4837646484375
13.555137634277344, -16.345739364624023, -21.754920959472656, 49.96257400512695, -14.782471656799316, -52.15244674682617, 66.81189727783203, 27.569875717163086
12.873398780822754, -22.975139617919922, -5.90718936920166, 56.79281997680664, -49.680084228515625, -18.498409271240234, 93.40679931640625, -55.12278366088867
12.125337600708008, -25.569873809814453, 8.429886817932129, 37.710689544677734, -82.89521026611328, 33.795860290527344, 55.885215759277344, -145.38917541503906
10.947183609008789, -27.183229446411133, 26.605213165283203, 14.086189270019531, -52.74729537963867, 79.14578247070312, -40.05491638183594, -29.07160758972168
9.695212364196777, -26.449708938598633, 29.948896408081055, -15.293107032775879, -28.57750701904297, 83.95123291015625, -74.22991943359375, 48.64999008178711
8.286152839660645, -28.859832763671875, 41.448734283447266, -34.126251220703125, 15.01750373840332, 31.040298461914062, -100.44573211669922, 117.42359924316406
6.854690074920654, -23.439014434814453, 37.6390380859375, -53.12021255493164, 43.55535888671875, -23.874858856201172, -7.222708225250244, 42.07891845703125
5.008813381195068, -20.135868072509766, 35.22753143310547, -49.4304313659668, 71.28323364257812, -93.50223541259766, 52.04710388183594, -41.16048049926758
3.6519458293914795, -12.486222267150879, 28.305387496948242, -38.98263931274414, 72.25861358642578, -70.36148071289062, 110.85850524902344, -141.1735382080078
1.7854785919189453, -6.171658039093018, 11.986130714416504, -16.840967178344727, 22.9215030670166, -45.43061828613281, 52.4661750793457, -50.46866989135742
-2.2364332608049153e-11, 1.3504552841186523, -3.9973251819610596, 9.685504913330078, -14.097392082214355, 16.079816818237305, -33.114707946777344, 38.49090576171875
-1.8278876543045044, 9.121058464050293, -20.179784774780273, 30.823741912841797, -58.70077133178711, 76.32231140136719, -91.28357696533203, 79.40043640136719
-3.6757774353027344, 14.723623275756836, -30.71238136291504, 48.29012680053711, -64.1059799194336, 62.759700775146484, -112.14569091796875, 53.437408447265625
-5.171924591064453, 21.6221866607666, -34.079933166503906, 52.6679801940918, -46.849910736083984, 56.34526062011719, -23.191221237182617, -30.648347854614258
-6.640817165374756, 23.95513343811035, -48.3278923034668, 40.40298080444336, -23.354644775390625, -9.765995979309082, 74.70821380615234, -105.71036529541016
-8.018101692199707, 24.906349182128906, -41.681392669677734, 23.093616485595703, 12.450488090515137, -75.82599639892578, 68.34381103515625, -79.84445190429688
-9.673460006713867, 29.459800720214844, -29.063302993774414, -1.2820287942886353, 48.87273025512695, -109.12104034423828, 46.669185638427734, 14.816104888916016
-10.750734329223633, 25.004867553710938, -16.32577133178711, -32.40283203125, 62.24466323852539, -61.89186477661133, -18.469005584716797, 65.9262924194336
-12.046449661254883, 23.39287757873535, -1.2241439819335938, -39.66242980957031, 56.4171142578125, -0.0982765480875969, -61.86260986328125, 95.54410552978516
-13.215723991394043, 22.52157974243164, 16.555721282958984, -60.80677032470703, 35.095703125, 56.79872131347656, -68.84529113769531, 3.5500478744506836
-13.523600578308105, 15.076577186584473, 25.25237464904785, -58.28759002685547, -16.939544677734375, 107.07160949707031, -42.82439422607422, -64.93910217285156
-13.641705513000488, 8.85333251953125, 42.342803955078125, -26.382946014404297, -56.650962829589844, 61.458038330078125, 62.080074310302734, -113.97679138183594
-14.40365219116211, 2.253633499145508, 47.702354431152344, -6.38454532623291, -54.61578369140625, 7.868412494659424, 124.4900131225586, -15.539887428283691
-13.650620460510254, -4.559950828552246, 43.44819641113281, 22.00799560546875, -50.791690826416016, -58.36665725708008, 47.85875701904297, 54.48529815673828
-13.328780174255371, -11.461835861206055, 37.599891662597656, 51.48091506958008, -25.26607894897461, -85.49783325195312, -3.4680113792419434, 112.21253204345703
-13.385018348693848, -17.684057235717773, 19.32417869567871, 58.152679443359375, 12.96750259399414, -69.72315216064453, -98.39846801757812, 42.17090606689453
-12.223320960998535, -22.288555145263672, 6.123699188232422, 46.26192092895508, 44.065608978271484, -19.92770767211914, -112.14666748046875, -64.1790542602539
-11.642319679260254, -27.22889518737793, -9.033834457397461, 41.29165267944336, 76.81724548339844, 30.821306228637695, -44.76145935058594, -95.974609375
-11.37578296661377, -30.289731979370117, -24.640600204467773, 12.249631881713867, 51.02789306640625, 102.236572265625, 43.37424087524414, -46.785953521728516
-9.239319801330566, -26.81340789794922, -36.08890151977539, -13.89023208618164, 28.47124481201172, 64.61317443847656, 70.1552505493164, 54.71937561035156
-8.423979759216309, -28.79108428955078, -35.243648529052734, -44.496829986572266, -12.454486846923828, 27.377666473388672, 64.52274322509766, 123.3093032836914
-6.739706993103027, -21.50945281982422, -40.74406814575195, -63.25345230102539, -49.92792892456055, -33.14203643798828, 7.512532711029053, 54.75143814086914
-4.9963178634643555, -16.997278213500977, -32.19141387939453, -57.80061721801758, -64.92305755615234, -61.27897262573242, -67.5721664428711, -51.60666275024414
-3.6737143993377686, -11.307661056518555, -24.4060115814209, -41.81919860839844, -66.9502944946289, -77.10446166992188, -93.69679260253906, -134.28250122070312
-1.7848576307296753, -5.582016944885254, -12.207694053649902, -23.362506866455078, -35.25062561035156, -31.578338623046875, -59.19696807861328, -83.55524444580078
2.1901416444314314e-11, 1.50253164768219, 4.433263778686523, 7.104494094848633, 11.722633361816406, 22.52002716064453, 30.059816360473633, 30.356351852416992
1.6927392482757568, 8.691903114318848, 21.08814811706543, 32.849708557128906, 49.55982971191406, 75.13959503173828, 105.04359436035156, 103.25031280517578
3.495518207550049, 15.168017387390137, 31.413249969482422, 45.185302734375, 79.49158477783203, 96.62883758544922, 78.54750061035156, 108.37004089355469
5.432032108306885, 20.405302047729492, 44.7135124206543, 54.360595703125, 74.26658630371094, 45.64211654663086, 24.0513858795166, -34.73135757446289
6.479991912841797, 22.59174919128418, 40.914222717285156, 49.03447341918945, 36.5172119140625, -9.736067771911621, -71.01336669921875, -133.47921752929688
8.335068702697754, 25.082408905029297, 42.52632141113281, 24.660511016845703, -11.973549842834473, -48.632938385009766, -108.86555480957031, -104.14446258544922
9.91904354095459, 28.067947387695312, 26.341218948364258, -1.2608892917633057, -42.107086181640625, -102.04590606689453, -77.09280395507812, 14.475029945373535
10.570511817932129, 25.641498565673828, 17.567195892333984, -32.393943786621094, -59.647823333740234, -53.02135467529297, 16.956825256347656, 69.40679168701172
12.178377151489258, 24.589580535888672, 0.9256055951118469, -47.49406814575195, -60.76295852661133, -0.14567339420318604, 89.55614471435547, 135.6342315673828
13.175677299499512, 19.895843505859375, -13.024850845336914, -52.50254821777344, -29.564252853393555, 72.3101577758789, 89.74400329589844, 3.41402006149292
13.178852081298828, 15.80921745300293, -24.771467208862305, -52.96879196166992, 10.614866256713867, 89.96742248535156, 36.255409240722656, -126.21419525146484
14.034403800964355, 9.952652931213379, -36.147682189941406, -34.81891632080078, 47.26866149902344, 66.91282653808594, -51.02116012573242, -126.30948638916016
14.487796783447266, 2.080116033554077, -40.4542236328125, -6.606959342956543, 65.80011749267578, 12.072632789611816, -100.58609008789062, -16.451923370361328
13.704976081848145, -5.278694152832031, -36.39810562133789, 23.792741775512695, 63.20364761352539, -60.318687438964844, -70.49809265136719, 71.71119689941406
14.256365776062012, -10.768589973449707, -35.36957550048828, 49.0638427734375, 24.215232849121094, -92.82400512695312, 5.487685680389404, 111.97029876708984
13.927627563476562, -16.496999740600586, -20.20283317565918, 52.088714599609375, -11.829051971435547, -88.0938949584961, 99.16943359375, 38.57691955566406
12.328369140625, -20.5103816986084, -5.7547607421875, 55.81818389892578, -53.1852912902832, -23.45267677307129, 63.66813278198242, -91.6158676147461
11.792435646057129, -26.385286331176758, 10.466379165649414, 40.423274993896484, -76.61690521240234, 44.85342025756836, 53.25953674316406, -153.06402587890625
11.176563262939453, -27.917755126953125, 21.222272872924805, 13.173802375793457, -75.72955322265625, 97.24332427978516, -46.10043716430664, -55.95548629760742
9.867053985595703, -27.513153076171875, 35.75311279296875, -16.609725952148438, -27.124919891357422, 54.032840728759766, -89.65979766845703, 63.35734558105469
8.099681854248047, -25.044933319091797, 43.56943130493164, -38.287193298339844, 17.21460723876953, 24.486251831054688, -66.3399887084961, 127.83116149902344
6.4785075187683105, -24.96290397644043, 43.91395950317383, -60.08024597167969, 62.3310546875, -35.10491180419922, -7.753112316131592, 46.346439361572266
5.4502854347229, -16.73455238342285, 31.632200241088867, -47.02218246459961, 53.382442474365234, -83.17111206054688, 95.0899429321289, -50.263336181640625
3.5183770656585693, -11.697410583496094, 27.200180053710938, -42.08208084106445, 54.812164306640625, -69.15619659423828, 74.28130340576172, -68.42349243164062
1.7992075681686401, -6.119813442230225, 12.472042083740234, -19.695907592773438, 27.869768142700195, -37.985801696777344, 63.84084701538086, -69.39881896972656
-2.3810361668430424e-11, 1.497510313987732, -4.8329949378967285, 8.727234840393066, -16.95096206665039, 25.144672393798828, -31.5579891204834, 31.934829711914062
-1.8143446445465088, 8.71520709991455, -21.087051391601562, 34.955116271972656, -44.328407287597656, 67.38876342773438, -92.88179016113281, 138.09889221191406
-3.4816105365753174, 15.49439811706543, -29.25542640686035, 48.09710693359375, -77.70794677734375, 105.60818481445312, -109.4840087890625, 67.85160827636719
-4.983349323272705, 19.715497970581055, -39.776763916015625, 46.36640930175781, -49.61381149291992, 43.47005081176758, -20.168346405029297, -18.304414749145508
-7.010933876037598, 26.6346492767334, -43.3658332824707, 46.45315170288086, -29.88410186767578, -10.660430908203125, 67.16246795654297, -82.22681427001953
-8.121155738830566, 28.0846004486084, -41.210453033447266, 21.011432647705078, 13.003583908081055, -55.114768981933594, 68.92990112304688, -53.880550384521484
-10.020308494567871, 30.668649673461914, -31.364625930786133, -1.2672473192214966, 58.485504150390625, -93.97667694091797, 71.48355865478516, 15.080551147460938
-10.61711597442627, 25.829952239990234, -18.325698852539062, -31.532175064086914, 74.62930297851562, -67.49678802490234, -19.76472282409668, 127.76985168457031
-11.431711196899414, 23.7905330657959, -1.1383103132247925, -48.213382720947266, 54.01838684082031, -0.13781511783599854, -60.13998794555664, 90.89958190917969
-12.46065616607666, 21.211868286132812, 13.799094200134277, -45.849769592285156, 25.289024353027344, 64.23141479492188, -103.17093658447266, 3.731203556060791
-13.668936729431152, 15.852875709533691, 29.55826759338379, -41.74106216430664, -12.149775505065918, 78.7040023803711, -35.18715286254883, -92.55292510986328
-13.853693962097168, 9.608120918273926, 35.01767349243164, -30.826847076416016, -63.477027893066406, 57.07765197753906, 51.9169807434082, -105.122314453125
-14.40932559967041, 2.009796142578125, 47.898868560791016, -4.954061031341553, -59.45360565185547, 10.43137264251709, 97.45214080810547, -23.339956283569336
-13.707724571228027, -5.363976955413818, 35.64677810668945, 20.47087287902832, -50.73420333862305, -50.74773406982422, 85.69784545898438, 101.86491394042969
-13.883581161499023, -11.371554374694824, 37.12771987915039, 38.679866790771484, -33.20127487182617, -105.22869110107422, -4.833761692047119, 102.12194061279297
-13.260550498962402, -18.079381942749023, 22.92775535583496, 57.26029586791992, 11.609813690185547, -92.01715850830078, -52.864227294921875, 33.067264556884766
-12.6657133102417, -24.04707145690918, 5.964107990264893, 62.233848571777344, 63.22028732299805, -27.146791458129883, -109.96794128417969, -73.90095520019531
-12.14554214477539, -23.93539810180664, -9.831104278564453, 32.91091537475586, 82.63143157958984, 36.21879959106445, -52.87960433959961, -152.30906677246094
-11.13289737701416, -30.711965560913086, -25.094858169555664, 10.639181137084961, 75.45162200927734, 72.50174713134766, 53.848209381103516, -44.6920051574707
-10.090386390686035, -27.88847541809082, -33.83456039428711, -18.22040367126465, 33.7250862121582, 67.95731353759766, 76.425537109375, 49.654815673828125
-8.113119125366211, -28.557785034179688, -40.29715347290039, -44.51568603515625, -15.368854522705078, 39.398719787597656, 58.74424362182617, 111.84909057617188
-6.585066795349121, -23.139448165893555, -39.926570892333984, -53.559425354003906, -46.61575698852539, -36.04993438720703, 8.315258979797363, 51.02464294433594
-5.103005886077881, -16.82776641845703, -40.178218841552734, -63.07642364501953, -71.43830871582031, -90.37858581542969, -72.39155578613281, -35.52294158935547
-3.557427167892456, -11.265824317932129, -29.304780960083008, -34.452659606933594, -51.35765838623047, -104.54399108886719, -76.84695434570312, -112.03018188476562
-1.7398682832717896, -5.947695255279541, -12.097357749938965, -21.825637817382812, -29.26348876953125, -32.36833953857422, -61.76176071166992, -61.85715866088867
2.370212359714685e-11, 1.5322188138961792, 4.622253894805908, 10.031512260437012, 13.219606399536133, 23.761911392211914, 29.506425857543945, 29.879058837890625
1.8579258918762207, 8.134211540222168, 17.816246032714844, 30.414159774780273, 39.08411407470703, 64.36409759521484, 86.66336059570312, 135.69589233398438
3.5154383182525635, 16.02079200744629, 30.522085189819336, 42.88814163208008, 78.9041748046875, 70.2809829711914, 99.70006561279297, 86.10924530029297
5.012923240661621, 21.884153366088867, 40.74348831176758, 48.398414611816406, 49.235172271728516, 62.55183029174805, 16.387470245361328, -23.09624671936035
6.637822151184082, 26.735000610351562, 39.939083099365234, 50.180633544921875, 34.524784088134766, -7.442469596862793, -54.98191452026367, -148.82699584960938
8.380995750427246, 27.78628921508789, 34.40089797973633, 21.615848541259766, -16.039934158325195, -57.62446212768555, -66.64745330810547, -91.2921142578125
9.634176254272461, 27.026996612548828, 29.465709686279297, -1.6120336055755615, -43.104251861572266, -88.40019226074219, -78.73444366455078, 9.062723159790039
10.50692081451416, 28.03658103942871, 18.35984992980957, -31.354022979736328, -72.08597564697266, -65.0739974975586, 16.685678482055664, 87.11213684082031
11.362295150756836, 26.17823028564453, 1.182790994644165, -53.356571197509766, -68.71302032470703, -0.09280785173177719, 77.26011657714844, 133.53468322753906
13.357705116271973, 20.47936248779297, -15.004791259765625, -47.26165771484375, -30.534690856933594, 60.7701301574707, 66.89022827148438, 3.6582751274108887
13.379162788391113, 16.853717803955078, -26.355470657348633, -44.07389831542969, 11.69478988647461, 94.1030044555664, 26.62031364440918, -118.23052978515625
13.326299667358398, 9.469804763793945, -41.435707092285156, -31.982362747192383, 46.9705810546875, 59.10148239135742, -34.21588897705078, -119.52565002441406
13.447643280029297, 2.3157970905303955, -42.40486526489258, -4.838996410369873, 70.43740844726562, 9.201026916503906, -81.89694213867188, -23.989198684692383
14.751594543457031, -4.528811454772949, -46.167423248291016, 17.784584045410156, 64.32855224609375, -37.213375091552734, -49.328819274902344, 54.09468460083008
13.919169425964355, -12.361153602600098, -30.28624153137207, 43.759422302246094, 22.80295753479004, -74.86293029785156, 4.471478462219238, 111.99170684814453
12.802447319030762, -16.927125930786133, -18.896692276000977, 60.32893371582031, -14.761832237243652, -73.78844451904297, 82.07460021972656, 22.465906143188477
12.393165588378906, -21.517242431640625, -6.336862087249756, 53.8057975769043, -54.54975128173828, -16.457632064819336, 73.83261108398438, -100.1215591430664
12.517000198364258, -24.113826751708984, 8.344525337219238, 38.53757858276367, -69.99169921875, 34.83334732055664, 32.994991302490234, -69.07843017578125
10.653669357299805, -27.046772003173828, 25.786420822143555, 13.0693359375, -65.06719970703125, 65.8402099609375, -36.69662094116211, -54.07537078857422
9.403120040893555, -27.302370071411133, 33.975830078125, -14.10641098022461, -23.6434326171875, 78.5660171508789, -118.60469055175781, 52.23030471801758
8.261460304260254, -28.578392028808594, 44.47487258911133, -43.204227447509766, 13.899178504943848, 28.958894729614258, -107.48855590820312, 108.331298828125
6.875395774841309, -20.929380416870117, 46.17897415161133, -45.835357666015625, 49.15355682373047, -36.92394256591797, -10.221681594848633, 56.58046340942383
4.98908805847168, -17.175918579101562, 35.62496566772461, -46.81705856323242, 53.64565658569336, -94.47413635253906, 55.61992645263672, -63.717613220214844
3.4783248901367188, -13.538128852844238, 22.260114669799805, -42.957801818847656, 46.917320251464844, -85.01964569091797, 108.26271057128906, -126.70758056640625
1.6987531185150146, -5.2827863693237305, 10.173526763916016, -18.50538444519043, 28.48785972595215, -36.870243072509766, 48.78334045410156, -82.77921295166016
-2.361719500520998e-11, 1.3011703491210938, -4.377615451812744, 7.115602016448975, -12.632439613342285, 26.42042350769043, -37.68828201293945, 38.59886169433594
-1.8016802072525024, 8.991708755493164, -21.4357852935791, 35.54351043701172, -49.44071578979492, 78.49122619628906, -87.64495086669922, 114.40864562988281
-3.512774705886841, 15.69671630859375, -27.79262924194336, 53.7702751159668, -65.4759521484375, 59.093833923339844, -71.24164581298828, 70.6339340209961
-5.132894039154053, 20.043092727661133, -42.33789825439453, 48.85391616821289, -60.139381408691406, 60.85948944091797, -20.177064895629883, -15.747468948364258
-6.6189188957214355, 22.696929931640625, -41.2342414855957, 51.71918869018555, -34.99933624267578, -10.468449592590332, 69.23934936523438, -109.20219421386719
-8.059088706970215, 27.75429344177246, -36.917030334472656, 23.662458419799805, 12.674732208251953, -62.007469177246094, 78.28174591064453, -66.27108001708984
-9.862693786621094, 26.455476760864258, -25.507823944091797, -1.4392080307006836, 48.24205017089844, -101.13304901123047, 43.40571975708008, 11.504969596862793
-11.050492286682129, 25.088674545288086, -18.639406204223633, -27.60525131225586, 81.12438201904297, -42.80815124511719, -22.240068435668945, 106.75902557373047
-11.613694190979004, 25.633480072021484, -1.2121317386627197, -45.416465759277344, 49.042518615722656, -0.11985427886247635, -99.71292114257812, 135.64547729492188
-13.228388786315918, 19.181665420532227, 12.928984642028809, -47.70809555053711, 34.745208740234375, 63.184226989746094, -61.576873779296875, 3.269249439239502
-13.530426979064941, 14.561594009399414, 28.805709838867188, -48.62762451171875, -12.349048614501953, 92.20490264892578, -23.755922317504883, -120.23114776611328
-14.284789085388184, 9.161226272583008, 39.02614212036133, -35.83203887939453, -62.856956481933594, 58.91748046875, 35.129356384277344, -126.57562255859375
-14.516518592834473, 2.2297933101654053, 37.854026794433594, -6.323426246643066, -71.34452056884766, 7.930098056793213, 64.12740325927734, -24.059368133544922
-13.644268035888672, -4.570157527923584, 45.50576400756836, 22.14320945739746, -51.46991729736328, -48.607295989990234, 48.80009460449219, 55.47043228149414
-13.872809410095215, -10.899965286254883, 32.209716796875, 43.51741027832031, -25.80899429321289, -105.86050415039062, -5.7339277267456055, 105.18273162841797
-14.054360389709473, -18.690528869628906, 22.040836334228516, 56.86766815185547, 12.787206649780273, -66.33065032958984, -101.84166717529297, 41.47556686401367
-13.339621543884277, -22.153364181518555, 7.3445353507995605, 53.93705368041992, 63.019874572753906, -24.418380737304688, -100.7219009399414, -57.62989044189453
-12.533241271972656, -25.39023780822754, -10.291744232177734, 36.58258056640625, 57.64096450805664, 34.1529426574707, -38.44649887084961, -110.5484390258789
-11.184536933898926, -29.707319259643555, -24.125465393066406, 13.27288818359375, 51.33199691772461, 69.79656982421875, 46.374053955078125, -54.15634536743164
-10.080941200256348, -29.641679763793945, -34.142452239990234, -15.114035606384277, 32.81026077270508, 69.08539581298828, 115.82976531982422, 76.91995239257812
-8.269827842712402, -25.06644058227539, -42.71318054199219, -40.20317459106445, -15.09079647064209, 31.633760452270508, 99.97234344482422, 68.73580932617188
-7.009053707122803, -25.229751586914062, -45.850399017333984, -51.35757827758789, -60.31216049194336, -39.22894287109375, 9.334074974060059, 63.61366271972656
-5.1638946533203125, -18.419414520263672, -33.620845794677734, -65.01167297363281, -70.60203552246094, -79.84064483642578, -79.21821594238281, -42.24773025512695
-3.5205020904541016, -12.95007610321045, -23.666919708251953, -36.57057189941406, -48.50294876098633, -81.7560043334961, -131.95932006835938, -121.9402084350586
-1.7004863023757935, -6.1774749755859375, -11.85667896270752, -22.93267822265625, -24.20531463623047, -46.65263366699219, -50.20774841308594, -81.51875305175781
2.3714828711884905e-11, 1.3650827407836914, 3.617138147354126, 9.350465774536133, 16.391098022460938, 20.036762237548828, 38.84523010253906, 28.1623592376709
1.7262192964553833, 9.045723915100098, 18.625871658325195, 40.30123519897461, 53.00131607055664, 70.40478515625, 92.58318328857422, 76.5898208618164
3.5211026668548584, 13.394146919250488, 35.696083068847656, 45.9654426574707, 60.3548698425293, 91.25126647949219, 101.77197265625, 73.3310775756836
5.107606887817383, 20.424184799194336, 38.42629623413086, 51.007781982421875, 75.6175765991211, 41.529598236083984, 24.90802764892578, -32.33341979980469
6.676122188568115, 22.824729919433594, 40.51645278930664, 51.89408493041992, 34.01810836791992, -9.824305534362793, -59.011905670166016, -100.34068298339844
8.070033073425293, 28.066539764404297, 34.927730560302734, 24.198436737060547, -12.569608688354492, -58.779518127441406, -121.19495391845703, -107.35060119628906
9.851079940795898, 29.994468688964844, 33.60445785522461, -1.4484362602233887, -46.77915573120117, -92.65464782714844, -72.80894470214844, 6.98953914642334
10.687363624572754, 27.456295013427734, 16.563777923583984, -30.41258430480957, -76.2947006225586, -51.90078353881836, 19.982547760009766, 138.26414489746094
12.071391105651855, 23.294660568237305, 1.1434754133224487, -50.80879592895508, -71.81542205810547, -0.13130944967269897, 93.36019134521484, 81.35847473144531
12.590168952941895, 20.9647159576416, -13.55008316040039, -62.76005935668945, -23.306718826293945, 47.98149108886719, 66.31556701660156, 2.6841485500335693
13.012033462524414, 16.39945411682129, -24.449926376342773, -58.70201110839844, 12.887923240661621, 102.67672729492188, 23.769685745239258, -98.92274475097656
14.355562210083008, 9.794839859008789, -38.95536804199219, -28.030813217163086, 48.618873596191406, 74.95911407470703, -48.423683166503906, -91.71491241455078
13.58029842376709, 2.298130989074707, -36.82035446166992, -6.1308913230896, 84.1187973022461, 12.549788475036621, -131.9612274169922, -11.19148063659668
13.814531326293945, -5.091022968292236, -41.863525390625, 23.515304565429688, 53.10972213745117, -59.012001037597656, -91.93698120117188, 55.910972595214844
13.940044403076172, -12.096665382385254, -31.720033645629883, 41.62061309814453, 25.068479537963867, -91.45115661621094, 5.0500969886779785, 108.84339904785156
13.917691230773926, -19.43362808227539, -19.28267478942871, 47.352027893066406, -11.480247497558594, -68.8405532836914, 82.40895080566406, 32.55457305908203
12.378230094909668, -23.34760093688965, -5.701087474822998, 58.55329513549805, -57.87763595581055, -18.688100814819336, 97.28853607177734, -75.2933120727539
11.880608558654785, -27.814401626586914, 8.90573501586914, 43.8193359375, -84.21116638183594, 39.16891098022461, 51.56544876098633, -141.8700408935547
11.038678169250488, -29.377214431762695, 24.56532096862793, 10.99301815032959, -53.51475143432617, 86.50464630126953, -28.50489044189453, -46.907508850097656
9.556200981140137, -26.925710678100586, 39.94133377075195, -13.334267616271973, -34.745277404785156, 79.84264373779297, -72.45520782470703, 56.96232986450195
8.39291763305664, -25.55499839782715, 37.20478057861328, -44.93901824951172, 16.71704864501953, 27.998493194580078, -74.33902740478516, 118.02758026123047
7.106450080871582, -24.117238998413086, 43.12384033203125, -47.01793670654297, 48.64442825317383, -24.83257293701172, -5.22753381729126, 73.25898742675781
5.185932636260986, -19.066287994384766, 32.636043548583984, -54.440040588378906, 61.796051025390625, -78.6576156616211, 84.59992218017578, -47.52391052246094
3.672041177749634, -11.992685317993164, 27.73701286315918, -38.015716552734375, 46.5693359375, -63.639766693115234, 124.1639404296875, -84.98848724365234
1.8206802606582642, -5.216639995574951, 11.138311386108398, -21.0484561920166, 34.03498077392578, -38.091609954833984, 70.59947204589844, -64.53144836425781
-2.2979203609385657e-11, 1.2889184951782227, -3.7819159030914307, 9.190914154052734, -12.45443058013916, 19.19099235534668, -27.960975646972656, 50.5444221496582
-1.8493236303329468, 8.402578353881836, -21.7864933013916, 31.549097061157227, -48.0, 73.95687866210938, -64.58290100097656, 118.3160629272461
-3.4978699684143066, 14.019510269165039, -33.05720138549805, 60.94417190551758, -63.355587005615234, 101.8698959350586, -107.07251739501953, 53.34180450439453
-5.250112056732178, 21.598264694213867, -45.01606369018555, 47.611698150634766, -67.26476287841797, 54.905948638916016, -22.914127349853516, -31.80544662475586
-6.643459320068359, 24.10262680053711, -47.0134162902832, 52.388702392578125, -30.4353084564209, -9.485363006591797, 50.68017578125, -80.55630493164062
-7.91978120803833, 25.18512725830078, -33.70912170410156, 26.83082389831543, 15.542842864990234, -61.255760192871094, 124.15636444091797, -60.87889099121094
-9.95241928100586, 28.805395126342773, -30.73574447631836, -1.3156611919403076, 44.27735900878906, -81.30325317382812, 58.63809585571289, 9.701207160949707
-10.485373497009277, 29.325305938720703, -14.879460334777832, -25.367671966552734, 70.1707534790039, -57.7027587890625, -13.807378768920898, 92.3956298828125
-12.228398323059082, 22.58503532409668, -1.2007628679275513, -49.32600402832031, 68.07244873046875, -0.09937788546085358, -59.54902648925781, 66.78216552734375
-12.894082069396973, 19.121551513671875, 14.396217346191406, -54.43863296508789, 32.958988189697266, 74.86813354492188, -82.45752716064453, 3.277895927429199
-14.001773834228516, 16.219703674316406, 25.45555877685547, -43.788856506347656, -13.981200218200684, 94.45247650146484, -29.338668823242188, -95.4749755859375
-13.584946632385254, 8.176416397094727, 42.81636428833008, -35.42367935180664, -58.18819808959961, 68.48542022705078, 50.0387077331543, -107.85802459716797
-13.568099975585938, 2.0229544639587402, 47.10190963745117, -6.10244083404541, -81.8458251953125, 8.91706371307373, 114.56222534179688, -19.243314743041992
-14.678581237792969, -5.318821907043457, 34.78437805175781, 26.2525577545166, -71.14414978027344, -43.639862060546875, 94.70500183105469, 63.32002258300781
-13.57091236114502, -11.911003112792969, 37.83766555786133, 38.105621337890625, -24.156330108642578, -93.09754180908203, -4.8145294189453125, 71.86900329589844
-13.00502872467041, -19.168514251708984, 21.13188362121582, 64.72445678710938, 12.36135196685791, -65.39363098144531, -75.78799438476562, 40.961708068847656
-13.2718505859375, -22.136144638061523, 7.112850189208984, 62.6747932434082, 44.59168243408203, -26.868518829345703, -123.89151000976562, -70.53172302246094
-12.454721450805664, -26.4683895111084, -8.423294067382812, 31.976646423339844, 77.001708984375, 43.07470703125, -50.675411224365234, -92.9212646484375
-11.438158988952637, -30.5589599609375, -26.578449249267578, 14.822113990783691, 62.31166458129883, 71.97213745117188, 53.00684356689453, -53.81467819213867
-10.034420013427734, -26.51662254333496, -38.41969680786133, -18.154884338378906, 25.011850357055664, 58.613006591796875, 65.6010513305664, 57.877296447753906
-8.507140159606934, -26.43523597717285, -38.711639404296875, -37.899349212646484, -15.843157768249512, 32.409828186035156, 88.0134506225586, 87.61002349853516
-6.599308490753174, -22.872699737548828, -42.976593017578125, -55.7154655456543, -44.28334045410156, -22.644668579101562, 8.949460983276367, 56.378700256347656
-5.453997611999512, -19.187776565551758, -37.209537506103516, -61.49559783935547, -57.26945495605469, -56.45604705810547, -61.901424407958984, -37.1756706237793
-3.4223761558532715, -13.530162811279297, -26.16831398010254, -38.7919807434082, -70.63467407226562, -95.31292724609375, -118.52578735351562, -75.797607421875
-1.7473745346069336, -5.130134105682373, -10.936114311218262, -16.782955169677734, -34.74417495727539, -39.37723159790039, -50.14213562011719, -42.53643798828125
2.2042921307696695e-11, 1.4752659797668457, 4.6359028816223145, 8.376078605651855, 13.791181564331055, 20.818885803222656, 31.642972946166992, 52.836647033691406
1.8447781801223755, 8.872981071472168, 21.944740295410156, 39.904502868652344, 48.011573791503906, 50.34820556640625, 68.16793060302734, 135.51641845703125
3.4664084911346436, 13.38237190246582, 28.170547485351562, 52.65733337402344, 57.48305130004883, 84.2828369140625, 96.54878997802734, 103.67694854736328
5.180604934692383, 19.73102378845215, 40.73569107055664, 49.8572998046875, 70.67100524902344, 48.13348388671875, 17.636323928833008, -21.011396408081055
6.899272441864014, 23.651470184326172, 45.17002487182617, 50.99246597290039, 35.65605163574219, -12.886463165283203, -50.32540512084961, -86.85677337646484
8.275724411010742, 27.609209060668945, 42.28305435180664, 27.383068084716797, -14.878089904785156, -49.49623489379883, -96.0309066772461, -77.69508361816406
9.823474884033203, 29.349098205566406, 27.918245315551758, -1.311551809310913, -41.44953918457031, -79.02355194091797, -81.72700500488281, 9.540337562561035
11.079061508178711, 27.462678909301758, 17.867517471313477, -28.525955200195312, -55.13473129272461, -63.018856048583984, 20.119522094726562, 78.45153045654297
12.360485076904297, 23.899272918701172, 1.1749372482299805, -53.168357849121094, -57.51811218261719, -0.10643717646598816, 99.8448715209961, 100.0635757446289
12.253926277160645, 20.35528564453125, -16.034372329711914, -55.0897102355957, -23.068939208984375, 48.07437515258789, 97.04299926757812, 2.155777931213379
13.540336608886719, 15.049036026000977, -28.615196228027344, -43.94431686401367, 15.370892524719238, 101.29715728759766, 26.011070251464844, -79.98097229003906
13.252689361572266, 8.99482250213623, -35.48665237426758, -34.90491485595703, 41.63126754760742, 58.48563003540039, -64.19010162353516, -121.06900024414062
13.526803970336914, 2.348407745361328, -37.45999526977539, -5.241226673126221, 64.00320434570312, 12.176458358764648, -83.688232421875, -13.212989807128906
14.574886322021484, -5.138270378112793, -36.64860534667969, 22.144073486328125, 57.96921920776367, -38.421470642089844, -88.82906341552734, 83.28263092041016
14.069846153259277, -11.839734077453613, -32.27940368652344, 52.561100006103516, 32.28185272216797, -70.91011810302734, 4.853981018066406, 138.1792449951172
13.091161727905273, -19.28404426574707, -23.696420669555664, 45.48933029174805, -12.126440048217773, -57.39889907836914, 86.39736938476562, 33.38138198852539
13.42470645904541, -21.31326675415039, -5.5614142417907715, 48.17882537841797, -55.03683090209961, -19.798616409301758, 107.4182357788086, -71.80067443847656
11.986067771911621, -26.485488891601562, 8.600724220275879, 30.976755142211914, -57.168643951416016, 32.33096694946289, 46.09832763671875, -68.06350708007812
10.934796333312988, -30.24506187438965, 23.856855392456055, 11.401782035827637, -68.58953857421875, 101.06583404541016, -43.8701286315918, -35.14265441894531
9.307487487792969, -27.95998191833496, 38.96661376953125, -12.399375915527344, -31.675241470336914, 96.0815200805664, -92.00709533691406, 61.75971984863281
8.501999855041504, -25.042510986328125, 45.84550094604492, -36.50772476196289, 13.489043235778809, 38.426326751708984, -91.1112289428711, 142.76776123046875
6.893252849578857, -25.373506546020508, 39.99506378173828, -49.99034118652344, 41.290260314941406, -25.640892028808594, -6.572969436645508, 50.86911392211914
5.301756381988525, -17.169851303100586, 38.893314361572266, -59.498043060302734, 75.6987075805664, -77.21035766601562, 49.60025405883789, -67.36548614501953
3.5828194618225098, -11.318163871765137, 24.15165901184082, -37.309207916259766, 52.5044059753418, -64.85604095458984, 65.22718811035156, -116.20233154296875
1.7195881605148315, -5.8993754386901855, 13.324664115905762, -19.53262710571289, 32.476078033447266, -40.6564826965332, 43.94570541381836, -78.32775115966797
-2.3626368222950944e-11, 1.4274410009384155, -3.6906251907348633, 7.0602874755859375, -15.176067352294922, 15.451943397521973, -19.82438850402832, 35.28272247314453
