-14.168841361999512, 2.085216999053955, 45.345542907714844, -4.7728376388549805, -54.8084716796875, 7.636181354522705, 68.01130676269531, -18.129188537597656
-13.960355758666992, -5.105165958404541, 38.86680603027344, 21.987625122070312, -47.09473419189453, -55.62156677246094, 84.75662994384766, 88.48429870605469
-13.883411407470703, -11.537089347839355, 32.653221130371094, 51.07431411743164, -35.11857223510742, -87.92985534667969, -3.804683208465576, 85.64726257324219
-14.085518836975098, -18.783658981323242, 19.455608367919922, 45.0880126953125, 16.610414505004883, -64.91885375976562, -65.41432189941406, 43.223899841308594
-13.234078407287598, -21.28475570678711, 7.050924301147461, 53.4445915222168, 51.084999084472656, -19.02788543701172, -121.55427551269531, -76.54729461669922
-11.991532325744629, -24.4727840423584, -9.772115707397461, 38.51854705810547, 52.69321823120117, 30.979476928710938, -28.819021224975586, -79.40074920654297
-11.403576850891113, -29.90433692932129, -24.114418029785156, 14.40697193145752, 50.875694274902344, 64.82212829589844, 43.75264358520508, -46.588775634765625
-10.107015609741211, -29.276012420654297, -33.189117431640625, -13.645984649658203, 33.24657440185547, 73.508056640625, 67.50545501708984, 87.33818054199219
-8.720003128051758, -28.004953384399414, -44.677345275878906, -47.39046096801758, -13.18781566619873, 28.51782989501953, 87.35956573486328, 77.836669921875
-6.888716697692871, -21.086271286010742, -44.00276565551758, -63.69489669799805, -49.10250473022461, -30.471622467041016, 7.846865653991699, 60.22740173339844
-5.441732406616211, -18.80036163330078, -33.59973907470703, -48.02539825439453, -60.77136993408203, -77.87616729736328, -54.27641677856445, -36.42037582397461
-3.598853826522827, -12.657144546508789, -28.476917266845703, -46.01741409301758, -70.13525390625, -81.33264923095703, -64.6550521850586, -78.27107238769531
-1.7156215906143188, -5.590200424194336, -12.065590858459473, -18.503355026245117, -26.231029510498047, -51.68442153930664, -68.52876281738281, -41.79985809326172
3.029417688926728e-11, 1.4278974533081055, 4.526733875274658, 9.5657377243042, 13.061813354492188, 22.149627685546875, 38.64210891723633, 28.359952926635742
1.8094902038574219, 7.889997482299805, 22.094881057739258, 40.907562255859375, 54.79598617553711, 88.26979064941406, 61.57272720336914, 127.98899841308594
3.6457295417785645, 14.737465858459473, 30.071125030517578, 54.52528381347656, 62.208396911621094, 106.08729553222656, 83.34910583496094, 66.72383117675781
4.989312171936035, 22.317737579345703, 41.94355010986328, 59.85407638549805, 65.78288269042969, 56.414146423339844, 23.313871383666992, -24.75761604309082
7.110803604125977, 23.94281768798828, 38.02579879760742, 48.845245361328125, 36.653717041015625, -9.673674583435059, -56.28766632080078, -66.8404769897461
8.028101921081543, 28.223119735717773, 41.557247161865234, 27.828855514526367, -15.240788459777832, -77.64383697509766, -122.02114868164062, -85.85175323486328
10.106199264526367, 25.897974014282227, 28.66901397705078, -1.246995210647583, -49.09955596923828, -61.472801208496094, -50.42110061645508, 14.277307510375977
11.052979469299316, 26.45039176940918, 17.60164451599121, -23.01165199279785, -85.43766784667969, -71.80331420898438, 19.292011260986328, 118.35559844970703
11.637192726135254, 24.531370162963867, 1.1452864408493042, -46.47554016113281, -59.37788772583008, -0.12383048236370087, 83.20794677734375, 113.04340362548828
12.67515754699707, 20.628273010253906, -13.90186595916748, -65.66053771972656, -36.000755310058594, 59.68727493286133, 106.91844177246094, 3.0224061012268066
13.696782112121582, 15.032020568847656, -30.469676971435547, -43.73890686035156, 15.287469863891602, 62.90510559082031, 28.683589935302734, -127.37301635742188
13.908235549926758, 8.708818435668945, -39.27054214477539, -37.54648208618164, 48.22552490234375, 81.34540557861328, -41.00285339355469, -98.50312042236328
14.242010116577148, 1.9442282915115356, -48.273895263671875, -6.040977954864502, 56.80887985229492, 12.431025505065918, -80.00334167480469, -18.732168197631836
14.614933967590332, -4.623959541320801, -44.15829086303711, 19.846054077148438, 64.40259552001953, -43.18272399902344, -93.50200653076172, 101.37715148925781
13.37861156463623, -12.605643272399902, -37.370731353759766, 39.669647216796875, 35.85557174682617, -83.19436645507812, 4.443634510040283, 110.47838592529297
13.285859107971191, -16.837045669555664, -20.946794509887695, 54.8487663269043, -10.981645584106445, -63.44263458251953, 73.99604797363281, 28.249114990234375
13.220330238342285, -20.752443313598633, -5.878708362579346, 52.84477615356445, -63.78135681152344, -17.477540969848633, 96.79904174804688, -83.4886245727539
11.605510711669922, -25.879579544067383, 10.08594799041748, 34.87290573120117, -81.66402435302734, 42.296627044677734, 45.091697692871094, -122.95763397216797
11.27714729309082, -29.307151794433594, 26.326969146728516, 12.54931354522705, -68.09657287597656, 65.48738098144531, -50.9175910949707, -47.043548583984375
9.313919067382812, -27.48811149597168, 37.1370964050293, -18.340707778930664, -30.052812576293945, 68.65579223632812, -72.75836944580078, 68.41480255126953
8.012981414794922, -25.267822265625, 46.93904113769531, -33.148780822753906, 15.579384803771973, 33.883811950683594, -61.26156234741211, 156.62965393066406
7.004720211029053, -21.535737991333008, 48.099151611328125, -45.37849426269531, 53.992515563964844, -30.6479549407959, -6.7870306968688965, 47.49176788330078
5.324063301086426, -18.711074829101562, 31.296981811523438, -46.35276794433594, 85.1746597290039, -94.77643585205078, 51.114139556884766, -34.765506744384766
3.68259334564209, -13.212798118591309, 28.60209846496582, -42.02265167236328, 68.7913818359375, -85.66355895996094, 113.26988983154297, -102.9004898071289
1.8242515325546265, -5.756993293762207, 11.437192916870117, -17.158689498901367, 25.069175720214844, -45.655094146728516, 64.06891632080078, -86.09497833251953
-3.0720107013770814e-11, 1.424721598625183, -3.96486759185791, 8.380683898925781, -17.42648696899414, 21.177270889282227, -31.260456085205078, 41.0452880859375
-1.8088229894638062, 8.87731647491455, -19.0496768951416, 36.27544021606445, -42.31264877319336, 61.58639144897461, -108.85602569580078, 115.64324188232422
-3.63936710357666, 14.081029891967773, -32.8619499206543, 46.458900451660156, -65.15587615966797, 105.63092803955078, -97.3924331665039, 59.92898941040039
-4.9539103507995605, 22.172914505004883, -37.2371940612793, 53.303367614746094, -48.0502815246582, 45.94431686401367, -20.3924560546875, -33.09760284423828
-6.693051815032959, 26.374237060546875, -48.203739166259766, 55.80457305908203, -26.945627212524414, -7.845229625701904, 48.20799255371094, -120.25926971435547
-8.140460968017578, 27.0738525390625, -34.662109375, 25.041440963745117, 12.81068229675293, -70.36756134033203, 76.24933624267578, -66.94963073730469
-10.03097915649414, 28.497966766357422, -26.998029708862305, -1.3928941488265991, 58.87022018432617, -108.84359741210938, 52.89670944213867, 7.355273246765137
-10.494393348693848, 29.087852478027344, -18.278865814208984, -28.693138122558594, 63.621891021728516, -50.20318603515625, -13.840360641479492, 62.48733139038086
-12.271692276000977, 25.787261962890625, -1.0167055130004883, -53.0850715637207, 68.62374114990234, -0.08949564397335052, -67.2422103881836, 123.35651397705078
-12.689462661743164, 22.771381378173828, 15.364608764648438, -49.81243133544922, 23.36329460144043, 61.692501068115234, -85.29745483398438, 2.193408489227295
-13.472142219543457, 15.592446327209473, 24.166584014892578, -41.30870056152344, -12.303271293640137, 91.26394653320312, -24.651473999023438, -119.33773803710938
-13.643856048583984, 9.632643699645996, 34.099639892578125, -36.25498962402344, -54.177005767822266, 75.12801361083984, 46.75178527832031, -109.12406921386719
-14.494668960571289, 2.2400097846984863, 45.51624298095703, -6.122681140899658, -71.60598754882812, 7.671196937561035, 112.60258483886719, -23.59214973449707
-13.930005073547363, -5.066518306732178, 39.19040298461914, 23.61893653869629, -70.83950805664062, -54.73480987548828, 53.267494201660156, 96.59835815429688
-14.118980407714844, -11.779524803161621, 30.610023498535156, 46.80181121826172, -23.209627151489258, -89.73590087890625, -4.257091999053955, 86.48648071289062
-14.015178680419922, -16.734994888305664, 19.268213272094727, 64.54351043701172, 12.445577621459961, -62.97825622558594, -104.2033462524414, 21.78813934326172
-12.627646446228027, -21.59005355834961, 6.470849514007568, 49.21193313598633, 50.74112319946289, -27.274141311645508, -96.12859344482422, -89.48085021972656
-12.264275550842285, -24.701581954956055, -9.221270561218262, 33.8682861328125, 78.67847442626953, 51.326019287109375, -30.971811294555664, -68.1580810546875
-11.010899543762207, -29.179492950439453, -26.955852508544922, 10.192490577697754, 70.82711791992188, 64.34104919433594, 39.55635070800781, -55.465293884277344
-9.905287742614746, -30.674083709716797, -32.34333038330078, -13.928995132446289, 25.64092254638672, 66.5439224243164, 102.0556869506836, 57.252349853515625
-8.13554859161377, -26.94090461730957, -40.54072952270508, -39.987937927246094, -16.526588439941406, 37.56160354614258, 88.05101776123047, 74.2994384765625
-7.063320636749268, -21.8747501373291, -39.94275665283203, -44.43798828125, -57.49110794067383, -31.960426330566406, 5.272601127624512, 78.79150390625
-5.345801830291748, -18.082799911499023, -32.559814453125, -51.608131408691406, -59.493560791015625, -97.26725006103516, -55.12270736694336, -48.781124114990234
-3.5993380546569824, -13.33544635772705, -23.92329978942871, -38.00486755371094, -48.297393798828125, -87.19368743896484, -124.57372283935547, -137.35867309570312
-1.72475004196167, -5.716912269592285, -12.7589693069458, -17.27862548828125, -36.624019622802734, -46.43213653564453, -41.101402282714844, -73.55640411376953
3.103457768549589e-11, 1.44362211227417, 4.351189136505127, 7.8572492599487305, 17.24200439453125, 25.81908416748047, 28.098514556884766, 43.190345764160156
1.7143890857696533, 8.509586334228516, 20.567249298095703, 39.738006591796875, 60.26485824584961, 50.890533447265625, 97.88265991210938, 149.3694610595703
3.5845324993133545, 14.696030616760254, 34.729244232177734, 50.92454147338867, 86.75342559814453, 87.69487762451172, 67.82464599609375, 102.32211303710938
5.061981201171875, 18.802568435668945, 34.793025970458984, 54.3437385559082, 73.62010955810547, 41.89297103881836, 16.489273071289062, -26.461271286010742
6.779536247253418, 25.83110237121582, 39.702388763427734, 37.83000946044922, 35.018028259277344, -7.743402004241943, -81.00589752197266, -92.73314666748047
8.010775566101074, 27.69264793395996, 43.51619338989258, 24.565549850463867, -16.094079971313477, -59.084007263183594, -133.1731414794922, -120.95836639404297
9.429615020751953, 26.599082946777344, 29.705488204956055, -1.1014986038208008, -56.34803009033203, -77.8193359375, -51.889041900634766, 7.769578456878662
11.390358924865723, 28.638322830200195, 19.055683135986328, -29.163867950439453, -71.6285400390625, -51.69146728515625, 20.882944107055664, 76.24021911621094
11.684412002563477, 23.9356632232666, 1.2383936643600464, -54.376220703125, -46.96405792236328, -0.08873540908098221, 110.87169647216797, 58.40510559082031
12.70111083984375, 20.33708381652832, -16.51362419128418, -51.2180290222168, -27.126384735107422, 71.61549377441406, 69.08432006835938, 3.0093934535980225
13.729232788085938, 16.39905548095703, -31.306726455688477, -49.47541809082031, 11.639220237731934, 82.97979736328125, 25.72591781616211, -101.5428466796875
14.176273345947266, 9.514808654785156, -38.504783630371094, -32.62668228149414, 57.983642578125, 75.43814849853516, -40.88566589355469, -65.81946563720703
14.084274291992188, 2.1906380653381348, -36.78865432739258, -6.362453937530518, 84.96184539794922, 13.45526123046875, -112.36791229248047, -15.886940002441406
13.76944351196289, -5.004570960998535, -37.27719497680664, 24.65561866760254, 57.13136672973633, -40.688602447509766, -88.25684356689453, 96.21766662597656
14.26526165008545, -12.83350944519043, -29.088462829589844, 49.648231506347656, 32.12774658203125, -62.959686279296875, 4.590142250061035, 65.51536560058594
13.36423397064209, -18.239276885986328, -22.672712326049805, 46.430908203125, -11.270221710205078, -83.7831802368164, 83.42369842529297, 35.97724914550781
13.088687896728516, -24.33047866821289, -5.523859024047852, 58.42386245727539, -64.18791198730469, -17.483871459960938, 72.16896057128906, -71.47117614746094
11.634132385253906, -27.63339614868164, 9.371990203857422, 40.52727127075195, -59.537017822265625, 42.24863815307617, 39.64908981323242, -149.50831604003906
10.555075645446777, -25.72031021118164, 22.80615997314453, 13.503530502319336, -60.22441101074219, 104.70710754394531, -51.804141998291016, -47.7493782043457
9.380973815917969, -25.35430908203125, 30.782045364379883, -16.04387092590332, -31.49197006225586, 61.95819854736328, -116.24501037597656, 42.6519660949707
8.171415328979492, -25.20595932006836, 38.25117874145508, -33.79395294189453, 12.328938484191895, 40.706207275390625, -59.71940231323242, 143.12954711914062
6.638516426086426, -24.621620178222656, 38.84424591064453, -58.66164779663086, 54.81407928466797, -38.51158905029297, -6.164323806762695, 39.248756408691406
5.005958080291748, -16.604162216186523, 31.04442596435547, -53.00602340698242, 81.42940521240234, -57.562747955322266, 56.37218475341797, -34.11398696899414
3.62458872795105, -12.817508697509766, 22.426870346069336, -48.85881042480469, 70.17337036132812, -86.40921783447266, 77.2441177368164, -99.88773345947266
1.718751311302185, -5.545496463775635, 10.402782440185547, -17.621707916259766, 25.80240821838379, -31.914104461669922, 39.945289611816406, -90.92621612548828
-2.932058762450396e-11, 1.2870666980743408, -4.324089050292969, 8.122367858886719, -15.46204948425293, 21.195100784301758, -36.14921188354492, 48.06848907470703
-1.8311448097229004, 8.667441368103027, -20.331697463989258, 41.198665618896484, -56.609352111816406, 63.821468353271484, -70.56368255615234, 87.46204376220703
-3.4150116443634033, 15.626508712768555, -29.314760208129883, 45.136314392089844, -68.9276123046875, 77.39106750488281, -113.13056182861328, 81.95066833496094
-5.44511079788208, 21.239389419555664, -40.1779670715332, 66.86482238769531, -54.0579948425293, 38.87174987792969, -15.02615737915039, -19.899024963378906
-6.663214683532715, 26.858572006225586, -39.662654876708984, 51.4414176940918, -36.53471374511719, -10.54326343536377, 66.87512969970703, -139.04933166503906
-8.276301383972168, 29.638460159301758, -36.489925384521484, 24.85575294494629, 11.992286682128906, -70.4251937866211, 74.9717025756836, -83.50820922851562
-9.212434768676758, 27.65091323852539, -28.428024291992188, -1.3529449701309204, 60.058292388916016, -73.0089340209961, 80.59237670898438, 12.326584815979004
-10.982961654663086, 29.120840072631836, -15.303712844848633, -28.06741714477539, 83.42301940917969, -47.75361251831055, -18.66167640686035, 95.66607666015625
-11.636972427368164, 27.09848976135254, -1.1311091184616089, -43.99046325683594, 66.08916473388672, -0.1166890561580658, -88.00911712646484, 123.46635437011719
-13.164374351501465, 19.246265411376953, 13.25338363647461, -53.60154342651367, 33.11368942260742, 48.9874267578125, -79.38629150390625, 3.5442986488342285
-13.220799446105957, 16.364322662353516, 31.496641159057617, -51.94438552856445, -15.6102294921875, 62.90583038330078, -25.442956924438477, -76.63774871826172
-14.347148895263672, 8.693029403686523, 38.5074577331543, -25.796899795532227, -56.81212615966797, 84.21819305419922, 67.1077880859375, -114.1343002319336
-13.73410701751709, 2.1403720378875732, 35.998043060302734, -5.581264495849609, -82.12821960449219, 12.218181610107422, 91.21844482421875, -23.978025436401367
-13.975823402404785, -4.526669979095459, 35.91079330444336, 23.687944412231445, -48.895511627197266, -51.59049987792969, 77.46882629394531, 84.3691635131836
-13.88404369354248, -12.56319808959961, 36.140960693359375, 50.58905029296875, -30.983509063720703, -107.95729064941406, -4.656517028808594, 101.14909362792969
-14.032675743103027, -17.201583862304688, 23.9150390625, 51.062461853027344, 16.815073013305664, -76.17338562011719, -79.18032836914062, 25.487319946289062
-12.399932861328125, -21.97953224182129, 6.858705520629883, 57.554683685302734, 50.803592681884766, -17.31953239440918, -129.47048950195312, -54.317352294921875
-12.401215553283691, -27.317903518676758, -10.50300407409668, 33.201385498046875, 84.94530487060547, 42.473323822021484, -52.31776428222656, -101.79803466796875
-11.310535430908203, -25.651561737060547, -26.477827072143555, 11.39989948272705, 69.5989761352539, 88.51432800292969, 47.226905822753906, -28.72480010986328
-9.353914260864258, -28.97770881652832, -31.88495445251465, -12.433348655700684, 32.31515121459961, 72.8005599975586, 76.32799530029297, 50.29862976074219
-8.520173072814941, -28.497028350830078, -37.481712341308594, -41.50259780883789, -14.72008228302002, 33.47744369506836, 93.79212188720703, 143.20294189453125
-6.620589256286621, -22.907930374145508, -35.67843246459961, -52.208980560302734, -48.653499603271484, -35.42381286621094, 5.359240531921387, 58.00282669067383
-5.04934549331665, -19.807687759399414, -32.722110748291016, -51.174747467041016, -86.78852844238281, -64.74231719970703, -81.03129577636719, -69.77352142333984
-3.380800247192383, -13.409597396850586, -22.610410690307617, -43.7574462890625, -50.26298522949219, -83.57093811035156, -130.8572998046875, -96.41114807128906
-1.8554097414016724, -5.136329650878906, -12.168828010559082, -16.51972770690918, -22.995588302612305, -35.89662170410156, -50.71952438354492, -66.89183044433594
2.9183412630917616e-11, 1.489965558052063, 3.758615493774414, 10.036974906921387, 16.728404998779297, 25.43996238708496, 29.64676856994629, 35.771629333496094
1.8382740020751953, 8.225072860717773, 19.17160987854004, 27.833486557006836, 59.39736557006836, 67.2115249633789, 79.72724914550781, 84.29954528808594
3.6263670921325684, 15.510642051696777, 32.109249114990234, 48.224082946777344, 84.72332763671875, 103.7733154296875, 97.33062744140625, 90.34371185302734
5.457757949829102, 20.24161720275879, 38.84597396850586, 67.45423889160156, 76.65412902832031, 51.00550079345703, 25.562908172607422, -25.517871856689453
6.761597633361816, 26.49715805053711, 38.571102142333984, 42.47581481933594, 24.520015716552734, -11.34583854675293, -76.79492950439453, -139.3386993408203
8.417047500610352, 26.09088897705078, 43.84209060668945, 22.37338638305664, -12.287322044372559, -67.8257064819336, -73.18782043457031, -98.32980346679688
9.752262115478516, 30.089454650878906, 32.997344970703125, -1.6153368949890137, -57.76099395751953, -108.81262969970703, -52.242862701416016, 10.504060745239258
10.710086822509766, 27.103679656982422, 18.121652603149414, -28.1639347076416, -72.8902816772461, -73.81250762939453, 17.051544189453125, 87.22601318359375
11.730072021484375, 23.14227867126465, 1.2496109008789062, -41.853755950927734, -47.834842681884766, -0.13212096691131592, 85.6566162109375, 83.36248016357422
12.662429809570312, 20.146434783935547, -13.612964630126953, -59.387298583984375, -32.749061584472656, 73.11685180664062, 109.41535186767578, 4.219309329986572
14.03459644317627, 15.499079704284668, -29.160337448120117, -45.974769592285156, 11.042679786682129, 72.6984634399414, 41.36405563354492, -71.98316192626953
14.191241264343262, 9.928943634033203, -38.64173889160156, -29.597684860229492, 61.82882308959961, 62.32533645629883, -41.038002014160156, -140.74234008789062
14.536173820495605, 2.3036890029907227, -40.97276306152344, -6.466353893280029, 79.13408660888672, 9.96729564666748, -72.80429077148438, -21.967679977416992
14.001440048217773, -5.003048896789551, -44.3648567199707, 23.968151092529297, 49.47595977783203, -44.7064094543457, -88.64594268798828, 57.32359313964844
13.920503616333008, -10.854883193969727, -33.27200698852539, 39.25993728637695, 31.21434783935547, -59.351192474365234, 5.175474643707275, 82.82025909423828
13.433150291442871, -17.714649200439453, -22.182575225830078, 45.74353790283203, -12.387591361999512, -86.17422485351562, 96.88478088378906, 40.15795135498047
12.792078018188477, -22.285385131835938, -6.639060974121094, 61.127864837646484, -50.1858024597168, -19.03022575378418, 98.36688232421875, -58.61659622192383
12.114213943481445, -26.019811630249023, 10.140215873718262, 34.12723159790039, -66.58853912353516, 34.40595626831055, 33.86058807373047, -154.770751953125
11.117450714111328, -27.122116088867188, 23.292049407958984, 11.9390869140625, -64.95513153076172, 74.10322570800781, -53.6215934753418, -29.4282169342041
9.732300758361816, -29.20292091369629, 38.98466110229492, -16.65314292907715, -31.864501953125, 98.65977478027344, -128.75086975097656, 80.55179595947266
8.516878128051758, -25.126235961914062, 35.26643371582031, -32.78810501098633, 13.52271556854248, 32.00857162475586, -80.48040008544922, 146.3811798095703
6.53847074508667, -21.810447692871094, 46.14264678955078, -54.54072952270508, 54.45597457885742, -38.780250549316406, -8.188419342041016, 64.42649841308594
5.131224155426025, -17.47606658935547, 32.9815559387207, -49.37046813964844, 80.0050048828125, -54.43825149536133, 94.49014282226562, -42.579322814941406
3.4265692234039307, -11.956657409667969, 25.36648178100586, -37.45842361450195, 59.49000930786133, -64.98380279541016, 96.63134002685547, -104.64131164550781
1.7137165069580078, -5.389307022094727, 10.822793006896973, -19.40972137451172, 23.279558181762695, -45.27531433105469, 51.8194465637207, -81.82315826416016
-3.096327361173934e-11, 1.3975391387939453, -3.976940393447876, 8.742437362670898, -11.796854019165039, 21.35146713256836, -37.86769485473633, 32.96818161010742
-1.7984821796417236, 7.616571426391602, -18.04390525817871, 30.442028045654297, -43.63307571411133, 78.42794036865234, -111.65388488769531, 82.77107238769531
-3.654909610748291, 15.967840194702148, -32.23698425292969, 56.65336227416992, -73.3047866821289, 66.7950439453125, -73.22918701171875, 93.8791275024414
-5.172281742095947, 18.958513259887695, -44.38377380371094, 58.77098846435547, -59.0728759765625, 48.74674606323242, -20.0229434967041, -25.94875717163086
-6.856282711029053, 24.115461349487305, -39.253944396972656, 52.22708511352539, -32.73490905761719, -10.434503555297852, 72.2226333618164, -116.19063568115234
-7.990856647491455, 29.32142448425293, -41.07998275756836, 22.8966064453125, 10.69082260131836, -54.98216247558594, 106.87449645996094, -81.12846374511719
-9.526217460632324, 27.48959732055664, -30.989843368530273, -1.4011141061782837, 45.95039367675781, -70.19725036621094, 44.02434539794922, 11.346755027770996
-10.668262481689453, 28.505138397216797, -17.410446166992188, -30.65098762512207, 76.72437286376953, -44.918514251708984, -15.093537330627441, 94.39605712890625
-12.280513763427734, 23.75033187866211, -1.1191000938415527, -45.17545700073242, 53.34675979614258, -0.11437127739191055, -96.81637573242188, 106.60723876953125
-12.940681457519531, 22.4132080078125, 12.888968467712402, -55.479644775390625, 30.27220344543457, 68.56636810302734, -85.40835571289062, 3.29726505279541
-13.559871673583984, 15.933690071105957, 31.871585845947266, -58.75837326049805, -14.219719886779785, 89.4969711303711, -35.2833137512207, -85.24357604980469
-13.492841720581055, 8.479060173034668, 42.20083999633789, -35.11548614501953, -60.66410827636719, 69.07176971435547, 51.54264831542969, -102.35588836669922
-13.652886390686035, 2.2309560775756836, 40.483829498291016, -6.840831279754639, -76.96440887451172, 9.705720901489258, 80.32910919189453, -13.671149253845215
-14.135110855102539, -4.933612823486328, 37.75802230834961, 18.013412475585938, -60.841407775878906, -42.21028518676758, 96.78681945800781, 62.41506576538086
-14.009359359741211, -12.818474769592285, 30.907970428466797, 50.91027069091797, -26.703706741333008, -75.68482971191406, -4.4715776443481445, 73.65813446044922
-14.009844779968262, -16.162155151367188, 21.475915908813477, 57.4826774597168, 11.316279411315918, -51.025508880615234, -71.08213806152344, 25.093759536743164
-13.141589164733887, -22.376998901367188, 5.984527587890625, 52.17344284057617, 41.553009033203125, -17.271390914916992, -122.88043212890625, -55.8410530090332
-11.815338134765625, -27.475914001464844, -9.79761791229248, 42.57666015625, 86.10317993164062, 47.2830810546875, -32.03260803222656, -85.76075744628906
-10.843243598937988, -26.18217658996582, -26.782062530517578, 12.417811393737793, 65.40472412109375, 78.83502197265625, 42.293941497802734, -39.69168472290039
-9.36646556854248, -26.016050338745117, -31.52289390563965, -12.655596733093262, 23.102783203125, 80.50160217285156, 98.02733612060547, 75.40087890625
-8.712433815002441, -28.78342056274414, -46.63700485229492, -46.36708068847656, -12.896679878234863, 40.171348571777344, 86.73653411865234, 152.3023223876953
-7.056949138641357, -23.144315719604492, -40.82147216796875, -55.56187438964844, -40.38096237182617, -35.535667419433594, 9.243423461914062, 79.49007415771484
-4.9976420402526855, -17.684490203857422, -35.88535690307617, -54.02817916870117, -60.943115234375, -57.60950469970703, -72.65328979492188, -34.12095642089844
-3.6807339191436768, -13.19968318939209, -27.18351936340332, -42.66154479980469, -46.24355697631836, -83.56392669677734, -71.7459716796875, -97.64372253417969
-1.6912097930908203, -5.7624711990356445, -11.443482398986816, -18.988323211669922, -35.3813591003418, -49.56948471069336, -62.18061828613281, -61.86591720581055
3.199843862100593e-11, 1.3518873453140259, 3.8893561363220215, 8.553272247314453, 13.920720100402832, 24.888221740722656, 39.42737579345703, 25.960947036743164
1.831765055656433, 7.556127071380615, 17.23045539855957, 33.195926666259766, 40.7109260559082, 54.71747970581055, 114.4827651977539, 127.67060852050781
3.548811435699463, 14.42988109588623, 33.85353469848633, 60.71702194213867, 63.051883697509766, 94.3159408569336, 89.29993438720703, 75.171142578125
5.411130428314209, 19.198524475097656, 39.82783889770508, 65.16578674316406, 54.74591827392578, 49.21244812011719, 13.355086326599121, -17.621402740478516
7.141897201538086, 24.011150360107422, 36.60491943359375, 48.462764739990234, 27.28911590576172, -11.461770057678223, -47.40251922607422, -99.40625
8.347503662109375, 25.138248443603516, 38.02705001831055, 29.420225143432617, -12.719826698303223, -47.44801330566406, -64.89022064208984, -109.81322479248047
10.07270336151123, 27.75538444519043, 30.247785568237305, -1.2902249097824097, -43.374088287353516, -98.51256561279297, -58.06731414794922, 12.685009956359863
11.312963485717773, 25.751663208007812, 16.415027618408203, -25.926118850708008, -61.81991195678711, -50.92457962036133, 19.17359733581543, 114.49049377441406
12.503668785095215, 23.296010971069336, 1.1069375276565552, -50.206092834472656, -55.70158386230469, -0.14454685151576996, 82.3677749633789, 123.50992584228516
12.853432655334473, 21.955991744995117, -13.114237785339355, -62.46861267089844, -27.33666229248047, 55.452274322509766, 90.73370361328125, 2.634084463119507
12.962095260620117, 14.435664176940918, -24.77297019958496, -55.62860870361328, 13.168179512023926, 104.67547607421875, 35.730918884277344, -82.67314910888672
14.044039726257324, 9.544172286987305, -39.45896911621094, -38.271827697753906, 53.89779281616211, 79.70743560791016, -35.902469635009766, -64.05714416503906
13.760025978088379, 1.9481178522109985, -38.870216369628906, -5.726388454437256, 76.77009582519531, 12.994627952575684, -67.87283325195312, -18.453235626220703
14.181148529052734, -4.6983137130737305, -45.702816009521484, 18.918804168701172, 49.259437561035156, -49.127681732177734, -48.17251205444336, 114.57526397705078
14.414917945861816, -12.642705917358398, -32.14822769165039, 48.33531951904297, 26.03495979309082, -104.80696868896484, 3.230360269546509, 95.45626831054688
13.43709659576416, -18.14790153503418, -21.712356567382812, 57.33487319946289, -17.478124618530273, -86.6396484375, 83.26844024658203, 29.822572708129883
13.115677833557129, -23.38564109802246, -5.980954647064209, 57.08073806762695, -43.81703186035156, -20.011215209960938, 126.0228042602539, -88.2519302368164
12.320273399353027, -25.962013244628906, 9.309733390808105, 42.97658157348633, -65.55139923095703, 38.26472091674805, 56.95160675048828, -119.71890258789062
11.10387134552002, -30.44915771484375, 24.492136001586914, 10.819744110107422, -52.21680450439453, 92.81259155273438, -37.18655776977539, -52.03152084350586
9.421012878417969, -29.32610321044922, 30.34371566772461, -16.848848342895508, -22.490928649902344, 56.021644592285156, -127.83935546875, 63.76053237915039
8.247512817382812, -26.14917755126953, 40.05327224731445, -43.758480072021484, 17.01020050048828, 34.80946350097656, -81.8155288696289, 144.4003448486328
6.84260368347168, -21.91914939880371, 46.66952896118164, -61.52631378173828, 46.377952575683594, -33.523284912109375, -6.186874866485596, 47.00080108642578
5.334828853607178, -19.763341903686523, 31.059377670288086, -47.59368133544922, 70.87155151367188, -90.58541870117188, 68.13925170898438, -49.83048629760742
3.6046290397644043, -12.546745300292969, 24.969350814819336, -38.34333038330078, 63.60780334472656, -84.74520111083984, 87.77018737792969, -106.60997772216797
1.8158094882965088, -5.474790573120117, 13.086108207702637, -17.4780330657959, 35.60727310180664, -28.81663703918457, 44.020870208740234, -91.19697570800781
-3.125988704000271e-11, 1.5410075187683105, -4.811578750610352, 10.053400993347168, -14.376615524291992, 15.166501998901367, -32.08714294433594, 26.12958526611328
-1.8402235507965088, 8.5320463180542, -18.940095901489258, 30.544992446899414, -41.78361129760742, 76.17516326904297, -94.14754486083984, 104.80445861816406
-3.3454270362854004, 15.773615837097168, -28.12908935546875, 47.505615234375, -65.30638885498047, 60.732730865478516, -87.72476196289062, 57.443817138671875
-5.078002452850342, 20.335805892944336, -44.985836029052734, 57.54555892944336, -64.17372131347656, 42.08586120605469, -23.68756103515625, -17.45220947265625
-6.510004043579102, 25.41033172607422, -43.04075241088867, 55.8863639831543, -35.57160568237305, -12.65273380279541, 51.298484802246094, -66.2724609375
-8.643115043640137, 28.434663772583008, -41.9748420715332, 26.39603042602539, 10.88027286529541, -84.01934814453125, 127.63838195800781, -91.6020736694336
-9.514739036560059, 29.130760192871094, -29.923320770263672, -1.2269712686538696, 52.330501556396484, -103.83683776855469, 83.32413482666016, 10.166726112365723
-10.538288116455078, 24.7958984375, -14.751394271850586, -30.740751266479492, 71.34717559814453, -65.89227294921875, -20.55374526977539, 115.55720520019531
-11.837396621704102, 22.999361038208008, -1.0965274572372437, -48.7433967590332, 73.24202728271484, -0.1310306042432785, -95.23228454589844, 74.94105529785156
-12.714146614074707, 21.470827102661133, 13.956049919128418, -59.987003326416016, 30.11579704284668, 46.094703674316406, -80.4074935913086, 2.3119215965270996
-13.796223640441895, 16.955228805541992, 29.552202224731445, -48.3947639465332, -14.218183517456055, 90.19026947021484, -23.786420822143555, -122.89875030517578
-14.391640663146973, 9.606769561767578, 34.26789855957031, -35.1571044921875, -40.39653015136719, 61.49427032470703, 61.65761947631836, -120.88287353515625
-13.953730583190918, 2.2545604705810547, 38.51721954345703, -5.781949043273926, -76.01178741455078, 10.33411979675293, 119.71353912353516, -13.718612670898438
-14.727766036987305, -4.962882041931152, 36.043792724609375, 21.920944213867188, -71.67593383789062, -58.878658294677734, 70.16448974609375, 93.3711166381836
-13.62299919128418, -12.781121253967285, 35.108943939208984, 50.24740982055664, -34.101768493652344, -86.23759460449219, -4.099294662475586, 147.2963409423828
-13.019624710083008, -19.032793045043945, 21.824989318847656, 58.598304748535156, 12.043878555297852, -62.01773452758789, -52.380489349365234, 20.375314712524414
-12.248095512390137, -21.42620849609375, 7.343337059020996, 62.377052307128906, 64.97284698486328, -16.843772888183594, -89.2983169555664, -57.40302658081055
-11.833051681518555, -27.933469772338867, -10.428428649902344, 40.524436950683594, 55.479190826416016, 38.48672103881836, -35.16574478149414, -111.4302978515625
-10.816710472106934, -29.760311126708984, -25.467050552368164, 10.849653244018555, 56.03463363647461, 74.27434539794922, 38.744102478027344, -49.059051513671875
-9.447427749633789, -27.31368637084961, -35.65803146362305, -13.414764404296875, 35.10786819458008, 98.35021209716797, 96.31839752197266, 66.24861907958984
-8.283947944641113, -27.049922943115234, -40.837406158447266, -43.388671875, -17.263084411621094, 25.65757179260254, 57.61714172363281, 114.02159881591797
-6.626685619354248, -22.565933227539062, -46.49089813232422, -49.81372833251953, -62.69816589355469, -37.08349609375, 8.672785758972168, 70.27330780029297
-5.057379722595215, -17.781143188476562, -38.955360412597656, -56.97842788696289, -54.553714752197266, -87.79072570800781, -93.08030700683594, -31.890321731567383
-3.376448154449463, -12.951787948608398, -27.77444076538086, -36.9854850769043, -52.6617546081543, -62.99415588378906, -132.32200622558594, -125.84197998046875
-1.774079442024231, -5.361053466796875, -11.391563415527344, -21.158000946044922, -33.51305389404297, -40.90442657470703, -44.13649368286133, -78.8931655883789
3.1837869146622566e-11, 1.453195571899414, 3.747171640396118, 6.771581649780273, 14.253924369812012, 26.554973602294922, 38.07051467895508, 39.11423110961914
1.756849765777588, 7.747175216674805, 18.500425338745117, 41.08409881591797, 64.46382904052734, 89.14215850830078, 71.43804168701172, 145.05514526367188
3.6232125759124756, 16.23957633972168, 33.7918586730957, 44.15920639038086, 74.29045867919922, 76.05183410644531, 92.25057220458984, 55.891143798828125
5.1216840744018555, 20.04990005493164, 37.0538330078125, 50.236595153808594, 76.50031280517578, 46.49726104736328, 20.90026092529297, -22.990264892578125
7.112034797668457, 23.269073486328125, 47.610450744628906, 39.586944580078125, 29.247282028198242, -13.425087928771973, -65.93939208984375, -66.25572204589844
8.626716613769531, 28.853302001953125, 39.14305877685547, 25.94976043701172, -11.866382598876953, -72.1001205444336, -87.56096649169922, -81.76301574707031
9.586925506591797, 28.92469596862793, 32.32002258300781, -1.4891549348831177, -54.00886535644531, -83.87966918945312, -75.6611557006836, 11.542486190795898
10.62835693359375, 27.89207649230957, 19.117902755737305, -25.717670440673828, -84.19062805175781, -75.24031066894531, 20.06704330444336, 62.157474517822266
11.880266189575195, 24.107145309448242, 1.1061984300613403, -42.21599197387695, -49.6921272277832, -0.09523585438728333, 74.05941009521484, 92.83715057373047
12.973780632019043, 22.716022491455078, -12.969759941101074, -47.00819778442383, -31.12583351135254, 56.87064743041992, 124.12483978271484, 3.1533336639404297
13.077922821044922, 16.31468391418457, -25.580713272094727, -43.549617767333984, 11.420856475830078, 67.13555908203125, 40.890037536621094, -106.43248748779297
14.34693431854248, 9.549840927124023, -40.222679138183594, -27.957326889038086, 41.70391845703125, 52.43072509765625, -52.238914489746094, -124.91873931884766
14.805096626281738, 2.128045082092285, -44.287593841552734, -6.598315715789795, 74.9638900756836, 10.735116004943848, -86.5779800415039, -23.205177307128906
13.515440940856934, -4.735202312469482, -44.50380325317383, 20.850536346435547, 56.81938934326172, -39.14927291870117, -92.44261169433594, 93.86417388916016
13.75551986694336, -10.782979011535645, -28.66969108581543, 35.58061599731445, 27.08702850341797, -94.74172973632812, 4.905696868896484, 78.62283325195312
12.830665588378906, -17.980464935302734, -19.20264434814453, 62.141456604003906, -10.696127891540527, -81.68206024169922, 92.40103149414062, 33.01552200317383
12.308797836303711, -23.496061325073242, -6.592128276824951, 61.942264556884766, -55.61408233642578, -17.32887840270996, 98.55210876464844, -95.03416442871094
11.497026443481445, -28.458646774291992, 10.37962818145752, 38.20209884643555, -64.87765502929688, 38.95772933959961, 31.696857452392578, -133.509521484375
10.97499942779541, -27.11212921142578, 27.47648811340332, 10.605788230895996, -75.4813003540039, 74.35945892333984, -33.43217086791992, -54.794212341308594
9.976738929748535, -27.06981658935547, 39.544002532958984, -12.428730010986328, -26.363224029541016, 79.2370834350586, -105.13601684570312, 61.14939880371094
8.218228340148926, -26.01102638244629, 39.517005920410156, -43.45558166503906, 13.234375953674316, 27.496946334838867, -96.79800415039062, 154.00439453125
6.493444442749023, -21.441768646240234, 44.59764862060547, -45.244998931884766, 46.96042251586914, -35.65083312988281, -6.098465919494629, 49.61634826660156
5.272496223449707, -19.955547332763672, 33.24574661254883, -65.12030029296875, 73.43778991699219, -61.17741394042969, 70.08866119384766, -55.5185432434082
3.499208450317383, -11.307634353637695, 27.835954666137695, -40.6041374206543, 75.42237854003906, -86.6270523071289, 79.71538543701172, -123.4756088256836
1.7684530019760132, -6.105714797973633, 12.295805931091309, -20.7391300201416, 35.43527603149414, -37.19548797607422, 41.241397857666016, -82.99922180175781
-3.210010729448598e-11, 1.296283483505249, -4.657216548919678, 8.19964599609375, -14.522865295410156, 19.58358383178711, -23.176895141601562, 49.683597564697266
-1.7038103342056274, 8.802053451538086, -17.182729721069336, 31.119234085083008, -49.44384002685547, 82.77827453613281, -122.22984313964844, 101.5229721069336
-3.514141321182251, 13.589811325073242, -33.525604248046875, 61.752410888671875, -60.47456359863281, 67.04264068603516, -97.22184753417969, 52.128517150878906
-5.254424571990967, 19.509735107421875, -35.92295455932617, 59.64663314819336, -47.44305419921875, 39.410484313964844, -19.25444221496582, -19.03891372680664
-6.749939441680908, 24.769180297851562, -36.520328521728516, 37.88503646850586, -27.961305618286133, -12.150704383850098, 40.518653869628906, -90.76909637451172
-8.233094215393066, 25.316221237182617, -42.85112762451172, 25.380359649658203, 11.636017799377441, -65.0956039428711, 69.48387908935547, -114.96603393554688
-9.601377487182617, 28.57274627685547, -26.890743255615234, -1.2188972234725952, 59.39170455932617, -96.87976837158203, 84.28276824951172, 14.857865333557129
-10.72132396697998, 29.190689086914062, -15.782853126525879, -28.24072265625, 55.11001205444336, -60.25735855102539, -19.396465301513672, 67.30097198486328
-11.688394546508789, 25.867902755737305, -1.14417564868927, -49.498291015625, 49.57618713378906, -0.1168767511844635, -97.92035675048828, 120.96366119384766
-13.275525093078613, 22.13060760498047, 14.235024452209473, -60.06072998046875, 28.994138717651367, 59.430091857910156, -115.57145690917969, 2.543043851852417
-13.499005317687988, 16.34461784362793, 24.322904586791992, -40.46828079223633, -12.918072700500488, 70.5430908203125, -22.692947387695312, -99.58060455322266
-13.21380615234375, 9.596977233886719, 33.22355270385742, -37.13433837890625, -61.82170486450195, 83.94400024414062, 46.548458099365234, -103.88621520996094
-14.330533027648926, 1.9818766117095947, 44.41398620605469, -5.663053035736084, -54.4535026550293, 13.887264251708984, 94.28897857666016, -12.2282133102417
-14.409022331237793, -5.037615776062012, 40.42304992675781, 19.565954208374023, -76.65682220458984, -35.435909271240234, 81.97173309326172, 103.7180404663086
-13.263779640197754, -11.984779357910156, 34.1201286315918, 43.3235969543457, -32.47838592529297, -90.26414489746094, -3.6594743728637695, 139.0935516357422
-12.787596702575684, -16.947206497192383, 18.79469108581543, 46.25395584106445, 16.353689193725586, -72.89644622802734, -71.32917785644531, 28.707361221313477
-12.529318809509277, -23.23846435546875, 6.046031475067139, 61.15291213989258, 63.49835968017578, -25.985767364501953, -125.78556060791016, -71.60382843017578
-12.054407119750977, -23.58570671081543, -8.538517951965332, 35.66179275512695, 58.21107482910156, 49.886287689208984, -43.60820388793945, -132.34608459472656
-10.407204627990723, -29.573928833007812, -21.035741806030273, 14.983234405517578, 61.243736267089844, 90.6373519897461, 48.43344497680664, -45.822792053222656
-9.980252265930176, -27.62993621826172, -37.53657150268555, -17.012432098388672, 25.93820571899414, 91.8131103515625, 93.7566146850586, 47.906551361083984
-8.574633598327637, -25.28221893310547, -43.22325897216797, -45.29308319091797, -13.998210906982422, 27.595077514648438, 69.45479583740234, 152.9055938720703
-6.611310958862305, -22.890167236328125, -42.31137466430664, -54.674381256103516, -57.832847595214844, -24.712772369384766, 6.2825751304626465, 44.86576461791992
-5.35618782043457, -17.77336311340332, -37.2370719909668, -56.456485748291016, -62.856990814208984, -63.14678192138672, -65.84188842773438, -58.43276596069336
-3.558509111404419, -11.707420349121094, -25.76298713684082, -36.31229782104492, -66.023193359375, -91.7869873046875, -116.36231231689453, -117.5245590209961
-1.7429604530334473, -5.8998122215271, -10.384581565856934, -21.465421676635742, -30.267301559448242, -34.48474884033203, -51.57264709472656, -73.96177673339844
3.161464492973387e-11, 1.479907751083374, 4.32539701461792, 8.503219604492188, 12.925798416137695, 21.184436798095703, 27.65565299987793, 50.47654342651367
1.8079423904418945, 8.02262020111084, 18.962379455566406, 35.63187026977539, 43.653072357177734, 53.398712158203125, 78.30726623535156, 84.8879165649414
3.556952953338623, 15.656628608703613, 30.81123924255371, 47.20327377319336, 56.68788528442383, 87.9501724243164, 66.783935546875, 71.22716522216797
5.073364734649658, 22.039794921875, 34.85105514526367, 58.23716354370117, 54.298091888427734, 53.781158447265625, 22.771039962768555, -19.10207748413086
6.782958984375, 23.854387283325195, 43.0317268371582, 52.97804641723633, 27.32598114013672, -11.419791221618652, -81.19184112548828, -65.13965606689453
8.316370964050293, 24.97020149230957, 43.871681213378906, 21.519878387451172, -13.007478713989258, -75.89264678955078, -70.89620208740234, -104.131591796875
9.499005317687988, 26.307405471801758, 31.405460357666016, -1.1933457851409912, -60.64567184448242, -97.06304931640625, -52.04380416870117, 8.660454750061035
11.333927154541016, 27.352680206298828, 16.96339988708496, -23.871597290039062, -72.49092864990234, -69.55355834960938, 22.202438354492188, 98.56793212890625
11.463582038879395, 27.1616268157959, 1.1428958177566528, -51.600624084472656, -63.55349349975586, -0.10486269742250443, 110.18285369873047, 76.26589965820312
13.118127822875977, 19.657699584960938, -13.648297309875488, -51.82506561279297, -30.56065559387207, 75.2425765991211, 79.6216812133789, 2.5436556339263916
14.050433158874512, 14.43150520324707, -29.428302764892578, -46.729129791259766, 16.454545974731445, 109.74869537353516, 41.15878677368164, -110.66860961914062
13.402259826660156, 9.535223960876465, -36.490848541259766, -33.8177375793457, 55.06464767456055, 46.20165252685547, -54.49636459350586, -93.4835433959961
13.878948211669922, 2.2919158935546875, -40.24066925048828, -5.898125648498535, 54.82715606689453, 10.189038276672363, -122.71207427978516, -16.44853401184082
13.841690063476562, -5.006566047668457, -42.882171630859375, 24.765493392944336, 64.3431396484375, -57.345314025878906, -90.17268371582031, 62.13923645019531
14.48339557647705, -12.533196449279785, -33.47784423828125, 50.55616760253906, 26.946252822875977, -107.59255981445312, 5.507964611053467, 71.173583984375
12.907275199890137, -16.271074295043945, -22.641021728515625, 46.444881439208984, -10.924570083618164, -84.98973083496094, 96.73452758789062, 41.13044357299805
13.371651649475098, -21.580434799194336, -5.595422744750977, 57.768680572509766, -42.59382247924805, -14.940699577331543, 123.760986328125, -78.74750518798828
12.319307327270508, -26.405487060546875, 10.353713989257812, 37.730716705322266, -63.4034423828125, 45.02392578125, 46.08930587768555, -130.29415893554688
10.795639991760254, -26.120357513427734, 26.966041564941406, 13.855735778808594, -50.142189025878906, 83.90983581542969, -28.64820098876953, -52.27457046508789
10.119115829467773, -30.7044620513916, 31.235671997070312, -14.592395782470703, -32.87097930908203, 94.5548095703125, -116.04824829101562, 74.14112854003906
7.992404937744141, -24.71002197265625, 46.253177642822266, -41.50108337402344, 11.440391540527344, 23.16238021850586, -78.8901596069336, 102.02140045166016
6.729499340057373, -22.562776565551758, 38.67227554321289, -45.077392578125, 55.98843002319336, -38.387184143066406, -7.894893169403076, 55.36955642700195
5.027052402496338, -20.08418083190918, 33.699256896972656, -56.92135238647461, 58.25502395629883, -77.26097106933594, 50.29208755493164, -67.22154998779297
3.687730550765991, -12.208048820495605, 29.298532485961914, -47.934974670410156, 48.609092712402344, -97.38922119140625, 71.31501007080078, -143.71539306640625
1.7393851280212402, -5.161850929260254, 10.98298454284668, -16.720352172851562, 28.554786682128906, -39.20035171508789, 39.70713806152344, -86.60774230957031
-3.2077257516860413e-11, 1.278041958808899, -3.7016191482543945, 8.334471702575684, -17.17942237854004, 14.862802505493164, -31.209447860717773, 43.81387710571289
-1.7311238050460815, 8.179437637329102, -21.135208129882812, 28.97934913635254, -62.329795837402344, 91.1922607421875, -79.8031234741211, 71.79808807373047
-3.58563494682312, 13.984758377075195, -27.853464126586914, 59.96849822998047, -85.79255676269531, 92.923583984375, -114.6373519897461, 102.12886810302734
-5.01723051071167, 20.39786720275879, -35.78181076049805, 51.80281066894531, -56.07233428955078, 36.78256607055664, -20.965221405029297, -19.08927345275879
-6.887948513031006, 22.937057495117188, -40.96403884887695, 52.06829833984375, -33.801719665527344, -7.5261335372924805, 42.08364486694336, -90.53575897216797
-7.973311901092529, 26.13178253173828, -34.18134689331055, 24.954174041748047, 13.990500450134277, -57.04961395263672, 130.22325134277344, -61.50136947631836
-9.390822410583496, 28.386531829833984, -29.438335418701172, -1.4435524940490723, 48.84124755859375, -65.89208984375, 76.22146606445312, 15.230179786682129
-11.288206100463867, 27.00656509399414, -15.33752727508545, -23.935876846313477, 86.79203033447266, -56.13051223754883, -20.275453567504883, 101.97000885009766
-12.309297561645508, 26.485599517822266, -1.154436707496643, -56.116825103759766, 62.90475082397461, -0.12180279940366745, -88.38013458251953, 86.61089324951172
-12.50917911529541, 18.78120994567871, 14.816370010375977, -55.04247283935547, 32.48472595214844, 51.296913146972656, -117.20433807373047, 2.4321742057800293
-13.804152488708496, 15.252764701843262, 27.611080169677734, -58.25163650512695, -14.328750610351562, 81.25936889648438, -35.97452163696289, -111.48799896240234
-13.750757217407227, 9.96955394744873, 39.44906997680664, -34.85057830810547, -50.18745803833008, 51.46772766113281, 56.56377410888672, -102.45323944091797
-14.696477890014648, 2.1885905265808105, 41.31117248535156, -6.824512004852295, -70.39441680908203, 10.589997291564941, 79.25208282470703, -15.928023338317871
-14.187954902648926, -4.9811110496521, 45.79304122924805, 19.543621063232422, -62.74284362792969, -36.293392181396484, 96.02904510498047, 78.43468475341797
-13.471193313598633, -11.428637504577637, 36.861934661865234, 39.29848861694336, -23.613121032714844, -66.86076354980469, -3.192777633666992, 121.15621185302734
-13.674276351928711, -16.324787139892578, 18.956335067749023, 64.41243743896484, 12.997846603393555, -56.72257995605469, -81.31059265136719, 27.69748878479004
-12.200742721557617, -23.5408878326416, 6.451364517211914, 44.94389343261719, 41.17870330810547, -17.887582778930664, -70.66951751708984, -98.4840087890625
-11.6341552734375, -26.225200653076172, -10.526209831237793, 33.59358596801758, 55.152809143066406, 39.84539031982422, -56.55814743041992, -111.24783325195312
-10.780665397644043, -28.23414421081543, -23.67658233642578, 14.143893241882324, 59.23872756958008, 87.61865234375, 45.685768127441406, -42.74686050415039
-10.121983528137207, -25.358549118041992, -35.34371566772461, -14.939960479736328, 29.54989242553711, 85.17405700683594, 111.34093475341797, 65.47346496582031
-7.93350887298584, -25.203590393066406, -41.40717697143555, -43.10553741455078, -12.038890838623047, 36.937461853027344, 58.507835388183594, 99.43119812011719
-5.264013767242432, -18.975534439086914, -31.86994743347168, -64.31037902832031, -60.59838104248047, -93.23236846923828, -86.05358123779297, -49.44542694091797
-3.395453691482544, -11.143259048461914, -26.357851028442383, -51.17631530761719, -63.40229034423828, -66.92386627197266, -104.83338165283203, -71.74960327148438
-1.791042447090149, -6.142099380493164, -11.360066413879395, -18.446372985839844, -33.51788330078125, -34.9635124206543, -38.10988235473633, -71.80419158935547
2.995260289795354e-11, 1.3616302013397217, 3.9511754512786865, 6.939543724060059, 15.837113380432129, 19.091083526611328, 30.326372146606445, 28.74502182006836
1.7587480545043945, 8.388871192932129, 21.88876724243164, 39.759647369384766, 56.0461540222168, 73.93736267089844, 72.6264877319336, 110.71975708007812
3.519163131713867, 14.79489803314209, 33.938079833984375, 50.2205924987793, 56.882232666015625, 60.13780212402344, 73.33727264404297, 68.31277465820312
5.188037872314453, 22.03725814819336, 40.22008514404297, 52.31710433959961, 69.32759094238281, 50.064857482910156, 25.51248550415039, -23.334197998046875
6.62624454498291, 23.403472900390625, 39.8765754699707, 45.90461349487305, 28.27416229248047, -11.55041790008545, -74.32669067382812, -80.90913391113281
8.2830810546875, 29.801816940307617, 42.55949020385742, 30.137853622436523, -10.895724296569824, -84.2476806640625, -71.49976348876953, -74.86385345458984
10.05517292022705, 30.160919189453125, 30.179317474365234, -1.1736233234405518, -39.39048767089844, -92.40328216552734, -42.28622817993164, 7.898097991943359
10.679516792297363, 27.91268539428711, 17.373607635498047, -27.891115188598633, -63.744056701660156, -44.2148551940918, 20.396230697631836, 99.4778823852539
11.869916915893555, 26.13300895690918, 1.082034945487976, -52.65020751953125, -59.23483657836914, -0.11394563317298889, 59.80891418457031, 127.80550384521484
12.516159057617188, 22.102214813232422, -13.406341552734375, -49.8399658203125, -28.580564498901367, 56.677276611328125, 122.43826293945312, 3.7563819885253906
13.421652793884277, 14.435022354125977, -24.38446807861328, -59.084049224853516, 11.186148643493652, 87.52764129638672, 42.7488899230957, -77.47799682617188
13.996485710144043, 8.42664909362793, -34.996681213378906, -35.92152404785156, 62.33688735961914, 81.02456665039062, -47.87553787231445, -77.05342102050781
13.61408519744873, 1.9408235549926758, -44.373504638671875, -5.6043548583984375, 55.45051193237305, 9.978303909301758, -124.64523315429688, -21.329769134521484
14.617144584655762, -4.76444673538208, -44.303192138671875, 21.79185676574707, 74.03530883789062, -40.42433166503906, -79.44793701171875, 104.38684844970703
13.287713050842285, -11.58214282989502, -34.50691604614258, 48.49969482421875, 28.154420852661133, -75.9566421508789, 4.3619818687438965, 128.6285858154297
13.820846557617188, -16.253849029541016, -22.074647903442383, 59.55677032470703, -10.765419006347656, -56.1121826171875, 103.13318634033203, 41.85245132446289
12.414629936218262, -24.871370315551758, -5.623553276062012, 56.406219482421875, -52.65930938720703, -25.10062026977539, 99.77284240722656, -98.51921081542969
11.913689613342285, -25.248140335083008, 9.888652801513672, 36.20537567138672, -77.426025390625, 49.24256896972656, 47.1165771484375, -139.7219696044922
10.492199897766113, -26.07499885559082, 21.676525115966797, 13.06473445892334, -59.00933837890625, 67.25873565673828, -41.927345275878906, -52.4165153503418
9.752567291259766, -30.351425170898438, 34.972381591796875, -14.760114669799805, -27.394481658935547, 56.15566635131836, -79.35137176513672, 59.31296157836914
8.136969566345215, -24.720712661743164, 46.75186538696289, -43.394039154052734, 13.134048461914062, 22.285724639892578, -101.87532043457031, 151.15882873535156
6.7562642097473145, -22.69684410095215, 45.09465789794922, -49.232574462890625, 53.208927154541016, -40.439453125, -5.302553653717041, 67.03897857666016
5.073190212249756, -17.52685546875, 32.20331573486328, -58.57823181152344, 71.22300720214844, -93.7890396118164, 54.65293502807617, -64.75074768066406
3.4630136489868164, -13.391075134277344, 26.301998138427734, -41.03828430175781, 46.33503341674805, -60.75274658203125, 97.04923248291016, -86.78404998779297
1.715160608291626, -5.368981838226318, 12.575481414794922, -19.032039642333984, 32.958560943603516, -49.26380920410156, 38.09841537475586, -51.5485725402832
-3.0904341585813455e-11, 1.3693431615829468, -3.7727737426757812, 8.104679107666016, -14.721424102783203, 19.37428092956543, -38.20500183105469, 45.3489990234375
-1.786898136138916, 8.988149642944336, -18.394210815429688, 37.58354187011719, -54.837432861328125, 73.19690704345703, -76.14452362060547, 74.40185546875
-3.653657913208008, 13.641968727111816, -27.63414192199707, 60.80489730834961, -76.3233413696289, 72.503173828125, -96.30284881591797, 50.863525390625
-4.988010406494141, 19.27847671508789, -43.056304931640625, 48.61629867553711, -61.51296615600586, 36.31193542480469, -26.63325309753418, -34.77640151977539
-7.0138115882873535, 24.083276748657227, -47.28276062011719, 42.5381965637207, -28.443082809448242, -9.516674041748047, 69.80172729492188, -101.9113540649414
-8.659404754638672, 27.725791931152344, -42.61830139160156, 21.268962860107422, 12.251076698303223, -51.1254997253418, 72.09706115722656, -72.84549713134766
-10.027166366577148, 28.07056427001953, -27.027362823486328, -1.3493542671203613, 57.633811950683594, -59.78458023071289, 56.57489013671875, 8.622759819030762
-10.73663330078125, 26.897443771362305, -15.108441352844238, -30.35785675048828, 74.11811828613281, -67.65325927734375, -17.74515724182129, 85.69965362548828
-12.47373104095459, 26.589845657348633, -1.1077983379364014, -39.99833297729492, 72.97479248046875, -0.09085015207529068, -105.66512298583984, 127.7266616821289
-13.346707344055176, 20.061697006225586, 15.81856632232666, -61.718505859375, 29.625038146972656, 65.36062622070312, -90.46285247802734, 2.8055672645568848
-13.85591983795166, 16.90855598449707, 24.451011657714844, -42.61854934692383, -11.822300910949707, 91.21192932128906, -21.816574096679688, -71.4473876953125
-13.93921184539795, 8.337333679199219, 39.91956329345703, -31.11223602294922, -64.51720428466797, 57.09754943847656, 42.87440490722656, -66.01659393310547
-14.231767654418945, 2.0138070583343506, 45.19969177246094, -5.153831481933594, -63.155948638916016, 8.434725761413574, 76.69246673583984, -22.191078186035156
-14.501999855041504, -4.560788631439209, 37.167030334472656, 24.324485778808594, -61.8845100402832, -52.35419845581055, 77.44202423095703, 66.3355941772461
-14.160788536071777, -10.611358642578125, 36.677452087402344, 47.98251724243164, -27.067140579223633, -76.2907943725586, -4.817051887512207, 107.85443878173828
-13.097208976745605, -18.833091735839844, 19.291412353515625, 64.5439453125, 11.647849082946777, -88.76949310302734, -73.0299072265625, 26.491756439208984
-13.193078994750977, -21.146549224853516, 6.7262773513793945, 51.75247573852539, 41.418846130371094, -24.06807518005371, -70.17630767822266, -50.14392852783203
-11.677210807800293, -23.564498901367188, -10.258200645446777, 31.150306701660156, 77.98973083496094, 47.43152618408203, -29.780176162719727, -151.71780395507812
-11.323979377746582, -30.590055465698242, -26.68777084350586, 12.88375473022461, 71.98258209228516, 85.38583374023438, 55.13277816772461, -38.62358856201172
-9.239666938781738, -30.704769134521484, -35.38747787475586, -13.90612506866455, 34.42059326171875, 89.47789001464844, 124.65388488769531, 53.62980270385742
-8.31747817993164, -24.160619735717773, -43.69279861450195, -40.76626205444336, -17.51679229736328, 33.75455093383789, 86.08536529541016, 111.02110290527344
-6.584082126617432, -21.64466667175293, -42.65293884277344, -53.565792083740234, -57.03274917602539, -40.441978454589844, 6.660051345825195, 59.95726013183594
-5.416525840759277, -19.29578971862793, -41.68183135986328, -54.070037841796875, -77.62741088867188, -72.68766784667969, -64.4280014038086, -69.22404479980469
-3.5992794036865234, -11.36502456665039, -23.66211700439453, -45.01240539550781, -69.0067138671875, -82.33736419677734, -86.88809967041016, -133.9882354736328
-1.685491919517517, -6.065969944000244, -10.493574142456055, -16.42820167541504, -28.892784118652344, -41.19628143310547, -63.75905227661133, -57.291229248046875
3.145773919133177e-11, 1.3540111780166626, 4.848036766052246, 8.498703956604004, 15.633932113647461, 21.748607635498047, 32.84737014770508, 36.9312858581543
1.8110567331314087, 8.904802322387695, 20.34563446044922, 30.268213272094727, 42.416847229003906, 53.48833084106445, 109.0726089477539, 112.66049194335938
3.61960506439209, 14.471381187438965, 31.963531494140625, 50.805503845214844, 70.0343017578125, 97.33304595947266, 103.82185363769531, 69.5018081665039
5.32070255279541, 19.68775177001953, 36.34012222290039, 65.5372314453125, 58.83224105834961, 47.410343170166016, 19.902713775634766, -29.850404739379883
6.874509811401367, 24.404159545898438, 46.28356170654297, 40.50220489501953, 32.972835540771484, -8.486690521240234, -52.62760543823242, -132.87025451660156
8.453126907348633, 26.498083114624023, 43.063140869140625, 21.932157516479492, -15.673824310302734, -75.40345764160156, -81.0091781616211, -93.82447052001953
