-8.343581199645996, -25.50300407409668, -43.12016296386719, -34.763938903808594, -15.510043144226074, 27.11233901977539, 82.40130615234375, 128.0161590576172
-6.654692649841309, -22.946929931640625, -43.33848571777344, -46.881874084472656, -53.26732635498047, -39.836769104003906, 9.123223304748535, 46.025978088378906
-4.981245994567871, -19.66302490234375, -35.13841247558594, -62.58417510986328, -68.29429626464844, -91.70020294189453, -74.8958740234375, -56.89316177368164
-3.5748558044433594, -11.908255577087402, -28.65812873840332, -47.17412185668945, -75.73764038085938, -81.1224365234375, -126.4633560180664, -100.62406921386719
-1.709609031677246, -5.39335823059082, -13.322102546691895, -20.1574764251709, -24.55233383178711, -52.17844009399414, -67.82669067382812, -52.53482437133789
4.393968175420149e-11, 1.5213983058929443, 4.02954626083374, 6.933387279510498, 12.84134578704834, 21.529882431030273, 33.88837814331055, 39.84489822387695
1.7651273012161255, 8.827644348144531, 19.235769271850586, 37.773738861083984, 43.28290939331055, 82.96492004394531, 72.41143798828125, 152.83914184570312
3.6181223392486572, 15.885443687438965, 31.30671501159668, 60.165714263916016, 73.37226867675781, 90.73835754394531, 87.1998519897461, 86.53996276855469
5.314363479614258, 20.73665428161621, 43.589473724365234, 55.05668258666992, 76.54473876953125, 38.288490295410156, 22.254091262817383, -19.372974395751953
6.77406644821167, 24.11839485168457, 41.477848052978516, 39.657928466796875, 26.356952667236328, -11.618571281433105, -57.31028366088867, -99.53309631347656
8.215198516845703, 28.043476104736328, 38.162654876708984, 23.17222023010254, -16.274015426635742, -71.01504516601562, -64.56864166259766, -78.33470916748047
9.76404094696045, 28.898216247558594, 28.198955535888672, -1.1626304388046265, -40.23221969604492, -60.11790084838867, -58.18136978149414, 10.324935913085938
11.332327842712402, 28.848360061645508, 15.824605941772461, -32.72197341918945, -84.36601257324219, -49.3996696472168, 22.0111026763916, 66.62885284423828
12.233793258666992, 22.595073699951172, 1.0220946073532104, -49.9254150390625, -53.67818832397461, -0.11166951060295105, 72.79023742675781, 113.34386444091797
13.055497169494629, 21.82270622253418, -14.639761924743652, -58.14671325683594, -31.651811599731445, 52.47105407714844, 111.21476745605469, 3.508958101272583
12.813992500305176, 16.387054443359375, -29.42043685913086, -58.995018005371094, 13.454691886901855, 64.21870422363281, 32.567020416259766, -107.21694946289062
14.545982360839844, 8.909235954284668, -34.88899612426758, -28.91464614868164, 53.425716400146484, 56.502593994140625, -41.732051849365234, -121.99215698242188
13.412041664123535, 2.139803409576416, -44.74212646484375, -6.271417140960693, 85.45903778076172, 10.641586303710938, -104.41014862060547, -13.865222930908203
13.425596237182617, -4.587321758270264, -39.14643859863281, 20.123329162597656, 58.112728118896484, -42.06879806518555, -69.11930847167969, 80.38951873779297
14.401490211486816, -12.689581871032715, -30.981496810913086, 51.0905647277832, 29.21929359436035, -91.88184356689453, 6.209453105926514, 115.44937133789062
13.327225685119629, -16.146883010864258, -19.576723098754883, 61.155338287353516, -16.12464141845703, -90.52146911621094, 61.28266525268555, 33.9484977722168
12.532299041748047, -24.3726806640625, -7.035113334655762, 47.514041900634766, -56.14166259765625, -21.1415958404541, 66.19376373291016, -45.481224060058594
11.614225387573242, -26.497102737426758, 10.47201919555664, 36.4787483215332, -77.17459106445312, 33.70766067504883, 45.285057067871094, -75.51747131347656
11.235769271850586, -25.610822677612305, 27.324392318725586, 12.262411117553711, -52.76331329345703, 97.50386810302734, -32.02313232421875, -58.06004333496094
9.497563362121582, -28.169130325317383, 32.00740432739258, -17.008014678955078, -31.241514205932617, 57.324607849121094, -80.25930786132812, 67.4958267211914
8.580700874328613, -24.580106735229492, 37.56210708618164, -47.17678451538086, 16.888463973999023, 33.75617980957031, -54.65251922607422, 156.5496368408203
6.491091728210449, -22.50374412536621, 41.82566452026367, -57.60334014892578, 51.386592864990234, -22.261844635009766, -7.114018440246582, 56.39472961425781
5.358508110046387, -16.75588035583496, 32.15142822265625, -60.01907730102539, 78.0893783569336, -69.52908325195312, 56.3459358215332, -62.118831634521484
3.613279104232788, -11.143568992614746, 25.404987335205078, -38.79274368286133, 73.28545379638672, -61.48325729370117, 106.57474517822266, -98.47333526611328
1.7144747972488403, -5.316085338592529, 12.033123016357422, -16.30748176574707, 31.591981887817383, -37.12556076049805, 37.98320770263672, -71.34902954101562
-4.212518875390536e-11, 1.5367722511291504, -4.760365962982178, 7.084570407867432, -11.355591773986816, 22.551820755004883, -20.47704315185547, 33.03135299682617
-1.7033849954605103, 9.203761100769043, -19.602705001831055, 31.87625503540039, -61.33468246459961, 73.60037994384766, -120.14739990234375, 84.81922912597656
-3.432990074157715, 15.664402961730957, -27.770153045654297, 48.36333084106445, -72.59394836425781, 74.6799545288086, -72.17127990722656, 104.68646240234375
-5.0517258644104, 19.246318817138672, -39.4659423828125, 61.625572204589844, -59.025814056396484, 51.18516159057617, -24.119171142578125, -18.356197357177734
-6.807806491851807, 22.57500648498535, -44.552581787109375, 50.691749572753906, -28.011573791503906, -11.891949653625488, 82.84798431396484, -84.71249389648438
-8.212691307067871, 25.591882705688477, -43.75709533691406, 23.914777755737305, 13.50271224975586, -66.92388916015625, 127.78227233886719, -116.50199890136719
-10.039538383483887, 30.878170013427734, -27.868669509887695, -1.195106029510498, 60.554534912109375, -104.8428955078125, 82.906982421875, 11.228843688964844
-10.75326919555664, 29.830642700195312, -18.34442901611328, -32.177215576171875, 78.88731384277344, -52.20492172241211, -22.454124450683594, 68.93513488769531
-12.249217987060547, 26.584442138671875, -1.202135682106018, -44.99481964111328, 59.20146179199219, -0.12905992567539215, -65.77681732177734, 124.5670166015625
-12.840645790100098, 19.81146240234375, 16.232101440429688, -47.81531524658203, 34.31549072265625, 67.7300033569336, -106.68449401855469, 2.9730846881866455
-14.121011734008789, 15.578192710876465, 24.86667823791504, -46.986167907714844, -12.354132652282715, 107.41327667236328, -38.864776611328125, -92.31410217285156
-13.733388900756836, 9.573141098022461, 33.60364532470703, -35.150943756103516, -46.73506164550781, 69.13727569580078, 48.42928695678711, -120.78492736816406
-13.494061470031738, 2.100100040435791, 43.585899353027344, -6.328297138214111, -59.23394775390625, 12.558817863464355, 93.56957244873047, -21.376588821411133
-13.95156478881836, -5.399454116821289, 39.45030212402344, 24.404693603515625, -52.23652648925781, -59.17084503173828, 81.1591567993164, 96.132080078125
-13.510802268981934, -11.634435653686523, 30.784006118774414, 51.09811019897461, -28.2474308013916, -72.09184265136719, -5.51320743560791, 96.10437774658203
-13.538987159729004, -19.10480308532715, 21.517812728881836, 54.45224380493164, 16.135738372802734, -78.24118041992188, -65.43114471435547, 21.971172332763672
-13.123270034790039, -24.137216567993164, 6.448698997497559, 49.32963562011719, 63.39541244506836, -26.741878509521484, -106.4146499633789, -64.87529754638672
-11.712858200073242, -23.61256217956543, -8.208189964294434, 44.834495544433594, 58.40159225463867, 52.59053421020508, -29.015676498413086, -67.0899429321289
-10.952224731445312, -26.651498794555664, -22.292993545532227, 13.549408912658691, 69.38528442382812, 64.39965057373047, 53.81061553955078, -52.471893310546875
-10.039433479309082, -30.85748863220215, -30.15508270263672, -16.196073532104492, 25.22418785095215, 60.288726806640625, 85.18899536132812, 61.35309600830078
-8.08667278289795, -28.73838996887207, -38.33506393432617, -32.447444915771484, -11.649503707885742, 36.8685188293457, 67.44731903076172, 137.87567138671875
-6.9766764640808105, -23.568096160888672, -40.13499069213867, -50.80244827270508, -56.82207489013672, -26.534658432006836, 5.934453010559082, 38.49693298339844
-4.99569845199585, -18.58230209350586, -38.34572219848633, -66.09599304199219, -76.83171844482422, -73.3674545288086, -85.68408966064453, -53.26567840576172
-3.429567813873291, -11.158975601196289, -23.303815841674805, -48.15703201293945, -54.369041442871094, -87.07542419433594, -76.3234634399414, -84.92814636230469
-1.799816608428955, -5.257284641265869, -11.203883171081543, -19.03961181640625, -24.78139305114746, -30.529569625854492, -38.33991241455078, -41.609535217285156
4.2564802377187405e-11, 1.3478388786315918, 4.647852420806885, 9.508707046508789, 12.815347671508789, 19.920879364013672, 21.000137329101562, 36.0137939453125
1.6920086145401, 9.133687973022461, 20.336843490600586, 30.422344207763672, 53.6380615234375, 92.65531921386719, 74.57811737060547, 149.7936248779297
3.4890573024749756, 16.229825973510742, 35.31337356567383, 55.638710021972656, 67.16024017333984, 107.33030700683594, 92.19564819335938, 109.62474822998047
5.291903972625732, 20.629148483276367, 40.618980407714844, 56.33697509765625, 67.26353454589844, 57.835323333740234, 23.418973922729492, -30.022098541259766
6.885093688964844, 25.433752059936523, 46.439353942871094, 40.26316452026367, 22.16179084777832, -9.60064697265625, -72.79137420654297, -131.8471221923828
8.28810977935791, 25.51082992553711, 33.80317687988281, 29.05018424987793, -10.743294715881348, -58.919158935546875, -125.78638458251953, -73.26509094238281
9.541093826293945, 26.73280143737793, 29.859668731689453, -1.248558521270752, -50.897029876708984, -74.37591552734375, -68.9338150024414, 11.985756874084473
11.334758758544922, 30.227888107299805, 16.357913970947266, -26.57709503173828, -74.51992797851562, -54.273555755615234, 13.218525886535645, 129.03326416015625
11.731474876403809, 25.135202407836914, 1.1559381484985352, -57.219478607177734, -75.335205078125, -0.12795305252075195, 79.73390197753906, 94.39216613769531
12.434280395507812, 18.88869857788086, -12.704031944274902, -60.36548614501953, -25.207489013671875, 70.14892578125, 73.3531723022461, 3.6020443439483643
13.580130577087402, 15.821398735046387, -26.059497833251953, -52.590206146240234, 15.935563087463379, 101.30001068115234, 27.43897247314453, -123.90756225585938
14.328269958496094, 9.633448600769043, -40.41929244995117, -27.350351333618164, 64.27816772460938, 78.32057189941406, -37.83432388305664, -76.59577178955078
13.658490180969238, 2.200207233428955, -39.143489837646484, -4.710951328277588, 63.818511962890625, 10.104867935180664, -80.35108947753906, -15.625717163085938
14.319244384765625, -4.915323734283447, -35.96288299560547, 24.48516845703125, 48.07521057128906, -59.05221939086914, -57.91735076904297, 89.08688354492188
14.10216236114502, -12.753517150878906, -35.21474075317383, 39.81839370727539, 25.54002571105957, -102.72241973876953, 5.634166717529297, 144.77792358398438
13.571401596069336, -17.76943016052246, -19.643959045410156, 52.972755432128906, -13.791499137878418, -68.60968780517578, 106.50543975830078, 38.90585708618164
13.209137916564941, -22.93172264099121, -6.372106552124023, 63.87562561035156, -62.42272186279297, -25.834558486938477, 91.95242309570312, -62.787235260009766
11.740923881530762, -25.154987335205078, 9.01511287689209, 45.12185287475586, -77.64244842529297, 42.19634246826172, 37.491180419921875, -84.04116821289062
10.445569038391113, -30.78593635559082, 20.903738021850586, 13.798136711120605, -75.6817855834961, 80.39840698242188, -36.67218780517578, -27.647390365600586
9.957615852355957, -30.60989761352539, 31.980987548828125, -12.611504554748535, -24.36471176147461, 66.47816467285156, -73.23332214355469, 66.41326904296875
8.631227493286133, -28.391355514526367, 40.79802703857422, -34.5231819152832, 14.37989616394043, 38.565181732177734, -108.28600311279297, 95.70339965820312
6.500608444213867, -21.616191864013672, 42.09749984741211, -64.48086547851562, 54.47886276245117, -26.212936401367188, -6.011327743530273, 79.53368377685547
5.312204837799072, -18.14451789855957, 37.0982551574707, -63.30160140991211, 82.40434265136719, -76.99021911621094, 88.45680236816406, -38.62846755981445
3.610480785369873, -11.823164939880371, 25.827722549438477, -36.16163635253906, 46.404335021972656, -97.37625122070312, 113.38611602783203, -151.438720703125
1.8138504028320312, -5.786241054534912, 12.510433197021484, -16.75899314880371, 25.854331970214844, -32.18583297729492, 57.113128662109375, -45.426273345947266
-4.4075638971907694e-11, 1.2947641611099243, -4.526742458343506, 7.445489883422852, -15.514852523803711, 20.516733169555664, -37.187408447265625, 50.198463439941406
-1.7103067636489868, 8.205982208251953, -21.690698623657227, 29.74573516845703, -56.76704025268555, 70.7953872680664, -119.07889556884766, 124.0689926147461
-3.4386861324310303, 14.014994621276855, -31.097517013549805, 56.364864349365234, -73.21987915039062, 75.51278686523438, -68.54147338867188, 90.29907989501953
-4.997071266174316, 19.89815902709961, -42.576229095458984, 46.017417907714844, -63.30213928222656, 37.230247497558594, -19.258878707885742, -34.32373046875
-6.800174236297607, 23.8375186920166, -40.760379791259766, 39.96864700317383, -32.90489196777344, -8.446176528930664, 41.32568359375, -112.60809326171875
-8.077779769897461, 28.822200775146484, -42.824424743652344, 30.89711570739746, 12.585546493530273, -52.495948791503906, 113.59423065185547, -56.31676483154297
-9.86412525177002, 28.990169525146484, -29.69344711303711, -1.3209997415542603, 51.680057525634766, -84.50331115722656, 62.57115936279297, 7.976930141448975
-10.78912353515625, 26.608640670776367, -15.473223686218262, -24.390703201293945, 73.85942840576172, -68.0787124633789, -12.98868179321289, 66.69993591308594
-11.520646095275879, 26.01792335510254, -1.1654242277145386, -39.38606643676758, 61.9884033203125, -0.12284348160028458, -56.332794189453125, 98.5334701538086
-13.254792213439941, 20.350997924804688, 15.965267181396484, -62.00473403930664, 24.19748878479004, 58.127586364746094, -86.95616149902344, 3.7923319339752197
-13.955864906311035, 15.13254451751709, 25.23406982421875, -58.83125686645508, -14.128779411315918, 77.338134765625, -33.1258659362793, -69.6710205078125
-13.390891075134277, 9.543140411376953, 39.74488830566406, -32.55350112915039, -56.17816162109375, 68.28087615966797, 43.64358901977539, -137.19686889648438
-13.870232582092285, 2.0171661376953125, 38.047367095947266, -6.145507335662842, -58.62310791015625, 8.426432609558105, 87.55933380126953, -22.754743576049805
-14.025832176208496, -4.5832343101501465, 38.51938247680664, 25.536014556884766, -75.02677154541016, -52.8392448425293, 92.95349884033203, 80.68795776367188
-14.186989784240723, -12.221041679382324, 37.70447540283203, 50.43731689453125, -34.50891876220703, -86.8278579711914, -6.066268444061279, 139.82493591308594
-13.43288803100586, -17.70139503479004, 19.870357513427734, 54.75016403198242, 16.632028579711914, -60.3463020324707, -91.32843017578125, 24.126365661621094
-13.30624771118164, -21.26569938659668, 5.90995979309082, 47.4469108581543, 41.90599060058594, -17.578121185302734, -92.70181274414062, -98.93472290039062
-11.844560623168945, -23.749610900878906, -9.717639923095703, 39.97367858886719, 53.23188781738281, 50.03216552734375, -31.06939697265625, -72.50222778320312
-11.351353645324707, -27.003952026367188, -25.558528900146484, 14.58707046508789, 69.23652648925781, 60.567935943603516, 49.79328536987305, -50.12942123413086
-9.649435043334961, -27.75843048095703, -33.79270553588867, -13.279306411743164, 26.910993576049805, 91.26448059082031, 118.77070617675781, 79.49784088134766
-8.540234565734863, -28.42766571044922, -45.58504867553711, -46.111385345458984, -10.692424774169922, 34.72096633911133, 75.61273193359375, 106.50218963623047
-7.070182800292969, -22.6278133392334, -45.20939254760742, -50.28973388671875, -48.91278839111328, -32.52348709106445, 6.204506874084473, 64.26496124267578
-5.438638210296631, -17.76350212097168, -39.57805252075195, -64.79779815673828, -57.69523239135742, -91.77098083496094, -94.47055053710938, -53.00572967529297
-3.5210864543914795, -12.460508346557617, -27.988182067871094, -50.719905853271484, -67.5927963256836, -80.25425720214844, -77.41062927246094, -70.4758071899414
-1.822379469871521, -5.4173150062561035, -11.211812019348145, -21.269622802734375, -28.458450317382812, -41.67737579345703, -55.65192413330078, -80.37681579589844
4.3622338380400194e-11, 1.3032147884368896, 3.6315255165100098, 8.484339714050293, 14.399439811706543, 16.673316955566406, 32.34651184082031, 32.98061752319336
1.8298684358596802, 7.819461345672607, 21.075138092041016, 38.04203414916992, 47.06073760986328, 71.06433868408203, 74.27315521240234, 98.2041015625
3.510995864868164, 14.344117164611816, 28.7906551361084, 47.72701644897461, 63.692195892333984, 103.64341735839844, 115.90145111083984, 102.81734466552734
5.2950873374938965, 21.501996994018555, 44.908653259277344, 49.74220275878906, 58.98322296142578, 45.82383728027344, 21.854637145996094, -34.85081100463867
7.0576677322387695, 25.529834747314453, 42.35568618774414, 38.595947265625, 33.08085632324219, -12.19275188446045, -54.94991683959961, -114.12813568115234
8.184126853942871, 26.926645278930664, 37.01502990722656, 25.195159912109375, -14.562459945678711, -51.95695495605469, -86.73822021484375, -111.7421646118164
9.470035552978516, 26.595502853393555, 28.98000144958496, -1.194643497467041, -60.154571533203125, -102.31806182861328, -46.24306869506836, 8.861185073852539
10.642388343811035, 26.17550277709961, 15.58580207824707, -25.430051803588867, -73.4482650756836, -53.89621353149414, 15.540977478027344, 104.02425384521484
12.400084495544434, 24.858423233032227, 0.9469640254974365, -54.121734619140625, -52.56202697753906, -0.0960501953959465, 88.47557830810547, 112.3390884399414
13.312472343444824, 20.58504867553711, -13.666755676269531, -46.977176666259766, -27.22492790222168, 54.248680114746094, 78.44728088378906, 4.0901875495910645
12.89981746673584, 15.055051803588867, -32.3123664855957, -44.1380500793457, 11.040903091430664, 74.72244262695312, 37.334346771240234, -112.9856185913086
13.644207954406738, 8.750094413757324, -37.14483642578125, -28.94072723388672, 39.8167610168457, 77.07292938232422, -40.23688888549805, -78.62479400634766
14.088194847106934, 2.008190631866455, -47.78133773803711, -6.724533557891846, 78.87483978271484, 7.533568382263184, -69.24531555175781, -16.869853973388672
14.712509155273438, -4.531154632568359, -38.97597122192383, 22.619670867919922, 47.29328536987305, -58.26924514770508, -94.8051986694336, 90.94306182861328
13.37981128692627, -12.483794212341309, -29.542827606201172, 38.282501220703125, 27.17760467529297, -68.51475524902344, 5.112136363983154, 110.10047149658203
13.498748779296875, -17.892349243164062, -19.425283432006836, 65.55880737304688, -11.922597885131836, -71.06058502197266, 76.66332244873047, 39.75201416015625
12.818633079528809, -20.566282272338867, -6.123134613037109, 49.00624084472656, -42.33857727050781, -26.691001892089844, 110.85946655273438, -99.92366027832031
12.337383270263672, -23.612180709838867, 10.39739990234375, 42.176239013671875, -58.293155670166016, 29.95920753479004, 36.8662223815918, -67.72025299072266
10.426165580749512, -28.324016571044922, 27.091190338134766, 11.175431251525879, -53.020328521728516, 87.94581604003906, -47.80961608886719, -44.59693908691406
9.276949882507324, -25.898269653320312, 34.71885299682617, -16.19314956665039, -32.632164001464844, 54.72408676147461, -124.09347534179688, 66.88371276855469
8.087084770202637, -27.68696403503418, 44.6306037902832, -32.05909729003906, 10.942670822143555, 33.21949005126953, -68.18759155273438, 120.92343139648438
6.900942802429199, -22.367292404174805, 41.69242477416992, -52.00191879272461, 47.7484245300293, -31.58753776550293, -6.720303058624268, 57.421043395996094
5.2836689949035645, -17.466272354125977, 38.15245056152344, -48.56125259399414, 69.744384765625, -95.62220001220703, 94.25163269042969, -37.887672424316406
3.3462915420532227, -12.602916717529297, 23.10240936279297, -44.10720443725586, 58.444637298583984, -88.31636047363281, 80.1936264038086, -89.7407455444336
1.8541440963745117, -5.374612331390381, 12.310547828674316, -22.10944938659668, 28.52962875366211, -36.36528396606445, 46.64658737182617, -52.19367599487305
-4.3144054301391677e-11, 1.384223222732544, -4.450535297393799, 8.12738037109375, -11.971155166625977, 25.774227142333984, -38.73247146606445, 33.707183837890625
-1.6924798488616943, 8.057169914245605, -16.586381912231445, 36.98598098754883, -55.5, 71.37315368652344, -78.2479248046875, 103.54666137695312
-3.418550491333008, 13.397309303283691, -32.99422073364258, 53.712646484375, -79.14151763916016, 73.04725646972656, -95.11297607421875, 96.60857391357422
-5.118556499481201, 19.741249084472656, -40.66424560546875, 66.8431396484375, -64.60468292236328, 45.102943420410156, -25.573686599731445, -20.02549171447754
-7.09246301651001, 24.43344497680664, -47.31925582885742, 41.54475402832031, -36.215763092041016, -12.682732582092285, 59.43155288696289, -81.52778625488281
-8.335201263427734, 28.069561004638672, -33.707645416259766, 30.82469367980957, 16.838247299194336, -49.59836959838867, 100.55941009521484, -89.14021301269531
-9.325922966003418, 28.199073791503906, -28.197689056396484, -1.6303198337554932, 51.00326919555664, -91.24964904785156, 78.4443130493164, 8.084395408630371
-10.509015083312988, 28.858810424804688, -17.494035720825195, -23.628238677978516, 53.29123306274414, -49.34760284423828, -12.280078887939453, 85.7448959350586
-11.602469444274902, 22.617938995361328, -1.0634756088256836, -54.19448471069336, 68.69139099121094, -0.14212878048419952, -63.305877685546875, 88.27599334716797
-12.512971878051758, 22.773202896118164, 13.247776985168457, -62.409759521484375, 32.89389419555664, 52.43282699584961, -104.27994537353516, 3.9728951454162598
-12.878942489624023, 15.558380126953125, 26.466100692749023, -54.22359848022461, -12.668585777282715, 64.87293243408203, -26.99846839904785, -70.18731689453125
-13.50143051147461, 9.003568649291992, 38.60784912109375, -29.313129425048828, -55.720245361328125, 75.35881805419922, 60.22817611694336, -119.93350982666016
-13.5313720703125, 2.2875173091888428, 47.0090446472168, -6.266641139984131, -68.82429504394531, 11.118022918701172, 108.37019348144531, -15.930242538452148
-14.727044105529785, -4.556209087371826, 42.744384765625, 23.414459228515625, -48.54461669921875, -48.376407623291016, 88.716064453125, 80.46989440917969
-13.458706855773926, -11.712810516357422, 31.08869171142578, 40.249961853027344, -23.63711166381836, -86.38475036621094, -4.536557674407959, 132.19442749023438
-13.875564575195312, -18.127544403076172, 18.600404739379883, 46.82836151123047, 11.674180030822754, -92.784912109375, -56.22112274169922, 41.40585708618164
-12.917075157165527, -22.90026092529297, 5.836555004119873, 50.699859619140625, 62.840389251708984, -16.53881072998047, -94.3038330078125, -82.9762954711914
-12.190744400024414, -24.75565528869629, -10.206109046936035, 39.48735809326172, 87.30150604248047, 29.333677291870117, -57.593936920166016, -114.18310546875
-11.11810302734375, -30.270715713500977, -23.794893264770508, 11.493749618530273, 68.1318588256836, 68.27180480957031, 48.430389404296875, -47.587860107421875
-9.82324504852295, -30.12510871887207, -35.34409713745117, -13.589344024658203, 33.96521759033203, 82.53300476074219, 93.8264389038086, 64.169677734375
-8.073330879211426, -27.196334838867188, -44.340091705322266, -45.58216094970703, -14.055672645568848, 36.936710357666016, 72.81010437011719, 83.30261993408203
-6.7801947593688965, -21.403564453125, -38.997257232666016, -44.03451919555664, -40.12928009033203, -29.65910530090332, 9.539201736450195, 49.87923049926758
-5.183180809020996, -17.961397171020508, -37.38964080810547, -63.91011428833008, -77.43547821044922, -84.88803100585938, -63.990203857421875, -68.62883758544922
-3.568295478820801, -12.538467407226562, -28.835412979125977, -35.992435455322266, -59.12470626831055, -103.32968139648438, -113.27824401855469, -103.18216705322266
-1.731619119644165, -5.9791693687438965, -11.765298843383789, -21.36493682861328, -33.330413818359375, -32.442848205566406, -48.25708770751953, -50.71321487426758
4.416872423362861e-11, 1.4493224620819092, 4.814671993255615, 9.901324272155762, 17.052005767822266, 19.545629501342773, 35.0479736328125, 44.917686462402344
1.7569669485092163, 8.47950553894043, 17.169832229614258, 37.92886734008789, 58.04727554321289, 77.04107666015625, 109.92227172851562, 91.09174346923828
3.357403039932251, 14.785513877868652, 29.873828887939453, 57.046226501464844, 59.608192443847656, 97.98078918457031, 87.96675109863281, 74.39701843261719
5.284939289093018, 21.954771041870117, 42.53548812866211, 59.78266525268555, 70.64312744140625, 38.40982437133789, 12.97061824798584, -27.066471099853516
6.677029132843018, 22.389888763427734, 44.86661911010742, 40.7418212890625, 31.83235740661621, -9.02349853515625, -52.219364166259766, -126.21683502197266
8.636136054992676, 27.833459854125977, 34.62134552001953, 25.222379684448242, -13.902185440063477, -74.81810760498047, -69.85778045654297, -81.62348937988281
9.451114654541016, 29.634321212768555, 31.4862003326416, -1.4488753080368042, -44.87738800048828, -80.1001205444336, -78.11022186279297, 7.985657215118408
10.777658462524414, 28.241954803466797, 18.713970184326172, -32.104454040527344, -83.10721588134766, -66.52252960205078, 18.222402572631836, 131.12872314453125
11.979199409484863, 24.224822998046875, 0.931784987449646, -51.8927116394043, -76.51901245117188, -0.08350392431020737, 107.01359558105469, 106.998046875
13.097723007202148, 19.76490020751953, -13.431105613708496, -59.945613861083984, -36.04729080200195, 70.32242584228516, 119.41529083251953, 3.757525682449341
13.310243606567383, 14.922837257385254, -28.95446014404297, -48.63794708251953, 14.769598960876465, 72.73023223876953, 23.256168365478516, -88.09593963623047
13.3282470703125, 8.789206504821777, -33.216949462890625, -28.771839141845703, 63.10175704956055, 77.67352294921875, -37.81389617919922, -91.15945434570312
13.645760536193848, 2.278825283050537, -45.40594482421875, -4.74778413772583, 69.4534683227539, 12.720813751220703, -98.95272827148438, -15.03893756866455
14.489476203918457, -5.324503421783447, -39.718990325927734, 24.306350708007812, 55.884315490722656, -35.69935989379883, -61.36617660522461, 68.92901611328125
13.492132186889648, -11.350443840026855, -33.03881072998047, 51.91659927368164, 26.248193740844727, -79.32188415527344, 3.3742871284484863, 126.35661315917969
12.946064949035645, -17.368976593017578, -19.400453567504883, 47.195709228515625, -14.839179992675781, -57.99458312988281, 92.79634094238281, 42.13108444213867
13.3995361328125, -22.593994140625, -6.57573938369751, 44.27522277832031, -41.15176010131836, -21.96678352355957, 77.68030548095703, -47.18654251098633
11.790689468383789, -27.265466690063477, 10.009512901306152, 39.68037796020508, -82.55557250976562, 31.039020538330078, 32.92792510986328, -118.7212142944336
10.623167991638184, -26.344202041625977, 27.369688034057617, 11.826189041137695, -76.72962188720703, 61.43040466308594, -36.20425796508789, -32.27339172363281
9.673139572143555, -27.35962677001953, 38.0008544921875, -16.925546646118164, -25.56407356262207, 75.5761947631836, -90.14318084716797, 74.82333374023438
8.161993026733398, -28.062305450439453, 36.36258316040039, -45.452056884765625, 12.044641494750977, 38.43946075439453, -52.78615188598633, 153.33413696289062
6.951213359832764, -23.273399353027344, 35.790809631347656, -61.700416564941406, 42.00739669799805, -34.98323059082031, -7.887592792510986, 44.752784729003906
5.066527843475342, -18.195768356323242, 37.168392181396484, -61.18971633911133, 63.97441101074219, -88.53258514404297, 76.86284637451172, -35.86088180541992
3.6591854095458984, -11.911609649658203, 28.767112731933594, -49.402984619140625, 61.66051483154297, -93.86044311523438, 115.8545913696289, -141.2827911376953
1.7090940475463867, -6.075001239776611, 12.747923851013184, -17.129854202270508, 31.138118743896484, -47.44700622558594, 39.69117736816406, -76.21367645263672
-4.5302071122188536e-11, 1.4173284769058228, -4.290985584259033, 9.622868537902832, -14.994383811950684, 21.073009490966797, -23.725414276123047, 43.357120513916016
-1.7760419845581055, 8.06983470916748, -20.41277503967285, 31.481935501098633, -51.63529968261719, 72.46929931640625, -97.17052459716797, 117.7001724243164
-3.6079835891723633, 14.987409591674805, -31.419050216674805, 44.568565368652344, -75.12995147705078, 107.97119903564453, -75.04056549072266, 70.48643493652344
-5.272857666015625, 21.70303726196289, -38.92491149902344, 58.23176956176758, -50.45183563232422, 41.957149505615234, -13.146981239318848, -27.77542495727539
-6.495623588562012, 23.507841110229492, -36.06018829345703, 48.51844024658203, -35.26661682128906, -10.975231170654297, 56.5223503112793, -85.65226745605469
-8.67048454284668, 26.912067413330078, -41.657108306884766, 28.50086784362793, 16.885454177856445, -74.89595794677734, 90.45323181152344, -108.29349517822266
-9.886473655700684, 26.75208854675293, -30.30577850341797, -1.4284974336624146, 55.78402328491211, -89.93379974365234, 58.60070037841797, 8.179476737976074
-10.443914413452148, 29.989892959594727, -17.317874908447266, -30.3797607421875, 82.48043060302734, -42.91389083862305, -16.697153091430664, 72.36863708496094
-12.486205101013184, 24.5050048828125, -1.0286293029785156, -43.84553527832031, 72.05435180664062, -0.13961605727672577, -109.7106704711914, 67.12982177734375
-13.23934555053711, 19.728050231933594, 13.38418960571289, -48.82896041870117, 28.953731536865234, 72.62887573242188, -95.56534576416016, 3.473756790161133
-13.839137077331543, 14.415419578552246, 30.300504684448242, -45.934078216552734, -10.713594436645508, 93.20396423339844, -32.72401809692383, -97.43363189697266
-14.116528511047363, 9.009814262390137, 34.0699462890625, -28.68071937561035, -49.173160552978516, 80.49836730957031, 60.235233306884766, -73.65753936767578
-14.468917846679688, 2.2756757736206055, 36.940914154052734, -4.610662937164307, -56.44047546386719, 12.226046562194824, 131.35348510742188, -19.06448745727539
-13.436686515808105, -4.88336181640625, 42.242340087890625, 26.0610294342041, -58.99507522583008, -63.27074432373047, 61.80586624145508, 105.2490234375
-13.65180492401123, -12.391627311706543, 36.39302062988281, 36.150543212890625, -26.727109909057617, -70.99522399902344, -6.239054203033447, 65.83768463134766
-13.606768608093262, -16.0151424407959, 19.74154281616211, 45.423744201660156, 13.378522872924805, -80.94117736816406, -52.26409149169922, 34.69099807739258
-13.027029037475586, -21.365386962890625, 6.591328144073486, 58.2122917175293, 42.99995040893555, -26.58572769165039, -94.11444854736328, -52.23586654663086
-12.249645233154297, -24.418596267700195, -9.157974243164062, 30.532243728637695, 61.5309944152832, 37.17524337768555, -38.46915817260742, -73.28060150146484
-11.034713745117188, -27.834640502929688, -24.477802276611328, 13.10350227355957, 73.3294677734375, 60.74025344848633, 38.420249938964844, -38.942073822021484
-9.843354225158691, -26.282041549682617, -40.14564895629883, -14.037391662597656, 28.655452728271484, 99.19735717773438, 89.28223419189453, 64.83888244628906
-8.128533363342285, -23.86966323852539, -40.59052276611328, -43.16385269165039, -13.741816520690918, 38.3070068359375, 105.22005462646484, 87.70390319824219
-6.744467735290527, -20.966283798217773, -36.618072509765625, -48.06632614135742, -51.108314514160156, -36.98128128051758, 7.034282684326172, 46.27550506591797
-5.019524097442627, -17.73687171936035, -36.26897430419922, -56.6268310546875, -67.13960266113281, -77.20204162597656, -82.81836700439453, -44.31413650512695
-3.357600688934326, -12.890993118286133, -24.063831329345703, -41.39955139160156, -53.1223258972168, -76.7145767211914, -107.27322387695312, -109.48310852050781
-1.8510842323303223, -6.127880096435547, -11.184009552001953, -21.560211181640625, -23.692140579223633, -48.118892669677734, -61.46846008300781, -57.94648742675781
4.463599975745858e-11, 1.2796142101287842, 4.858775615692139, 7.826758861541748, 10.974465370178223, 19.20992660522461, 33.31743621826172, 33.116302490234375
1.792444109916687, 7.911572456359863, 16.875709533691406, 38.455162048339844, 57.59867858886719, 50.69178771972656, 78.90049743652344, 101.96867370605469
3.4002954959869385, 15.987543106079102, 35.473331451416016, 60.13753890991211, 70.19863891601562, 98.66826629638672, 114.22648620605469, 56.52047348022461
4.950573921203613, 21.59227180480957, 39.973609924316406, 54.364925384521484, 48.98440933227539, 43.43553924560547, 15.190451622009277, -22.028181076049805
6.813000679016113, 24.029111862182617, 44.489383697509766, 42.25539779663086, 22.94485855102539, -13.130282402038574, -50.871063232421875, -75.86566925048828
8.581253051757812, 25.814708709716797, 35.49542236328125, 31.083789825439453, -12.060772895812988, -77.28470611572266, -100.1830062866211, -58.08283615112305
9.643691062927246, 30.714792251586914, 26.326576232910156, -1.3795121908187866, -64.50003051757812, -84.54842376708984, -77.8391342163086, 9.055054664611816
11.272332191467285, 28.23702049255371, 18.61126708984375, -25.779958724975586, -59.841094970703125, -74.25244903564453, 14.051239967346191, 137.03851318359375
12.460550308227539, 24.03031349182129, 1.2068662643432617, -41.04166030883789, -73.2359619140625, -0.10203204303979874, 62.510074615478516, 86.43785095214844
12.64126205444336, 20.591896057128906, -15.58220100402832, -45.26726531982422, -34.72224426269531, 71.4874038696289, 67.3855972290039, 1.968146562576294
13.859184265136719, 16.329425811767578, -31.33307456970215, -56.50426483154297, 11.522832870483398, 98.85140991210938, 42.14585876464844, -111.59220886230469
13.401639938354492, 9.55122184753418, -36.805870056152344, -33.409358978271484, 44.58380126953125, 59.7182502746582, -41.38153076171875, -72.18707275390625
13.982465744018555, 2.1595685482025146, -47.181705474853516, -6.840662479400635, 86.10478973388672, 13.052190780639648, -124.4187240600586, -20.752506256103516
14.191950798034668, -5.3300395011901855, -44.48251724243164, 19.495309829711914, 64.69093322753906, -50.96427917480469, -94.30936431884766, 57.71466064453125
14.560999870300293, -12.017730712890625, -33.22896957397461, 41.19095230102539, 23.542236328125, -87.75516510009766, 4.489035606384277, 140.58599853515625
13.469895362854004, -18.996726989746094, -23.13804817199707, 47.81681823730469, -15.378252983093262, -76.45196533203125, 58.09768295288086, 18.99677276611328
12.952138900756836, -24.31919288635254, -7.022555351257324, 51.773563385009766, -61.56789016723633, -16.061342239379883, 85.1314468383789, -92.18963623046875
11.762582778930664, -26.331743240356445, 8.959550857543945, 44.67748260498047, -85.2632827758789, 51.608028411865234, 43.2077522277832, -78.78166198730469
10.836237907409668, -30.305891036987305, 22.7982120513916, 15.201333045959473, -67.6361083984375, 100.56280517578125, -47.86797332763672, -43.58119583129883
9.739015579223633, -28.372743606567383, 38.69198226928711, -12.744852066040039, -35.667266845703125, 75.93396759033203, -120.31555938720703, 80.77201080322266
8.152960777282715, -24.212024688720703, 45.004642486572266, -32.83254623413086, 14.503138542175293, 35.96409225463867, -63.23143005371094, 69.5099868774414
6.713748931884766, -24.69218635559082, 35.63662338256836, -50.08443069458008, 41.028602600097656, -23.49154281616211, -9.272021293640137, 56.13640594482422
5.423264980316162, -18.84546661376953, 37.25947189331055, -56.37424850463867, 84.74967193603516, -67.34371185302734, 75.40254211425781, -70.92003631591797
3.4990408420562744, -11.210776329040527, 22.03017234802246, -46.07548522949219, 51.27128219604492, -71.87213134765625, 102.34803009033203, -156.3449249267578
1.703237533569336, -5.48519229888916, 13.247154235839844, -19.1068115234375, 22.614397048950195, -33.64423751831055, 41.994544982910156, -57.347694396972656
-4.293728914084305e-11, 1.5380733013153076, -3.7108283042907715, 9.703645706176758, -10.960368156433105, 25.804357528686523, -21.103029251098633, 44.271236419677734
-1.761676549911499, 8.788152694702148, -18.820688247680664, 38.49124526977539, -50.28331756591797, 87.25447845458984, -67.1479263305664, 136.64295959472656
-3.449725866317749, 15.910627365112305, -34.68422317504883, 51.989410400390625, -76.34777069091797, 77.10240173339844, -81.23609161376953, 86.06798553466797
-4.979307174682617, 18.38072395324707, -34.620906829833984, 66.55126190185547, -68.86219787597656, 48.19407272338867, -22.843196868896484, -30.326934814453125
-6.690496444702148, 23.7163028717041, -38.08930206298828, 39.261959075927734, -30.591575622558594, -12.839749336242676, 47.68498992919922, -136.32781982421875
-8.188962936401367, 29.895784378051758, -41.09775924682617, 22.260517120361328, 11.635465621948242, -52.39183044433594, 131.10421752929688, -102.23616027832031
-9.409089088439941, 26.67155647277832, -31.817554473876953, -1.444090723991394, 48.58657455444336, -86.24239349365234, 85.76411437988281, 9.166789054870605
-11.328551292419434, 26.03066635131836, -14.518192291259766, -24.74742889404297, 62.521240234375, -69.44035339355469, -17.166425704956055, 109.2038345336914
-11.938674926757812, 24.039731979370117, -0.9830918312072754, -41.40705871582031, 48.260860443115234, -0.09898660331964493, -108.60099792480469, 98.1419448852539
-13.377715110778809, 22.329200744628906, 13.38235092163086, -51.77962112426758, 32.01036834716797, 44.79621887207031, -63.28868865966797, 3.919102430343628
-13.046463966369629, 14.8009672164917, 28.701637268066406, -59.92685317993164, -14.648968696594238, 60.430946350097656, -40.827491760253906, -104.30912017822266
-14.231334686279297, 8.734281539916992, 32.581207275390625, -28.3400936126709, -42.29964065551758, 59.41162109375, 59.61333465576172, -77.67988586425781
-14.463732719421387, 2.2734999656677246, 42.530189514160156, -6.073398590087891, -63.95904541015625, 11.608890533447266, 116.84121704101562, -16.636497497558594
-13.932737350463867, -5.204776287078857, 44.94195556640625, 20.110082626342773, -56.116371154785156, -57.472511291503906, 66.20618438720703, 78.74833679199219
-13.263769149780273, -12.029541969299316, 31.390064239501953, 51.695159912109375, -35.479732513427734, -89.69727325439453, -5.7600274085998535, 73.4525375366211
-13.836297035217285, -16.8577938079834, 20.46560287475586, 57.938934326171875, 10.725985527038574, -57.49161148071289, -67.02714538574219, 20.837541580200195
-13.390013694763184, -24.265039443969727, 7.132314205169678, 52.433250427246094, 61.19399642944336, -17.327232360839844, -100.11315155029297, -73.64009857177734
-11.527790069580078, -23.71579360961914, -10.3919038772583, 30.52938461303711, 68.57518768310547, 40.61552047729492, -43.003868103027344, -89.81905364990234
-10.75373363494873, -26.342496871948242, -24.910480499267578, 12.090662956237793, 71.27340698242188, 92.90815734863281, 50.587642669677734, -31.348936080932617
-9.463089942932129, -30.849809646606445, -30.995399475097656, -17.10807991027832, 33.04177474975586, 88.38874053955078, 98.67927551269531, 72.65737915039062
-8.168755531311035, -28.957313537597656, -45.69628143310547, -33.60032272338867, -12.386300086975098, 30.165124893188477, 93.7104721069336, 130.00723266601562
-6.6923980712890625, -22.332685470581055, -48.10960006713867, -63.9581298828125, -57.65012741088867, -39.457645416259766, 6.905374050140381, 34.4140625
-5.0004448890686035, -17.047332763671875, -37.2945442199707, -66.33082580566406, -67.05093383789062, -75.3829574584961, -59.072811126708984, -44.177978515625
-3.6770687103271484, -11.320436477661133, -28.747684478759766, -43.6478157043457, -60.17985153198242, -74.08119201660156, -110.17389678955078, -131.11627197265625
-1.7286179065704346, -5.376346111297607, -10.883379936218262, -19.34151268005371, -23.088783264160156, -43.15503692626953, -57.761749267578125, -86.81735229492188
4.4162840051598096e-11, 1.412205696105957, 3.7922520637512207, 8.7857027053833, 13.109185218811035, 24.11627197265625, 35.8680534362793, 46.20858383178711
1.7905356884002686, 7.861713886260986, 19.111528396606445, 32.60209274291992, 45.32426452636719, 52.21620559692383, 66.66596221923828, 100.0003662109375
3.472357988357544, 15.863530158996582, 31.105051040649414, 61.20944595336914, 78.84516143798828, 85.55902862548828, 109.87542724609375, 48.98228073120117
5.403055191040039, 19.183517456054688, 40.83133316040039, 49.44193649291992, 64.50328063964844, 40.909881591796875, 22.369382858276367, -24.633596420288086
7.076687812805176, 22.606592178344727, 48.02724075317383, 46.88676452636719, 24.73096466064453, -9.245070457458496, -56.380313873291016, -67.82067108154297
8.283721923828125, 28.407588958740234, 33.316646575927734, 26.833580017089844, -17.147016525268555, -75.37023162841797, -107.01061248779297, -78.86214447021484
9.583673477172852, 29.66133689880371, 25.635887145996094, -1.311988115310669, -40.855953216552734, -63.30113983154297, -63.296234130859375, 7.752042293548584
10.800134658813477, 27.110557556152344, 14.541804313659668, -33.86940383911133, -71.7688217163086, -47.133541107177734, 16.21953773498535, 101.27783203125
12.333891868591309, 23.861572265625, 0.9697496891021729, -50.785945892333984, -63.25825500488281, -0.07966126501560211, 79.29426574707031, 88.0968017578125
12.18897819519043, 21.42879867553711, -15.220304489135742, -67.38179779052734, -23.878671646118164, 54.458065032958984, 122.54840850830078, 4.242396831512451
14.10188102722168, 14.561619758605957, -26.347698211669922, -59.10691833496094, 11.19913387298584, 67.40270233154297, 41.581363677978516, -123.6970443725586
13.701532363891602, 9.020905494689941, -35.343536376953125, -28.470333099365234, 40.08477783203125, 65.0011215209961, -46.3834114074707, -88.15130615234375
13.536697387695312, 2.0307109355926514, -44.029117584228516, -6.399966716766357, 65.01952362060547, 12.250001907348633, -111.19374084472656, -12.181097984313965
13.832038879394531, -5.150247573852539, -45.734344482421875, 22.3596248626709, 76.76453399658203, -43.685665130615234, -57.706787109375, 118.70478820800781
13.974263191223145, -12.461278915405273, -35.13582992553711, 36.27201843261719, 25.061094284057617, -82.43299865722656, 5.191805362701416, 144.07061767578125
13.888614654541016, -17.947364807128906, -24.273534774780273, 51.71950912475586, -16.939985275268555, -90.00395202636719, 70.20873260498047, 39.85946273803711
12.603267669677734, -23.787904739379883, -6.574994087219238, 46.05915832519531, -53.9832763671875, -23.98905372619629, 126.80158996582031, -98.0086441040039
12.472807884216309, -24.64673614501953, 9.599993705749512, 34.333377838134766, -73.8740463256836, 52.73278045654297, 47.566898345947266, -97.6893310546875
10.737298011779785, -28.4368839263916, 20.94048500061035, 10.921825408935547, -52.5948371887207, 89.94380950927734, -54.65473937988281, -54.36985778808594
9.318377494812012, -27.2093448638916, 39.088348388671875, -15.523367881774902, -34.057289123535156, 72.0828857421875, -116.572265625, 43.114112854003906
8.65896987915039, -25.161874771118164, 39.0568733215332, -35.359127044677734, 14.586005210876465, 35.18027877807617, -58.82002258300781, 98.83997344970703
6.807480335235596, -21.38327980041504, 45.85934829711914, -62.00052261352539, 51.00905227661133, -38.670814514160156, -7.355625152587891, 79.3259048461914
5.126210689544678, -16.845380783081055, 41.15192794799805, -64.24241638183594, 62.95469284057617, -69.65222930908203, 64.94683074951172, -51.086875915527344
3.5394394397735596, -13.162837982177734, 28.98410415649414, -36.26361083984375, 64.79399108886719, -101.45719146728516, 92.76810455322266, -150.18804931640625
1.8404886722564697, -5.284465789794922, 10.521851539611816, -23.063020706176758, 24.063932418823242, -35.908599853515625, 52.01791763305664, -72.24925994873047
-4.377186807458244e-11, 1.450547218322754, -4.341511249542236, 8.050312042236328, -16.194210052490234, 20.29825210571289, -34.22769546508789, 48.48198318481445
-1.7888325452804565, 8.343480110168457, -18.64189910888672, 35.36528396606445, -41.13858413696289, 63.50359344482422, -80.12190246582031, 110.16747283935547
-3.5151684284210205, 15.341880798339844, -27.548343658447266, 58.5869140625, -69.45576477050781, 64.28166961669922, -95.58689880371094, 55.214725494384766
-5.355055809020996, 18.595312118530273, -39.64533233642578, 50.68541717529297, -54.71417999267578, 57.5263671875, -21.377243041992188, -18.96088218688965
-6.868528366088867, 23.852975845336914, -42.92422103881836, 37.98906326293945, -24.68077278137207, -8.572043418884277, 49.251739501953125, -118.02457427978516
-8.04975414276123, 27.484447479248047, -40.61066818237305, 20.8559627532959, 13.573208808898926, -74.61209869384766, 80.33280944824219, -87.09851837158203
-9.390060424804688, 30.776418685913086, -31.224607467651367, -1.5491223335266113, 47.225372314453125, -103.45802307128906, 44.49047088623047, 11.600550651550293
-11.000678062438965, 27.618331909179688, -14.664422988891602, -24.30518341064453, 73.1479721069336, -56.293861389160156, -16.579906463623047, 62.85497283935547
-12.224769592285156, 26.69154930114746, -1.018970251083374, -38.81843948364258, 49.82611846923828, -0.11220306903123856, -81.43097686767578, 90.02076721191406
-13.249860763549805, 20.112348556518555, 12.884846687316895, -49.580711364746094, 26.446733474731445, 45.82532501220703, -67.21961975097656, 2.8153789043426514
-13.820794105529785, 14.459856986999512, 28.982624053955078, -40.708641052246094, -16.627187728881836, 64.46636962890625, -25.06014060974121, -92.33454895019531
-13.508790016174316, 9.866801261901855, 41.59365463256836, -30.88005256652832, -43.67317199707031, 75.08427429199219, 54.01632308959961, -76.2991714477539
-13.945682525634766, 2.236175775527954, 41.6131591796875, -5.379604816436768, -63.23284912109375, 13.472430229187012, 87.23637390136719, -22.948884963989258
-14.078963279724121, -4.662160873413086, 42.36192321777344, 23.314537048339844, -64.79902648925781, -48.86700439453125, 77.7177505493164, 75.2063217163086
-14.021842956542969, -11.323884963989258, 33.97827911376953, 42.24281692504883, -32.22879409790039, -90.14033508300781, -5.208371639251709, 100.67372131347656
-14.054396629333496, -17.95393180847168, 18.44381332397461, 62.45185470581055, 11.23373031616211, -88.63410949707031, -102.55181884765625, 34.426326751708984
-12.197004318237305, -21.36280059814453, 6.21640157699585, 56.348819732666016, 65.12193298339844, -19.471149444580078, -123.32845306396484, -97.73503112792969
-11.442087173461914, -25.788057327270508, -9.36197566986084, 44.69110107421875, 82.85466003417969, 52.75666046142578, -41.53837585449219, -78.9538345336914
-11.012605667114258, -25.96807289123535, -21.710777282714844, 12.044576644897461, 73.02059173583984, 98.73702239990234, 39.630733489990234, -45.20834732055664
-9.537040710449219, -25.633419036865234, -32.139163970947266, -15.290034294128418, 23.06784439086914, 69.2021713256836, 63.241336822509766, 67.42671203613281
-7.940713405609131, -26.021198272705078, -39.53689193725586, -41.265499114990234, -15.084240913391113, 35.26376724243164, 107.02277374267578, 112.64520263671875
-6.624095439910889, -22.264474868774414, -40.52070999145508, -46.32594299316406, -50.018123626708984, -29.572872161865234, 9.115510940551758, 70.47374725341797
-5.067816734313965, -18.07917594909668, -38.58457565307617, -57.510921478271484, -72.79452514648438, -55.091922760009766, -81.81603240966797, -48.30826187133789
-3.6454241275787354, -12.560468673706055, -29.399368286132812, -38.32463455200195, -70.09944915771484, -82.63330078125, -100.4893798828125, -145.9262237548828
-1.7940012216567993, -5.192620277404785, -9.974770545959473, -20.68471908569336, -31.96051597595215, -42.17477798461914, -52.35378646850586, -60.909000396728516
4.532384884070595e-11, 1.5237048864364624, 3.767059326171875, 9.985487937927246, 17.312557220458984, 25.225467681884766, 34.963470458984375, 25.894901275634766
1.6872129440307617, 9.1404390335083, 18.543466567993164, 33.21114730834961, 55.975223541259766, 55.87809371948242, 110.89178466796875, 135.7578582763672
3.435443878173828, 14.299510955810547, 28.848445892333984, 51.3403434753418, 60.371055603027344, 104.1657943725586, 69.71704864501953, 109.7177734375
5.282294273376465, 21.518657684326172, 37.82879638671875, 67.04443359375, 55.830055236816406, 56.243736267089844, 17.05295753479004, -20.010480880737305
6.581490993499756, 22.710269927978516, 39.765628814697266, 54.15556335449219, 32.38589859008789, -12.338401794433594, -63.007537841796875, -112.71422576904297
7.905928134918213, 29.223033905029297, 34.32744216918945, 27.77338981628418, -15.757678985595703, -47.1146125793457, -116.1634292602539, -99.59150695800781
9.682944297790527, 28.249879837036133, 33.83084487915039, -1.2549902200698853, -44.22611618041992, -61.41883087158203, -84.30545806884766, 11.37003231048584
10.461409568786621, 28.007474899291992, 14.505291938781738, -23.23118019104004, -64.2872314453125, -42.165592193603516, 11.330284118652344, 83.4067153930664
12.442108154296875, 24.986818313598633, 1.1666483879089355, -57.133750915527344, -76.22791290283203, -0.10806762427091599, 71.86670684814453, 85.09431457519531
12.701651573181152, 19.735910415649414, -16.36728858947754, -67.46419525146484, -24.885820388793945, 57.13072204589844, 76.62444305419922, 2.5500757694244385
13.729796409606934, 14.85972785949707, -25.165586471557617, -50.64439392089844, 13.218320846557617, 72.35258483886719, 23.670093536376953, -96.5004653930664
13.905919075012207, 9.126405715942383, -43.20645523071289, -29.19580841064453, 59.49616241455078, 76.75975036621094, -44.75985336303711, -109.4371337890625
14.668701171875, 2.180884599685669, -47.14187240600586, -5.916732311248779, 74.67701721191406, 11.54794692993164, -87.01960754394531, -20.73450469970703
13.633121490478516, -4.817063331604004, -35.45286178588867, 20.992521286010742, 46.618186950683594, -46.663143157958984, -98.23957061767578, 103.11869049072266
13.872593879699707, -12.871346473693848, -29.367618560791016, 47.1406364440918, 23.1292724609375, -90.20365142822266, 4.207695960998535, 88.9906005859375
13.302837371826172, -17.63728141784668, -19.666805267333984, 58.96430206298828, -11.504549026489258, -52.947113037109375, 71.79562377929688, 39.338478088378906
12.160113334655762, -22.47154998779297, -5.786072254180908, 48.50788879394531, -64.54779815673828, -15.077853202819824, 67.03683471679688, -64.2176284790039
11.641375541687012, -27.516895294189453, 10.015085220336914, 38.25136947631836, -79.96240234375, 31.634571075439453, 47.45972442626953, -75.90155029296875
10.865521430969238, -28.100683212280273, 25.809276580810547, 14.860389709472656, -61.83121871948242, 99.62653350830078, -41.5587043762207, -33.22711181640625
9.896186828613281, -25.92961311340332, 32.1706657409668, -14.574939727783203, -22.23180389404297, 65.04589080810547, -127.08052062988281, 41.42147445678711
8.60503101348877, -26.084293365478516, 47.451820373535156, -40.456756591796875, 11.842686653137207, 33.239402770996094, -108.06792449951172, 85.0096664428711
6.908759117126465, -24.782377243041992, 46.35810852050781, -60.61237335205078, 54.214988708496094, -38.73284912109375, -6.026902198791504, 34.835018157958984
4.954398155212402, -18.07724380493164, 35.93516159057617, -62.14421844482422, 83.21295928955078, -75.4140625, 92.24945068359375, -43.38811111450195
3.4510855674743652, -11.257204055786133, 28.337709426879883, -44.17030334472656, 74.98699951171875, -61.82939529418945, 95.183349609375, -122.23635864257812
1.713771939277649, -5.868577003479004, 13.077863693237305, -20.157873153686523, 23.218305587768555, -33.80022430419922, 45.39802932739258, -71.79132843017578
-4.562107983052677e-11, 1.2994742393493652, -4.151909351348877, 8.976120948791504, -13.529504776000977, 26.847780227661133, -33.4027099609375, 31.62978744506836
-1.8475607633590698, 8.988762855529785, -20.397798538208008, 32.472023010253906, -61.29533386230469, 69.81510925292969, -96.55036926269531, 107.12857818603516
-3.616976261138916, 15.867823600769043, -35.797508239746094, 60.881675720214844, -72.27740478515625, 72.55754089355469, -90.00782775878906, 99.36914825439453
-5.339389324188232, 21.637195587158203, -34.365455627441406, 53.59269714355469, -49.87538146972656, 61.909481048583984, -15.401468276977539, -15.572442054748535
-6.665843486785889, 23.37830352783203, -36.38160705566406, 49.16323471069336, -30.75836181640625, -12.179137229919434, 66.88197326660156, -72.54386901855469
-8.376193046569824, 26.61318588256836, -35.50483322143555, 30.362667083740234, 16.193635940551758, -81.91397094726562, 68.66204833984375, -88.07337188720703
-9.401363372802734, 27.72319221496582, -32.632591247558594, -1.2125227451324463, 45.139862060546875, -96.03431701660156, 58.822933197021484, 8.580680847167969
-11.266240119934082, 26.611804962158203, -16.70539093017578, -25.073936462402344, 80.72416687011719, -65.71864318847656, -13.272509574890137, 94.08026885986328
-11.428932189941406, 25.15172576904297, -1.2510786056518555, -44.745243072509766, 60.44202423095703, -0.12374930828809738, -111.53070831298828, 66.49002075195312
-12.817778587341309, 19.163850784301758, 13.646584510803223, -66.09593200683594, 32.71029281616211, 52.10881042480469, -73.14197540283203, 2.9064817428588867
-13.704784393310547, 15.702970504760742, 31.64069366455078, -53.885498046875, -13.910321235656738, 71.01948547363281, -41.12623977661133, -110.552734375
-13.443278312683105, 9.05014705657959, 32.739097595214844, -29.39166259765625, -49.78314971923828, 79.85687255859375, 54.67137145996094, -114.0877685546875
-14.478673934936523, 2.0044939517974854, 36.450355529785156, -4.836276531219482, -55.313541412353516, 12.067323684692383, 95.70619201660156, -18.24380874633789
-14.620808601379395, -5.404540061950684, 41.862308502197266, 21.882598876953125, -52.91524887084961, -58.16452407836914, 74.47874450683594, 97.48150634765625
-13.619768142700195, -11.581899642944336, 36.05984878540039, 38.958553314208984, -23.13644790649414, -95.38719177246094, -4.037858963012695, 69.89747619628906
-12.853920936584473, -18.29001808166504, 19.950916290283203, 45.19606399536133, 14.527020454406738, -67.38914489746094, -55.23958969116211, 39.96418762207031
-13.316980361938477, -22.226320266723633, 5.848053932189941, 63.83828353881836, 57.46783447265625, -19.051198959350586, -95.0675048828125, -100.83975982666016
-11.82699966430664, -25.289411544799805, -8.315354347229004, 32.3974609375, 64.01155853271484, 47.52798080444336, -58.096405029296875, -134.68438720703125
-10.414281845092773, -27.559078216552734, -21.368698120117188, 13.29673957824707, 51.5963020324707, 71.74320220947266, 45.62276077270508, -37.34564208984375
-9.23946475982666, -27.347368240356445, -37.952659606933594, -13.58950424194336, 25.521398544311523, 95.95130920410156, 109.158203125, 47.26357650756836
-8.647395133972168, -27.878589630126953, -37.15652847290039, -32.930362701416016, -16.267457962036133, 24.830835342407227, 99.5528335571289, 157.7943878173828
-6.4789628982543945, -22.632909774780273, -46.081321716308594, -53.6155891418457, -51.9445915222168, -27.13641929626465, 7.364501953125, 58.49483871459961
-5.45182991027832, -17.91366958618164, -39.27738952636719, -62.17454147338867, -74.4261703491211, -98.97490692138672, -85.1752700805664, -31.67307472229004
-3.4549708366394043, -11.866875648498535, -24.427661895751953, -50.56446838378906, -52.280860900878906, -83.91960144042969, -128.66810607910156, -149.11956787109375
-1.7689849138259888, -5.952855110168457, -10.832159996032715, -17.851266860961914, -31.37328338623047, -29.92797088623047, -59.53870391845703, -61.80745315551758
4.5631304290694175e-11, 1.4961731433868408, 3.748525857925415, 6.782305717468262, 17.412677764892578, 19.187482833862305, 19.803903579711914, 54.05830764770508
1.8165627717971802, 7.925222396850586, 16.58197593688965, 35.70637130737305, 49.25901412963867, 62.8062858581543, 117.5180435180664, 103.06909942626953
3.577410936355591, 14.167137145996094, 31.167739868164062, 61.37898635864258, 60.85891342163086, 98.2230453491211, 98.2269515991211, 99.52647399902344
5.0427632331848145, 22.03118324279785, 45.381996154785156, 54.77605056762695, 57.544803619384766, 60.93132019042969, 19.104572296142578, -23.9892578125
6.81913423538208, 25.663318634033203, 42.48493194580078, 46.36798858642578, 32.19867706298828, -12.204973220825195, -78.57743072509766, -78.68435668945312
8.471341133117676, 24.991973876953125, 36.489017486572266, 21.09035873413086, -13.511083602905273, -54.7694206237793, -66.8455581665039, -104.98877716064453
9.564172744750977, 28.371274948120117, 27.42732048034668, -1.1939843893051147, -41.08240509033203, -95.90213775634766, -74.47164154052734, 14.710162162780762
10.81467342376709, 26.60382652282715, 14.778926849365234, -23.875593185424805, -73.0858154296875, -70.65666198730469, 15.051314353942871, 96.32556915283203
11.45336627960205, 22.827978134155273, 0.9963632822036743, -57.10086441040039, -52.09253692626953, -0.11429382115602493, 89.9242935180664, 72.32352447509766
12.758413314819336, 19.73495864868164, -14.008204460144043, -52.32596206665039, -25.846221923828125, 60.43214416503906, 118.36091613769531, 2.821427345275879
12.944713592529297, 16.6523380279541, -26.744165420532227, -59.142704010009766, 15.548290252685547, 90.05419921875, 30.273418426513672, -113.29480743408203
14.000930786132812, 8.643272399902344, -35.8028450012207, -36.57623291015625, 42.36708450317383, 68.49580383300781, -65.97232818603516, -126.46163940429688
13.653501510620117, 2.2678542137145996, -40.413455963134766, -5.880829811096191, 70.13631439208984, 11.031463623046875, -90.65374755859375, -21.497901916503906
13.44032096862793, -4.51296854019165, -46.27690124511719, 19.518321990966797, 63.90947723388672, -64.18843841552734, -98.5918960571289, 112.96206665039062
13.387663841247559, -11.53447437286377, -30.696496963500977, 53.109718322753906, 29.95893096923828, -97.9885482788086, 3.205454111099243, 69.70811462402344
13.42821979522705, -17.475337982177734, -23.854955673217773, 55.6632194519043, -11.456089973449707, -51.55557632446289, 54.290000915527344, 20.331043243408203
12.471969604492188, -20.55129051208496, -6.183269023895264, 58.52768325805664, -43.75613784790039, -15.618565559387207, 85.8709716796875, -104.2143783569336
12.403422355651855, -23.841276168823242, 9.687212944030762, 40.753658294677734, -65.2254638671875, 29.98711395263672, 47.137752532958984, -145.9029998779297
11.434322357177734, -29.57167625427246, 21.06999969482422, 12.64924144744873, -52.17803192138672, 101.05817413330078, -33.46438980102539, -35.09764862060547
9.72973346710205, -29.960834503173828, 30.550086975097656, -14.541606903076172, -25.938480377197266, 68.73262786865234, -68.80787658691406, 46.072086334228516
8.676448822021484, -26.990131378173828, 43.31240463256836, -32.595848083496094, 15.51700210571289, 35.35771560668945, -62.09615707397461, 103.38892364501953
6.786227703094482, -23.26951789855957, 43.39399337768555, -49.00185775756836, 42.129154205322266, -22.76511001586914, -10.091910362243652, 66.49983215332031
4.976583003997803, -18.295869827270508, 39.01225280761719, -47.51361083984375, 57.11872863769531, -70.43706512451172, 62.67509460449219, -36.41129684448242
3.3541884422302246, -13.528560638427734, 24.852375030517578, -49.526554107666016, 71.84516906738281, -67.07127380371094, 98.45602416992188, -71.36432647705078
1.7456928491592407, -5.997109413146973, 12.323291778564453, -20.799299240112305, 33.70475769042969, -49.88215637207031, 66.92829132080078, -55.58280563354492
-4.581924076263455e-11, 1.4349538087844849, -4.154716968536377, 8.660216331481934, -14.402336120605469, 21.30573081970215, -30.72972297668457, 49.5744514465332
-1.7916094064712524, 7.8843865394592285, -20.870878219604492, 33.492515563964844, -50.93890380859375, 70.35063934326172, -123.4714126586914, 82.43846130371094
-3.6301138401031494, 15.357015609741211, -33.43012237548828, 54.670982360839844, -64.2851333618164, 63.17859649658203, -63.80687713623047, 100.85419464111328
-5.114543914794922, 20.171728134155273, -44.93210220336914, 55.206031799316406, -58.93231201171875, 58.89479446411133, -18.376325607299805, -18.753374099731445
-6.66268253326416, 23.61417007446289, -36.95638656616211, 55.94808578491211, -34.21390151977539, -11.169432640075684, 81.78871154785156, -102.44486999511719
-8.65025520324707, 26.22687530517578, -33.65378952026367, 22.44319725036621, 13.894474029541016, -84.60379028320312, 108.72554779052734, -106.6330337524414
-9.76418685913086, 26.95126724243164, -33.99283981323242, -1.3354084491729736, 45.79866409301758, -92.36062622070312, 45.38813781738281, 13.466020584106445
-11.026715278625488, 24.876937866210938, -18.215253829956055, -30.67929458618164, 58.52663803100586, -57.57890701293945, -16.096332550048828, 71.09378051757812
-12.047322273254395, 22.640792846679688, -1.0453306436538696, -50.95267105102539, 54.877262115478516, -0.12866011261940002, -69.36529541015625, 81.27436065673828
-12.42259407043457, 20.385122299194336, 13.051361083984375, -61.44285583496094, 24.863176345825195, 47.25669860839844, -81.79131317138672, 4.271498680114746
-13.538127899169922, 14.286739349365234, 31.566129684448242, -49.32815170288086, -12.677552223205566, 72.6446762084961, -37.93478012084961, -125.2735595703125
-14.230165481567383, 9.971489906311035, 35.72542190551758, -25.84339141845703, -40.925018310546875, 60.29300308227539, 63.79425048828125, -112.81204223632812
-13.44517707824707, 2.11212420463562, 46.040897369384766, -5.402400016784668, -72.12566375732422, 7.597671985626221, 68.16703796386719, -11.73503303527832
-14.547150611877441, -5.0887250900268555, 45.54068374633789, 19.061059951782227, -60.12385940551758, -54.46847915649414, 75.53944396972656, 111.61874389648438
-14.221467018127441, -11.506454467773438, 30.99498748779297, 52.943763732910156, -33.76198959350586, -62.29155349731445, -3.4544384479522705, 99.05474853515625
-13.033955574035645, -18.902359008789062, 18.70209503173828, 57.5926513671875, 12.731376647949219, -89.5427017211914, -103.87487030029297, 23.829517364501953
-12.968475341796875, -21.572994232177734, 7.1821770668029785, 56.29468536376953, 43.25212860107422, -19.35259437561035, -125.73265838623047, -46.48061752319336
-12.084734916687012, -25.904939651489258, -10.741706848144531, 41.50413131713867, 57.14749526977539, 45.532588958740234, -43.861446380615234, -94.14575958251953
-11.180122375488281, -30.41206932067871, -20.475461959838867, 10.548410415649414, 65.96324157714844, 76.80277252197266, 37.56654739379883, -34.22765350341797
-9.919851303100586, -26.344409942626953, -31.807350158691406, -14.053486824035645, 27.56137466430664, 64.55184936523438, 122.62479400634766, 78.23597717285156
-8.29486083984375, -27.512344360351562, -47.552616119384766, -43.172550201416016, -17.210866928100586, 38.05189514160156, 54.637054443359375, 71.54781341552734
-6.55421781539917, -23.969635009765625, -38.19317626953125, -49.45066833496094, -61.8829231262207, -26.253063201904297, 8.604524612426758, 79.018798828125
-5.119338035583496, -19.005857467651367, -34.427791595458984, -54.04188919067383, -84.0446548461914, -75.35863494873047, -69.44852447509766, -44.4837760925293
-3.6085548400878906, -12.493622779846191, -22.840774536132812, -39.317344665527344, -75.32302856445312, -86.64881896972656, -82.03388977050781, -120.43943786621094
-1.8495965003967285, -5.39847469329834, -13.09497356414795, -20.085216522216797, -28.952064514160156, -32.040985107421875, -40.58770751953125, -73.7442855834961
4.5896911271547935e-11, 1.4497851133346558, 4.05485725402832, 7.833554744720459, 15.875311851501465, 22.73640251159668, 37.82251739501953, 42.29928970336914
1.7398263216018677, 9.016264915466309, 16.945524215698242, 32.24396514892578, 43.5291633605957, 50.96425247192383, 109.4559326171875, 132.6452178955078
3.462275505065918, 15.917243003845215, 30.18894386291504, 43.740516662597656, 60.71352767944336, 105.51153564453125, 67.09615325927734, 48.53325653076172
5.202095985412598, 18.429872512817383, 44.683502197265625, 65.35680389404297, 53.8316764831543, 35.025604248046875, 18.63334846496582, -27.205379486083984
6.537490367889404, 26.797863006591797, 37.759918212890625, 46.08329772949219, 26.92009735107422, -13.117425918579102, -41.00101089477539, -109.05500030517578
8.344980239868164, 25.81702423095703, 43.31451416015625, 30.44694709777832, -14.475077629089355, -58.838802337646484, -103.70323181152344, -92.44278717041016
9.584795951843262, 30.940900802612305, 27.232887268066406, -1.3580259084701538, -46.703208923339844, -66.73638916015625, -50.291194915771484, 11.944778442382812
11.227137565612793, 29.245054244995117, 19.002975463867188, -32.44198989868164, -62.635093688964844, -64.88215637207031, 19.281354904174805, 63.17436218261719
11.825301170349121, 24.54039764404297, 1.0442583560943604, -43.8890495300293, -49.0902099609375, -0.13401897251605988, 100.81613159179688, 85.68097686767578
13.19796371459961, 22.7716007232666, -15.811684608459473, -60.818355560302734, -28.928197860717773, 56.0416145324707, 99.34465026855469, 4.2677903175354
13.913202285766602, 15.633054733276367, -25.637271881103516, -57.179107666015625, 11.566874504089355, 108.50470733642578, 28.85173225402832, -129.7346649169922
13.37801742553711, 9.585033416748047, -34.921871185302734, -33.4539680480957, 63.50859832763672, 69.09732055664062, -60.748775482177734, -114.45833587646484
13.589191436767578, 2.0416886806488037, -47.909027099609375, -6.47149133682251, 83.507568359375, 10.810368537902832, -74.36644744873047, -20.811311721801758
14.743422508239746, -5.1545305252075195, -35.48856735229492, 23.061098098754883, 53.49626159667969, -47.25895690917969, -55.790672302246094, 81.85062408447266
14.105856895446777, -11.623906135559082, -34.7537956237793, 45.27530288696289, 32.26300811767578, -66.22035217285156, 3.522444486618042, 104.66031646728516
13.291565895080566, -18.557802200317383, -19.872211456298828, 55.34270095825195, -16.19677734375, -52.9915771484375, 59.02589797973633, 26.625986099243164
12.606203079223633, -21.542884826660156, -6.721423149108887, 55.45733642578125, -56.09756088256836, -21.220218658447266, 120.25213623046875, -70.51942443847656
12.01047420501709, -24.207462310791016, 10.39656925201416, 31.001449584960938, -72.4381332397461, 46.179115295410156, 57.319026947021484, -89.81271362304688
10.59109115600586, -30.692312240600586, 24.970197677612305, 10.258008003234863, -60.001914978027344, 90.6198959350586, -53.197914123535156, -58.00313186645508
9.405284881591797, -29.753782272338867, 36.62592315673828, -18.30613899230957, -29.371030807495117, 92.97305297851562, -99.42610931396484, 41.48908996582031
8.519478797912598, -28.945756912231445, 40.16515350341797, -33.458831787109375, 13.670243263244629, 22.90568733215332, -109.04304504394531, 84.04147338867188
6.7827653884887695, -24.814626693725586, 44.60426330566406, -59.93034362792969, 47.145084381103516, -23.796886444091797, -6.140264511108398, 60.47413635253906
5.433376312255859, -17.157344818115234, 37.91409683227539, -63.216224670410156, 67.85262298583984, -82.4574966430664, 67.6115951538086, -38.551639556884766
3.6311826705932617, -11.96291446685791, 28.995349884033203, -39.437564849853516, 50.54096603393555, -76.12747192382812, 120.57054901123047, -139.02166748046875
1.7424118518829346, -6.169581890106201, 10.59970474243164, -20.750247955322266, 24.34198570251465, -38.74659729003906, 50.94368362426758, -54.83867263793945
-4.440041043163312e-11, 1.5514817237854004, -4.783604621887207, 7.7630791664123535, -12.180564880371094, 15.544037818908691, -35.038238525390625, 53.95150375366211
-1.7469747066497803, 8.65613079071045, -21.15373420715332, 29.6206111907959, -39.67899703979492, 88.47908020019531, -88.49356842041016, 126.20812225341797
-3.4500584602355957, 14.454009056091309, -32.530296325683594, 53.327735900878906, -73.9567642211914, 103.45121002197266, -77.69393157958984, 65.01605987548828
-5.439323902130127, 19.054931640625, -38.65435028076172, 65.7608871459961, -64.60074615478516, 59.49611282348633, -16.896913528442383, -25.95775604248047
-6.957847595214844, 26.584680557250977, -48.0319938659668, 42.6042366027832, -24.264604568481445, -13.382597923278809, 56.563480377197266, -107.3155288696289
-8.673027038574219, 26.611404418945312, -36.18412780761719, 28.426286697387695, 11.972138404846191, -57.15864562988281, 133.19984436035156, -120.65797424316406
-9.917403221130371, 25.57188606262207, -33.10320281982422, -1.64854896068573, 42.412818908691406, -76.07527160644531, 50.0156364440918, 14.827329635620117
-11.09460163116455, 25.412317276000977, -19.022401809692383, -23.220558166503906, 84.2155532836914, -43.40669250488281, -18.592451095581055, 122.21666717529297
-12.205465316772461, 25.417673110961914, -1.054702639579773, -46.13667678833008, 62.95572280883789, -0.13415740430355072, -78.51766204833984, 73.38200378417969
-12.55078411102295, 20.3665714263916, 15.397479057312012, -45.59479522705078, 29.728252410888672, 58.87217330932617, -100.42254638671875, 3.340057849884033
-13.147598266601562, 15.308420181274414, 25.417232513427734, -41.23210906982422, -11.586394309997559, 80.48961639404297, -31.074743270874023, -107.5110092163086
-13.695996284484863, 9.327768325805664, 39.77415466308594, -31.85881233215332, -44.06745529174805, 61.52261734008789, 57.19899368286133, -101.2715072631836
-14.696460723876953, 2.267547607421875, 44.73540496826172, -6.673681259155273, -74.6778793334961, 10.41063404083252, 113.41541290283203, -21.449451446533203
-14.657437324523926, -5.42291784286499, 40.63297653198242, 18.726211547851562, -67.9017105102539, -63.30765151977539, 67.81422424316406, 61.291969299316406
-14.065808296203613, -11.391595840454102, 32.7829704284668, 46.35261535644531, -28.615262985229492, -76.88434600830078, -3.2109453678131104, 149.6764373779297
-13.614363670349121, -18.109407424926758, 20.601661682128906, 44.83995056152344, 12.119732856750488, -77.5586929321289, -93.57943725585938, 34.805442810058594
-12.476325035095215, -21.91007423400879, 6.399696350097656, 58.426673889160156, 49.570552825927734, -25.777685165405273, -66.9261703491211, -52.33445358276367
-11.529912948608398, -28.53034019470215, -10.317303657531738, 42.772735595703125, 77.06999206542969, 35.24112319946289, -54.9776611328125, -87.59684753417969
-10.533622741699219, -28.740528106689453, -23.89201545715332, 13.998817443847656, 56.577701568603516, 89.3698501586914, 29.06702423095703, -31.33686065673828
-9.598875045776367, -30.686269760131836, -31.924184799194336, -16.158903121948242, 22.529706954956055, 58.51365280151367, 74.05895233154297, 39.86064529418945
-8.50543212890625, -24.475210189819336, -44.102622985839844, -34.8834228515625, -17.242401123046875, 31.36642074584961, 68.60004425048828, 145.37937927246094
-6.836971282958984, -25.244014739990234, -42.78219985961914, -49.97123336791992, -48.0211296081543, -25.366979598999023, 8.936502456665039, 58.52052688598633
-5.096874237060547, -19.94148063659668, -33.36185073852539, -47.272682189941406, -82.68927001953125, -55.47019577026367, -63.283939361572266, -48.421302795410156
-3.4066126346588135, -11.371740341186523, -23.257131576538086, -41.038917541503906, -60.949825286865234, -85.83513641357422, -72.19853973388672, -148.14450073242188
-1.8495755195617676, -6.023787498474121, -10.33883285522461, -22.425121307373047, -27.686742782592773, -38.82615280151367, -39.088104248046875, -71.00720977783203
4.182942187069827e-11, 1.4988462924957275, 4.137880802154541, 9.88905143737793, 10.926558494567871, 27.114044189453125, 34.880313873291016, 33.277591705322266
1.7918212413787842, 9.091906547546387, 22.175491333007812, 35.98109436035156, 54.265655517578125, 62.65989303588867, 86.34137725830078, 91.09902954101562
3.5475316047668457, 14.49494743347168, 31.273691177368164, 54.9145393371582, 66.7318344116211, 76.41761016845703, 68.35321044921875, 58.56856155395508
5.072717666625977, 19.49957847595215, 45.14665222167969, 47.812862396240234, 64.15384674072266, 35.95354080200195, 23.847583770751953, -24.806514739990234
6.845256328582764, 26.42179298400879, 42.624019622802734, 55.661659240722656, 33.370826721191406, -12.605259895324707, -61.3519287109375, -117.0467300415039
8.700674057006836, 28.79475975036621, 39.31340789794922, 30.450170516967773, -14.137081146240234, -57.93569564819336, -90.63321685791016, -54.807376861572266
10.697406768798828, 25.298580169677734, 19.088298797607422, -24.02104377746582, -68.7690200805664, -64.82344818115234, 12.900678634643555, 94.27304077148438
12.503377914428711, 23.834304809570312, 1.1045629978179932, -42.5290412902832, -59.31092071533203, -0.08187569677829742, 90.83694458007812, 117.31929779052734
12.261931419372559, 19.310640335083008, -15.787520408630371, -59.69239807128906, -26.3421630859375, 44.243133544921875, 83.96280670166016, 1.923609972000122
13.338944435119629, 14.353105545043945, -25.086034774780273, -52.47221374511719, 12.648364067077637, 59.785789489746094, 21.0937557220459, -127.77000427246094
14.000515937805176, 8.73685073852539, -40.032867431640625, -25.820772171020508, 49.68205261230469, 58.35292053222656, -67.1871337890625, -96.81034088134766
13.93593692779541, 2.1415934562683105, -40.82554626464844, -5.594078540802002, 80.52205657958984, 12.354702949523926, -65.10887145996094, -15.164438247680664
13.424394607543945, -5.133050441741943, -36.881752014160156, 21.109416961669922, 49.597930908203125, -36.78556442260742, -68.65475463867188, 88.22663879394531
13.33406925201416, -10.634298324584961, -35.56769943237305, 44.99152374267578, 22.036052703857422, -59.17131423950195, 3.4214518070220947, 148.55860900878906
13.200278282165527, -17.07295799255371, -20.687891006469727, 62.10626220703125, -11.789100646972656, -78.46316528320312, 53.14565658569336, 38.56525802612305
13.349220275878906, -21.171363830566406, -6.335246562957764, 61.28401184082031, -42.28235626220703, -17.463891983032227, 65.36258697509766, -65.16474914550781
12.32353687286377, -24.543813705444336, 8.770899772644043, 39.063533782958984, -77.579345703125, 44.66360855102539, 33.54088592529297, -78.67131042480469
10.870779037475586, -27.896455764770508, 27.519786834716797, 11.365936279296875, -64.32726287841797, 68.09028625488281, -29.104074478149414, -27.315715789794922
9.394479751586914, -30.452545166015625, 36.80802536010742, -18.36578941345215, -25.906658172607422, 77.03853607177734, -105.1657485961914, 42.7572135925293
8.421589851379395, -26.97752571105957, 42.66593551635742, -41.24345397949219, 17.107370376586914, 22.68531036376953, -101.72152709960938, 125.92566680908203
6.6728901863098145, -22.29449462890625, 38.21683883666992, -52.3471794128418, 54.279354095458984, -28.657686233520508, -6.805433750152588, 78.94806671142578
5.247702598571777, -17.85624122619629, 41.39449691772461, -64.7598648071289, 75.32051849365234, -80.01677703857422, 48.72270965576172, -47.9587516784668
3.524935245513916, -12.755852699279785, 23.42807960510254, -49.2335090637207, 58.793617248535156, -68.8031005859375, 65.43754577636719, -72.86016082763672
1.772883653640747, -5.403077602386475, 10.249465942382812, -17.925457000732422, 24.202407836914062, -52.048423767089844, 51.531639099121094, -58.23020935058594
-4.3663860721521175e-11, 1.5490057468414307, -3.9734296798706055, 9.308000564575195, -16.35145378112793, 24.31273078918457, -35.30177688598633, 46.651390075683594
-1.7285265922546387, 8.146100044250488, -20.468929290771484, 38.9102668762207, -58.75654983520508, 83.67047882080078, -73.65806579589844, 123.00494384765625
-3.683424711227417, 14.217007637023926, -30.728334426879883, 49.82418441772461, -83.99580383300781, 66.94571685791016, -71.32479858398438, 76.500732421875
-5.391668796539307, 22.06684684753418, -44.419090270996094, 65.90470886230469, -46.40263748168945, 40.54436111450195, -19.79420280456543, -22.682371139526367
-6.9051313400268555, 26.080421447753906, -39.53812026977539, 47.7459602355957, -31.54979705810547, -7.52128267288208, 52.7451057434082, -124.52355194091797
-8.242839813232422, 29.36238670349121, -42.340152740478516, 20.88468360900879, 17.21834945678711, -80.56400299072266, 84.85846710205078, -86.9107437133789
-9.605192184448242, 25.937246322631836, -30.003461837768555, -1.22646963596344, 48.91074752807617, -90.50985717773438, 53.67067337036133, 11.106337547302246
-10.728141784667969, 25.097978591918945, -17.996204376220703, -28.88054847717285, 72.81716918945312, -44.02084732055664, -13.045472145080566, 140.2980194091797
-12.191815376281738, 26.696701049804688, -1.1223905086517334, -51.46660614013672, 67.57957458496094, -0.08029903471469879, -91.78987884521484, 67.8499984741211
-12.549907684326172, 19.349773406982422, 16.007225036621094, -50.05978012084961, 26.374963760375977, 50.220149993896484, -73.69510650634766, 1.8557201623916626
-14.099623680114746, 14.32559871673584, 27.148555755615234, -50.3808708190918, -14.734945297241211, 103.14077758789062, -31.102577209472656, -71.97361755371094
-14.568405151367188, 8.178803443908691, 32.67302322387695, -35.9780158996582, -56.6450309753418, 55.83930969238281, 58.90764617919922, -124.96659088134766
-14.031025886535645, 1.9656226634979248, 47.181663513183594, -6.349762439727783, -68.12032318115234, 8.636348724365234, 84.72777557373047, -17.342119216918945
-14.240535736083984, -5.177217483520508, 40.82917404174805, 21.6314697265625, -59.99258804321289, -60.22978591918945, 51.282413482666016, 111.90283966064453
-13.317648887634277, -12.022931098937988, 30.52402114868164, 47.3942756652832, -34.76913070678711, -63.88397216796875, -6.11533784866333, 149.5008087158203
-13.310017585754395, -17.059720993041992, 21.555559158325195, 54.952537536621094, 16.037342071533203, -74.74946594238281, -57.343788146972656, 32.9516716003418
-12.55554485321045, -22.70961570739746, 7.280494213104248, 50.104007720947266, 53.009178161621094, -20.0450439453125, -110.39012908935547, -98.10750579833984
-12.247361183166504, -27.348220825195312, -9.040334701538086, 34.32918167114258, 71.13343048095703, 51.642417907714844, -42.581764221191406, -72.3767318725586
-10.971227645874023, -27.077892303466797, -23.857942581176758, 14.449399948120117, 71.84784698486328, 69.13096618652344, 34.719947814941406, -62.179168701171875
-9.564064979553223, -25.683361053466797, -32.85201644897461, -14.633645057678223, 29.69762420654297, 95.68577575683594, 108.79365539550781, 82.05770874023438
-8.668726921081543, -24.004507064819336, -40.3935546875, -47.112648010253906, -12.412686347961426, 37.25899124145508, 54.44371795654297, 72.02374267578125
