-13.966105461120605, 15.77248764038086, 26.960031509399414, -51.36542510986328, -17.346702575683594, 81.16131591796875, -25.578018188476562, -123.89850616455078
-14.02808952331543, 9.9739990234375, 38.501617431640625, -38.11344909667969, -58.130489349365234, 58.994651794433594, 34.70262908935547, -63.68507385253906
-13.967874526977539, 1.959722638130188, 48.08954620361328, -4.655317783355713, -67.7150650024414, 7.977343559265137, 93.92023468017578, -22.25335693359375
-13.500577926635742, -4.655179977416992, 38.89701843261719, 18.925777435302734, -70.07278442382812, -39.45331954956055, 58.47031021118164, 55.68072509765625
-14.308926582336426, -10.570398330688477, 37.49298095703125, 51.80451583862305, -33.045387268066406, -96.7500991821289, -5.150053977966309, 127.23518371582031
-13.529888153076172, -17.56306266784668, 22.10174560546875, 56.519371032714844, 14.847540855407715, -54.695831298828125, -56.639671325683594, 19.302139282226562
-13.159417152404785, -23.71351432800293, 6.5841875076293945, 53.04891586303711, 57.55863571166992, -23.76393699645996, -90.7783203125, -45.17879104614258
-12.241981506347656, -26.29229736328125, -9.332864761352539, 32.75180435180664, 66.36811828613281, 50.5693244934082, -41.59385681152344, -125.37413024902344
-11.329306602478027, -27.739795684814453, -20.829814910888672, 10.35034465789795, 69.06008911132812, 62.454708099365234, 29.98863983154297, -36.33969497680664
-9.736577987670898, -26.36126708984375, -37.1664924621582, -17.18309783935547, 26.35756492614746, 69.05671691894531, 126.80248260498047, 60.13889694213867
-8.498977661132812, -26.17894172668457, -38.789520263671875, -44.028690338134766, -12.870187759399414, 29.73957061767578, 53.4976692199707, 72.82593536376953
-6.495542049407959, -23.23294448852539, -42.867610931396484, -61.67997741699219, -63.60887908935547, -27.311180114746094, 7.135990619659424, 66.01436614990234
-5.237929344177246, -20.124832153320312, -38.422218322753906, -56.362037658691406, -80.15657806396484, -81.41775512695312, -87.0027084350586, -33.33742141723633
-3.687016010284424, -12.412532806396484, -27.193796157836914, -46.53211212158203, -70.76270294189453, -87.74034881591797, -80.79967498779297, -87.86164855957031
-1.7434223890304565, -5.4024434089660645, -13.06517505645752, -18.919477462768555, -35.68080139160156, -42.6125602722168, -68.12483978271484, -51.68224334716797
2.3373480234623045e-11, 1.2895747423171997, 4.409957408905029, 6.931556224822998, 14.3615083694458, 22.106483459472656, 27.785436630249023, 35.258609771728516
1.7339822053909302, 7.901468753814697, 22.187725067138672, 40.31695556640625, 43.87273025512695, 51.47914505004883, 73.40105438232422, 81.80925750732422
3.4943904876708984, 14.64559555053711, 28.060039520263672, 56.935447692871094, 79.18360900878906, 99.96363067626953, 72.86190795898438, 90.4014892578125
5.461104869842529, 20.316505432128906, 41.616668701171875, 58.01596450805664, 51.35953140258789, 50.738037109375, 24.436063766479492, -33.9638557434082
6.54257345199585, 26.324485778808594, 40.352516174316406, 42.28282928466797, 33.68267059326172, -11.831546783447266, -42.25700378417969, -132.7822265625
8.42192268371582, 25.77117347717285, 38.65665054321289, 22.32929039001465, -14.620917320251465, -80.17982482910156, -133.42575073242188, -103.34585571289062
9.99907398223877, 26.192672729492188, 30.816221237182617, -1.1941642761230469, -55.24137496948242, -80.04854583740234, -55.99069595336914, 8.651543617248535
11.361306190490723, 28.397254943847656, 18.880361557006836, -30.382530212402344, -69.49684143066406, -49.51618194580078, 12.728777885437012, 138.07669067382812
12.429178237915039, 23.62985610961914, 1.0160210132598877, -45.69512939453125, -73.29014587402344, -0.09354070574045181, 96.2646713256836, 114.51380157470703
13.288274765014648, 19.401790618896484, -15.957972526550293, -52.36466598510742, -26.10900115966797, 43.363861083984375, 67.97663116455078, 2.157095193862915
13.133990287780762, 15.14291000366211, -30.074853897094727, -56.037750244140625, 14.30077838897705, 73.8034439086914, 33.73176574707031, -80.57515716552734
13.454787254333496, 8.598166465759277, -37.49500274658203, -27.085054397583008, 60.213600158691406, 77.39694213867188, -40.803443908691406, -92.54084014892578
14.495922088623047, 2.2312583923339844, -43.35991287231445, -5.124810695648193, 58.0123405456543, 11.742980003356934, -125.5793228149414, -21.21507453918457
13.777557373046875, -4.574464797973633, -40.26242446899414, 18.683101654052734, 50.17218780517578, -56.81319808959961, -80.13186645507812, 107.81723022460938
14.1648588180542, -10.824382781982422, -31.3037052154541, 47.663482666015625, 30.921546936035156, -104.99706268310547, 5.800796031951904, 89.13177490234375
13.81671142578125, -18.157020568847656, -19.105133056640625, 57.77763748168945, -11.440237998962402, -51.59309768676758, 71.00786590576172, 33.19449996948242
12.428271293640137, -23.893173217773438, -6.085132598876953, 51.722740173339844, -62.36339569091797, -18.325801849365234, 107.43666076660156, -99.74907684326172
12.508288383483887, -25.733362197875977, 9.810074806213379, 40.24452209472656, -66.90967559814453, 41.60489273071289, 51.258094787597656, -80.68445587158203
10.687559127807617, -30.355268478393555, 21.452566146850586, 12.982203483581543, -70.44054412841797, 99.18565368652344, -40.912559509277344, -27.0190372467041
10.078485488891602, -26.36300277709961, 38.30088806152344, -17.081357955932617, -34.300662994384766, 63.9376106262207, -106.22700500488281, 42.94158935546875
7.959827423095703, -26.16921043395996, 39.639652252197266, -33.361175537109375, 14.87300968170166, 23.112884521484375, -56.21572494506836, 151.9839324951172
6.895264148712158, -24.30477523803711, 37.49243927001953, -58.491580963134766, 57.99631118774414, -31.011716842651367, -5.992833137512207, 48.43693542480469
5.412724018096924, -16.94364356994629, 31.212879180908203, -54.00627136230469, 58.437477111816406, -77.0936279296875, 52.562007904052734, -50.19086456298828
3.58550763130188, -12.295836448669434, 29.24274444580078, -40.77272033691406, 51.9664421081543, -80.1697769165039, 120.1075439453125, -85.78394317626953
1.6843078136444092, -5.376091003417969, 12.917404174804688, -15.909883499145508, 29.854700088500977, -42.268516540527344, 63.90217971801758, -68.65950012207031
-2.3065518245379835e-11, 1.429280400276184, -3.757143020629883, 8.64670467376709, -11.328694343566895, 19.958099365234375, -33.320640563964844, 50.85065460205078
-1.7311371564865112, 8.399673461914062, -18.78435707092285, 34.705535888671875, -40.17871856689453, 69.10345458984375, -70.75279998779297, 148.28115844726562
-3.5833938121795654, 13.445119857788086, -33.063720703125, 58.424808502197266, -68.62862396240234, 92.00910186767578, -58.09971237182617, 63.657257080078125
-4.971461772918701, 21.587238311767578, -42.80479431152344, 47.14616775512695, -49.60342788696289, 49.366851806640625, -17.419086456298828, -19.41756820678711
-6.477668285369873, 22.37483787536621, -37.877655029296875, 51.5697135925293, -33.216495513916016, -12.618346214294434, 47.54801559448242, -136.97958374023438
-8.354077339172363, 28.157207489013672, -38.25823211669922, 25.85306167602539, 10.993680000305176, -50.57155227661133, 112.95695495605469, -102.19396209716797
-9.878437995910645, 28.77594757080078, -29.042509078979492, -1.2917970418930054, 60.39939880371094, -98.86823272705078, 43.12411880493164, 8.380210876464844
-11.153521537780762, 24.7974796295166, -14.396896362304688, -23.946796417236328, 72.71844482421875, -42.06129455566406, -22.320755004882812, 127.83903503417969
-12.01799488067627, 23.81121063232422, -0.9768725037574768, -56.83677673339844, 69.50968170166016, -0.10640307515859604, -84.81116485595703, 62.01130294799805
-13.08241081237793, 18.93841552734375, 15.592879295349121, -46.59694290161133, 28.52916717529297, 62.964576721191406, -85.13262939453125, 2.406132221221924
-14.049992561340332, 16.881452560424805, 30.680328369140625, -47.33683776855469, -12.990132331848145, 93.85989379882812, -25.7832088470459, -69.1234130859375
-14.168204307556152, 9.685546875, 34.60993576049805, -37.263328552246094, -57.99835205078125, 79.56256866455078, 65.34954833984375, -83.15890502929688
-14.664474487304688, 2.0716280937194824, 37.00334930419922, -6.73453426361084, -85.81135559082031, 8.11154842376709, 113.43060302734375, -12.053668022155762
-13.415262222290039, -5.331373691558838, 35.85173034667969, 19.553651809692383, -51.37949752807617, -56.45340347290039, 62.58599853515625, 63.71207809448242
-13.739828109741211, -10.834127426147461, 32.26534652709961, 53.25859832763672, -25.51944923400879, -105.7593002319336, -3.5188891887664795, 138.00340270996094
-13.126097679138184, -18.587160110473633, 23.23979949951172, 49.81415939331055, 15.473780632019043, -59.63718795776367, -62.52113342285156, 35.649044036865234
-13.075591087341309, -24.860397338867188, 6.893150806427002, 58.97305679321289, 44.347591400146484, -24.03217887878418, -86.28575134277344, -50.68699264526367
-11.633890151977539, -26.974367141723633, -8.76558780670166, 35.059471130371094, 80.32504272460938, 42.66316223144531, -36.87623596191406, -151.46653747558594
-10.971840858459473, -25.928762435913086, -22.785587310791016, 12.293757438659668, 51.38114547729492, 67.94674682617188, 42.04491424560547, -46.27205276489258
-9.53333568572998, -26.856931686401367, -36.79735565185547, -12.734842300415039, 33.08506393432617, 79.88636016845703, 77.93891143798828, 79.95270538330078
-8.304455757141113, -27.94698715209961, -47.155548095703125, -36.67158889770508, -10.76053237915039, 29.1441707611084, 70.03386688232422, 152.3813018798828
-6.483020305633545, -24.87030792236328, -43.0233039855957, -59.42022705078125, -46.83390426635742, -33.62562561035156, 9.794764518737793, 74.73988342285156
-5.268762111663818, -17.574987411499023, -39.801368713378906, -48.50387954711914, -84.49878692626953, -55.91395950317383, -56.58643341064453, -48.58137512207031
-3.4981439113616943, -11.766243934631348, -25.72944450378418, -38.90921401977539, -48.03364181518555, -75.68000030517578, -98.55709838867188, -107.64842987060547
-1.6966912746429443, -6.176815986633301, -12.711764335632324, -21.801870346069336, -26.7655029296875, -29.269254684448242, -55.902957916259766, -61.93667221069336
2.2912822680853928e-11, 1.468550443649292, 4.259908676147461, 8.789153099060059, 17.174625396728516, 24.685792922973633, 36.15231704711914, 31.067405700683594
1.8169291019439697, 8.867064476013184, 18.689878463745117, 37.897769927978516, 42.07075500488281, 67.28345489501953, 89.42970275878906, 88.89326477050781
3.5119378566741943, 14.090714454650879, 30.536664962768555, 54.478084564208984, 69.21773529052734, 58.71873092651367, 115.97954559326172, 57.65029525756836
5.241537094116211, 21.09185791015625, 39.137054443359375, 59.34070587158203, 59.76180648803711, 56.640010833740234, 18.300870895385742, -25.898202896118164
6.96108341217041, 22.17572021484375, 46.642486572265625, 46.383914947509766, 23.122121810913086, -9.463323593139648, -70.99579620361328, -132.89353942871094
8.374585151672363, 28.67790985107422, 33.49302673339844, 26.036128997802734, -15.258567810058594, -82.71424865722656, -79.44878387451172, -99.02776336669922
9.700485229492188, 30.128463745117188, 30.683015823364258, -1.453616738319397, -55.002567291259766, -99.57772064208984, -54.79266357421875, 7.767090320587158
10.823135375976562, 29.331266403198242, 14.830409049987793, -27.926607131958008, -63.436195373535156, -58.11787033081055, 12.863544464111328, 63.46933364868164
12.240211486816406, 22.463314056396484, 0.9891229867935181, -46.395668029785156, -46.5661735534668, -0.08782675117254257, 91.75724792480469, 108.55152130126953
12.660418510437012, 21.43541145324707, -14.930014610290527, -50.010616302490234, -27.246496200561523, 42.14534378051758, 105.11376190185547, 3.943972587585449
14.04047966003418, 14.75489330291748, -25.28510284423828, -57.39414596557617, 13.2244234085083, 82.37799835205078, 33.09757995605469, -77.21672821044922
14.56224250793457, 9.682613372802734, -33.538150787353516, -34.17486572265625, 42.62766647338867, 52.23063659667969, -66.16108703613281, -96.53964233398438
13.625534057617188, 2.281076192855835, -45.76941680908203, -4.637806415557861, 64.65919494628906, 13.539450645446777, -106.84181213378906, -10.714910507202148
14.723199844360352, -4.586679458618164, -36.90888977050781, 24.801515579223633, 73.43276977539062, -41.74493408203125, -78.24417877197266, 113.47283172607422
14.207742691040039, -11.285286903381348, -31.875118255615234, 40.86847686767578, 32.94390869140625, -87.71155548095703, 3.6310009956359863, 119.20256805419922
13.177462577819824, -18.97385025024414, -20.448501586914062, 44.96037673950195, -16.623228073120117, -59.29154586791992, 56.11479568481445, 36.670223236083984
12.489344596862793, -20.83148193359375, -5.749835014343262, 53.20171356201172, -56.83140182495117, -16.400911331176758, 127.60098266601562, -76.65264892578125
12.292717933654785, -26.488950729370117, 8.439794540405273, 33.00380325317383, -77.127197265625, 32.428226470947266, 41.29848861694336, -114.75086975097656
11.11701774597168, -25.41856575012207, 21.16253662109375, 11.26329231262207, -65.47418975830078, 71.58056640625, -49.32090759277344, -28.08783721923828
9.60173511505127, -29.232791900634766, 35.372398376464844, -16.721355438232422, -27.875730514526367, 73.04814910888672, -77.4011001586914, 65.51644134521484
8.045266151428223, -28.430238723754883, 43.78057098388672, -38.07764434814453, 12.70122241973877, 32.343505859375, -57.22432327270508, 137.03775024414062
7.083529949188232, -22.978303909301758, 44.845767974853516, -52.63908767700195, 47.066280364990234, -27.389272689819336, -6.1139235496521, 76.1643295288086
4.959768295288086, -19.35041618347168, 34.63278579711914, -52.64081954956055, 81.8207778930664, -88.22718811035156, 81.72421264648438, -54.141876220703125
3.5891366004943848, -12.180412292480469, 22.50942039489746, -46.3047981262207, 55.7550163269043, -84.64973449707031, 82.4299087524414, -81.00703430175781
1.7759078741073608, -5.144931316375732, 10.733657836914062, -17.110788345336914, 34.762489318847656, -35.42329406738281, 54.064231872558594, -43.5589485168457
-2.44086695300183e-11, 1.294801950454712, -4.5488080978393555, 8.347305297851562, -15.57303524017334, 14.972577095031738, -26.450002670288086, 24.25335121154785
-1.6979702711105347, 7.94005823135376, -17.0103702545166, 34.648284912109375, -62.97633743286133, 76.86441040039062, -112.1962661743164, 99.33090209960938
-3.553370952606201, 15.242106437683105, -32.77388000488281, 42.7196044921875, -85.1368179321289, 76.87955474853516, -105.90287780761719, 66.6339111328125
-5.377517223358154, 22.165813446044922, -36.49575424194336, 45.245243072509766, -76.73245239257812, 49.566017150878906, -26.620454788208008, -28.24563217163086
-6.738704204559326, 23.813514709472656, -45.0488395690918, 47.038307189941406, -26.102977752685547, -11.060286521911621, 83.66058349609375, -67.87157440185547
-7.975757598876953, 27.76259994506836, -35.529354095458984, 28.555910110473633, 12.149651527404785, -45.993125915527344, 118.91499328613281, -58.14712142944336
-9.26013469696045, 29.286067962646484, -25.96826171875, -1.3835383653640747, 44.52188491821289, -78.20846557617188, 55.185062408447266, 9.138855934143066
-11.25429916381836, 25.651016235351562, -14.688562393188477, -27.268869400024414, 81.42533874511719, -56.745704650878906, -19.339313507080078, 64.49564361572266
-11.749138832092285, 26.47779083251953, -0.9975467920303345, -53.79092025756836, 67.99015045166016, -0.1173744723200798, -78.25218963623047, 134.75563049316406
-12.485431671142578, 19.475276947021484, 16.44639778137207, -57.15427780151367, 28.639375686645508, 43.41160583496094, -68.30767822265625, 2.5684292316436768
-13.800694465637207, 14.768026351928711, 29.831533432006836, -43.69874954223633, -15.00464153289795, 72.23281860351562, -33.05744552612305, -127.36268615722656
-14.17519474029541, 8.904561996459961, 42.04924774169922, -36.08962631225586, -44.14575958251953, 51.49718475341797, 53.20582962036133, -142.5131378173828
-14.223552703857422, 2.2084949016571045, 41.682926177978516, -6.296403408050537, -60.09454345703125, 10.704924583435059, 88.479248046875, -14.396964073181152
-13.83849048614502, -4.489776611328125, 42.208614349365234, 23.731595993041992, -69.3805160522461, -60.29355239868164, 67.41625213623047, 53.3188362121582
-13.660600662231445, -10.662976264953613, 31.075340270996094, 39.926265716552734, -28.564132690429688, -89.43177795410156, -4.087534427642822, 130.16957092285156
-13.629524230957031, -16.03440284729004, 19.960224151611328, 50.01594924926758, 12.207635879516602, -80.47721862792969, -103.6592025756836, 27.05927276611328
-13.003071784973145, -23.5394344329834, 5.8191423416137695, 61.12122344970703, 63.1450309753418, -23.994556427001953, -63.106483459472656, -60.3748779296875
-12.527631759643555, -28.6655330657959, -9.615355491638184, 43.170379638671875, 59.83153533935547, 45.15327453613281, -42.393699645996094, -151.8627166748047
-11.193747520446777, -26.32235336303711, -22.21072769165039, 14.525200843811035, 61.67056655883789, 96.19482421875, 36.66651153564453, -57.49626159667969
-10.160599708557129, -27.069997787475586, -39.251644134521484, -17.275144577026367, 35.816097259521484, 73.91778564453125, 67.70640563964844, 85.51211547851562
-7.913945198059082, -27.7315673828125, -38.718074798583984, -39.004913330078125, -16.909191131591797, 31.996360778808594, 94.96725463867188, 118.31428527832031
-6.776790142059326, -24.164472579956055, -41.23178482055664, -43.593589782714844, -40.10673904418945, -23.598026275634766, 5.4175848960876465, 72.30738830566406
-5.404128551483154, -19.271787643432617, -41.60419464111328, -61.4959831237793, -82.81612396240234, -80.89128112792969, -75.64371490478516, -55.17864990234375
-3.3561511039733887, -12.238110542297363, -27.824552536010742, -39.32562255859375, -50.7750358581543, -83.42166900634766, -117.67890930175781, -118.17577362060547
-1.8099069595336914, -6.167720794677734, -11.56364917755127, -17.876501083374023, -31.23011016845703, -48.135704040527344, -46.71453857421875, -50.72285461425781
2.35981442719968e-11, 1.401573896408081, 4.636909008026123, 8.753734588623047, 12.59843635559082, 18.263090133666992, 32.670387268066406, 52.622596740722656
1.7191298007965088, 7.748682498931885, 18.393138885498047, 37.37485122680664, 45.47616958618164, 84.56549072265625, 117.6951904296875, 128.1134033203125
3.6496193408966064, 13.418027877807617, 36.670860290527344, 51.17166519165039, 80.44544219970703, 102.34693145751953, 96.39021301269531, 110.24813842773438
5.033652305603027, 22.257116317749023, 37.837303161621094, 64.10804748535156, 74.48409271240234, 58.88670349121094, 20.024328231811523, -32.05534744262695
6.494523048400879, 22.46737289428711, 47.37146759033203, 52.44011306762695, 25.288789749145508, -10.471274375915527, -73.47743225097656, -96.84809875488281
8.558210372924805, 27.533023834228516, 42.73649978637695, 30.979129791259766, -11.716160774230957, -53.3547248840332, -96.67129516601562, -99.59008026123047
9.724084854125977, 30.338722229003906, 31.773860931396484, -1.147221565246582, -39.14110565185547, -98.66279602050781, -45.11076736450195, 14.24293327331543
10.937113761901855, 29.678895950317383, 16.46029281616211, -34.04299545288086, -72.59061431884766, -55.21208190917969, 19.6969051361084, 105.39842224121094
12.132400512695312, 23.20475959777832, 1.1986820697784424, -41.659584045410156, -55.06227493286133, -0.09746755659580231, 75.88041687011719, 128.0057830810547
12.568124771118164, 22.72858238220215, -14.626245498657227, -48.86233139038086, -22.962778091430664, 53.274532318115234, 93.50163269042969, 3.152740240097046
12.925666809082031, 16.498371124267578, -29.82323455810547, -58.3808479309082, 16.529430389404297, 59.97088623046875, 27.139745712280273, -71.16586303710938
13.526183128356934, 9.29871940612793, -32.2614631652832, -30.107372283935547, 50.22425842285156, 56.70261001586914, -65.29737854003906, -87.89476776123047
13.776215553283691, 2.1096537113189697, -48.29410934448242, -5.896318435668945, 61.486595153808594, 12.779007911682129, -127.65827178955078, -13.449589729309082
14.42241382598877, -5.1825761795043945, -34.7534294128418, 25.04749870300293, 47.699405670166016, -56.31338119506836, -75.55638122558594, 85.70970153808594
14.366961479187012, -12.86830997467041, -36.848304748535156, 51.03112030029297, 27.487972259521484, -59.494789123535156, 3.827552318572998, 144.7068328857422
13.235593795776367, -18.82197380065918, -22.38214111328125, 62.32926940917969, -14.583940505981445, -50.42378616333008, 82.9725112915039, 23.067224502563477
13.138821601867676, -23.74504280090332, -5.543397903442383, 57.79887771606445, -45.323448181152344, -25.140445709228516, 69.639404296875, -60.837127685546875
12.222532272338867, -24.029850006103516, 9.198869705200195, 32.602333068847656, -68.43597412109375, 48.90373611450195, 35.77616500854492, -150.35726928710938
11.277308464050293, -25.531139373779297, 21.50014877319336, 10.918965339660645, -53.959774017333984, 89.32247924804688, -37.620140075683594, -43.75056457519531
9.844654083251953, -26.421466827392578, 39.41518020629883, -15.183026313781738, -22.093290328979492, 73.21399688720703, -63.675235748291016, 43.417659759521484
8.61060619354248, -24.79013442993164, 38.648677825927734, -40.51859664916992, 14.860427856445312, 26.54496192932129, -57.112586975097656, 76.30269622802734
6.92105770111084, -23.487340927124023, 41.411373138427734, -44.82917785644531, 63.6175422668457, -39.007999420166016, -9.587159156799316, 42.102725982666016
5.400143146514893, -19.797447204589844, 39.54641342163086, -55.51063919067383, 87.64460754394531, -85.6786880493164, 51.88320541381836, -39.51972579956055
3.5917696952819824, -11.942949295043945, 25.796491622924805, -40.34501647949219, 56.84928894042969, -63.27321243286133, 80.17801666259766, -140.32940673828125
1.759562373161316, -5.885129928588867, 12.146547317504883, -16.561138153076172, 33.9359245300293, -43.78317642211914, 39.181556701660156, -82.55792236328125
-2.2624213266708715e-11, 1.460506558418274, -4.563208103179932, 6.840248107910156, -13.994268417358398, 17.009521484375, -30.82585334777832, 36.81595230102539
-1.8169256448745728, 8.027141571044922, -18.191099166870117, 35.238548278808594, -40.48905944824219, 50.492332458496094, -68.06783294677734, 152.17091369628906
-3.4575605392456055, 15.882157325744629, -33.64595031738281, 60.860626220703125, -63.36205291748047, 101.50724792480469, -91.7088623046875, 82.24807739257812
-5.255002498626709, 20.398639678955078, -42.74674606323242, 47.652103424072266, -75.69012451171875, 42.628929138183594, -25.41332244873047, -33.394798278808594
-6.823424816131592, 26.045446395874023, -45.645782470703125, 49.74378967285156, -22.947961807250977, -10.745582580566406, 62.461509704589844, -117.2151870727539
-8.689837455749512, 27.106380462646484, -40.60404586791992, 26.546688079833984, 13.784879684448242, -65.00662231445312, 119.20309448242188, -106.29722595214844
-9.474695205688477, 27.866392135620117, -25.70967674255371, -1.227293848991394, 51.429264068603516, -63.24912643432617, 82.76538848876953, 14.227630615234375
-10.593196868896484, 25.944190979003906, -18.938386917114258, -23.112621307373047, 60.93365478515625, -47.793636322021484, -19.310956954956055, 114.40153503417969
-11.988523483276367, 22.930835723876953, -1.0599867105484009, -44.028656005859375, 66.58589935302734, -0.1204315647482872, -78.6292953491211, 134.255615234375
-12.294425964355469, 22.803964614868164, 15.295565605163574, -58.99287033081055, 23.269079208374023, 62.23817443847656, -74.09970092773438, 4.134698390960693
-13.332303047180176, 15.072966575622559, 28.816064834594727, -42.174930572509766, -13.182561874389648, 68.95809173583984, -42.63056182861328, -64.32579040527344
-14.188071250915527, 9.870672225952148, 40.744056701660156, -31.762197494506836, -50.98653793334961, 84.0286636352539, 56.00014877319336, -98.50733184814453
-13.437989234924316, 2.3505003452301025, 41.083160400390625, -4.593459129333496, -73.9253921508789, 12.127131462097168, 94.33171844482422, -18.81012535095215
-13.568717956542969, -4.637004852294922, 42.413211822509766, 24.945837020874023, -74.69560241699219, -50.71512222290039, 78.85586547851562, 62.8430290222168
-14.251171112060547, -12.523724555969238, 31.260780334472656, 37.633705139160156, -27.27190589904785, -82.19493865966797, -4.28618860244751, 114.95771789550781
-13.271361351013184, -18.318912506103516, 18.33926010131836, 57.57211685180664, 16.12042236328125, -84.5698013305664, -86.64530944824219, 19.802793502807617
-13.305670738220215, -20.961523056030273, 6.252195835113525, 44.789005279541016, 44.69076156616211, -14.929025650024414, -74.54996490478516, -94.82303619384766
-11.501228332519531, -26.097705841064453, -9.88570499420166, 31.38195037841797, 53.528541564941406, 28.555164337158203, -38.47047805786133, -119.35833740234375
-10.866941452026367, -28.814321517944336, -22.063859939575195, 15.191868782043457, 61.09074401855469, 96.90435028076172, 28.468603134155273, -36.97566223144531
-9.534127235412598, -27.134389877319336, -39.57102584838867, -16.271190643310547, 32.13243103027344, 74.65428161621094, 110.1792221069336, 80.15309143066406
-8.207010269165039, -26.4685001373291, -41.152000427246094, -36.852638244628906, -12.985006332397461, 28.200021743774414, 104.51190948486328, 150.14161682128906
-7.0448431968688965, -25.025020599365234, -38.709110260009766, -50.35030746459961, -63.08384323120117, -36.23276138305664, 9.208799362182617, 62.901519775390625
-5.232153415679932, -16.646512985229492, -33.30537796020508, -56.41504669189453, -52.89311218261719, -91.25924682617188, -90.20066833496094, -64.02294158935547
-3.555725336074829, -13.452071189880371, -24.872411727905273, -45.25339889526367, -53.24171447753906, -71.80855560302734, -126.51649475097656, -101.565673828125
-1.7195560932159424, -5.090579986572266, -10.605388641357422, -22.231285095214844, -33.245418548583984, -35.37679672241211, -50.028099060058594, -95.5909194946289
2.3595196976811117e-11, 1.309843897819519, 4.370497703552246, 8.718794822692871, 15.422833442687988, 22.32750701904297, 32.31085205078125, 23.49983787536621
1.8353842496871948, 8.342507362365723, 21.59135627746582, 30.19370460510254, 63.591835021972656, 72.6611099243164, 79.1270523071289, 123.35511779785156
3.383080244064331, 13.863962173461914, 31.138858795166016, 55.53235626220703, 61.90066146850586, 91.05842590332031, 77.09297943115234, 87.40907287597656
5.014617443084717, 21.265474319458008, 35.854122161865234, 50.25765609741211, 72.44903564453125, 44.799705505371094, 17.230331420898438, -27.707311630249023
6.9976043701171875, 24.85249137878418, 41.6453971862793, 47.3920783996582, 28.503467559814453, -9.34976863861084, -44.13834762573242, -137.7749786376953
8.479561805725098, 29.62883758544922, 36.22218322753906, 28.7182674407959, -11.203198432922363, -48.58100891113281, -69.30026245117188, -118.17835998535156
9.886981010437012, 26.4227237701416, 27.02324676513672, -1.3823727369308472, -59.73208999633789, -104.88984680175781, -82.34261322021484, 14.433704376220703
10.83946704864502, 29.217775344848633, 15.741194725036621, -24.88644027709961, -62.10361862182617, -66.69520568847656, 12.392577171325684, 92.94839477539062
12.403221130371094, 22.54600715637207, 0.957142174243927, -44.50093460083008, -69.40709686279297, -0.11481554061174393, 58.66117858886719, 82.16680908203125
13.06687068939209, 20.141674041748047, -16.590435028076172, -53.69420623779297, -31.737138748168945, 62.588260650634766, 119.49256134033203, 2.3279948234558105
14.083956718444824, 14.186522483825684, -26.089574813842773, -56.77008819580078, 10.964673042297363, 66.94477081298828, 30.04888916015625, -91.48680877685547
14.57563591003418, 9.073800086975098, -39.62230682373047, -28.61380386352539, 60.3006591796875, 67.14661407470703, -67.23973846435547, -99.35304260253906
13.704200744628906, 2.018268585205078, -40.851131439208984, -5.744004726409912, 67.52999877929688, 12.284024238586426, -77.67395782470703, -16.594316482543945
14.221136093139648, -4.632874011993408, -37.17228698730469, 21.961965560913086, 76.72076416015625, -56.1254768371582, -79.82025146484375, 53.512325286865234
14.403421401977539, -12.84841251373291, -30.435043334960938, 49.22213363647461, 31.799610137939453, -61.471378326416016, 4.49076509475708, 133.90440368652344
13.885135650634766, -18.915367126464844, -22.51329231262207, 48.79035186767578, -11.973752975463867, -78.69247436523438, 88.78568267822266, 40.798030853271484
12.441045761108398, -21.0783634185791, -5.632822036743164, 54.0147819519043, -62.76354217529297, -21.015663146972656, 66.16044616699219, -46.08271789550781
11.69154167175293, -26.950990676879883, 8.990135192871094, 31.80261993408203, -87.28927612304688, 45.87718200683594, 49.185768127441406, -128.92721557617188
10.987643241882324, -26.856504440307617, 27.338655471801758, 14.71641731262207, -70.86598205566406, 58.81011962890625, -46.073184967041016, -47.70520782470703
9.921866416931152, -28.094324111938477, 38.02480697631836, -14.781257629394531, -25.58759880065918, 83.68663024902344, -67.00997161865234, 55.48448944091797
7.995086193084717, -24.61372947692871, 40.663787841796875, -42.99058151245117, 17.233749389648438, 40.47456741333008, -58.162811279296875, 80.86062622070312
6.638595104217529, -22.355409622192383, 36.42747116088867, -62.48230743408203, 63.83026123046875, -33.22035598754883, -8.039294242858887, 57.903541564941406
5.059666156768799, -17.503376007080078, 41.254093170166016, -64.5658187866211, 69.73897552490234, -60.01737594604492, 72.19712829589844, -68.78683471679688
3.5342769622802734, -12.016858100891113, 26.1191349029541, -48.474525451660156, 46.92934036254883, -72.43846893310547, 124.42790985107422, -96.28070068359375
1.7034565210342407, -5.831442832946777, 12.493289947509766, -17.426036834716797, 32.527103424072266, -32.29456329345703, 65.80664825439453, -65.97306823730469
-2.323628095490804e-11, 1.4146469831466675, -3.7904582023620605, 8.949533462524414, -14.093436241149902, 21.299880981445312, -39.01604461669922, 44.6540641784668
-1.7337052822113037, 8.587332725524902, -21.852184295654297, 39.429649353027344, -61.85212326049805, 56.56891632080078, -117.89966583251953, 80.06522369384766
-3.5427780151367188, 13.753364562988281, -33.773773193359375, 61.15805435180664, -62.90626525878906, 85.20918273925781, -97.97570037841797, 52.98122787475586
-5.015596389770508, 19.538576126098633, -35.203582763671875, 56.43754196166992, -57.96818542480469, 64.11239624023438, -18.209491729736328, -25.514249801635742
-7.06887674331665, 22.15086555480957, -41.7393913269043, 47.94150924682617, -27.400697708129883, -9.06640911102295, 73.0781021118164, -108.65828704833984
-8.440943717956543, 27.58942222595215, -44.47910690307617, 28.474262237548828, 10.583876609802246, -73.46470642089844, 103.0093002319336, -106.32767486572266
-9.760054588317871, 28.80370330810547, -26.205224990844727, -1.147813320159912, 57.67200469970703, -109.96403503417969, 65.37308502197266, 12.660112380981445
-10.974590301513672, 29.498680114746094, -15.300658226013184, -32.267059326171875, 60.75119400024414, -74.78929901123047, -23.067806243896484, 122.54485321044922
-12.206683158874512, 23.418365478515625, -1.1770615577697754, -49.162933349609375, 56.734676361083984, -0.14474321901798248, -101.05326843261719, 109.08189392089844
-13.248854637145996, 21.975191116333008, 14.547470092773438, -60.04983139038086, 29.0441837310791, 43.325618743896484, -109.67736053466797, 2.317375421524048
-12.992794036865234, 14.496459007263184, 25.834470748901367, -52.05119323730469, -15.949264526367188, 99.14356231689453, -29.354957580566406, -77.26604461669922
-13.532325744628906, 8.746566772460938, 33.17170333862305, -30.04479217529297, -44.007328033447266, 56.32160949707031, 47.688812255859375, -68.84310913085938
-14.807745933532715, 2.0500028133392334, 38.823211669921875, -5.768643379211426, -59.05873489379883, 10.768377304077148, 126.28243255615234, -15.015230178833008
-14.49366569519043, -4.738460540771484, 40.454689025878906, 19.975034713745117, -60.100589752197266, -46.3056755065918, 81.36687469482422, 104.24118041992188
-13.322986602783203, -10.974515914916992, 32.712337493896484, 42.362892150878906, -23.5505313873291, -74.29185485839844, -3.5116560459136963, 89.61970520019531
-14.008545875549316, -17.707679748535156, 22.06461524963379, 65.66991424560547, 13.066832542419434, -74.47281646728516, -91.30455780029297, 33.08888626098633
-12.179858207702637, -24.900014877319336, 6.651891231536865, 58.83935546875, 64.90626525878906, -22.117374420166016, -104.41619110107422, -101.35490417480469
-11.712574005126953, -26.475799560546875, -8.894217491149902, 39.085391998291016, 78.80706787109375, 35.504791259765625, -43.242610931396484, -83.57540893554688
-10.796707153320312, -29.063016891479492, -27.51097869873047, 13.39403247833252, 52.74924850463867, 95.79975891113281, 42.49037551879883, -45.65250015258789
-9.823309898376465, -30.66767120361328, -39.196598052978516, -13.8360013961792, 32.637901306152344, 91.69176483154297, 124.18521881103516, 74.39569091796875
-8.208802223205566, -27.44063949584961, -44.84525680541992, -45.88727951049805, -17.00379180908203, 27.537458419799805, 54.03492736816406, 84.52970123291016
-6.572529315948486, -21.39691925048828, -40.302860260009766, -61.7025146484375, -54.11111831665039, -31.250690460205078, 10.014680862426758, 47.08887481689453
-5.100750923156738, -16.570838928222656, -40.3697395324707, -60.55632781982422, -85.20376586914062, -69.23793029785156, -79.50926208496094, -59.51163101196289
-3.4319584369659424, -11.323193550109863, -28.112451553344727, -47.519920349121094, -46.77513885498047, -88.2634048461914, -114.1053466796875, -89.08969116210938
-1.8526958227157593, -5.994723320007324, -10.72132682800293, -16.631221771240234, -34.787940979003906, -29.64266014099121, -51.5029411315918, -72.64690399169922
2.4898210229662432e-11, 1.4106301069259644, 4.584836483001709, 8.115443229675293, 15.15090560913086, 22.607357025146484, 32.211463928222656, 27.57707977294922
1.7392234802246094, 9.148561477661133, 18.734996795654297, 30.406543731689453, 63.79201889038086, 62.48701095581055, 99.45207214355469, 66.3152084350586
3.368656873703003, 15.791837692260742, 34.80589294433594, 49.434165954589844, 68.08821868896484, 68.10223388671875, 77.2322998046875, 57.44083786010742
5.314596176147461, 19.18703842163086, 34.30658721923828, 56.79916763305664, 73.86837005615234, 56.8275032043457, 24.09114646911621, -30.220212936401367
6.968487739562988, 25.879562377929688, 39.76784133911133, 52.219818115234375, 30.454120635986328, -7.973052024841309, -65.56608581542969, -110.06163024902344
8.369073867797852, 29.007963180541992, 38.73051834106445, 26.746137619018555, -15.72775936126709, -82.40278625488281, -124.5899429321289, -83.49375915527344
9.578459739685059, 30.714298248291016, 26.9805850982666, -1.4737346172332764, -64.19038391113281, -102.0101318359375, -64.761474609375, 11.051355361938477
11.38224983215332, 25.050357818603516, 15.581364631652832, -32.55908966064453, -85.43212890625, -59.151771545410156, 18.11216926574707, 105.57196044921875
11.809809684753418, 27.299448013305664, 1.0017433166503906, -44.55033493041992, -48.73475646972656, -0.092653788626194, 106.47187042236328, 127.27690124511719
12.277280807495117, 20.92881202697754, -12.70821475982666, -59.022708892822266, -24.505510330200195, 70.72844696044922, 83.0372314453125, 1.9655851125717163
13.387463569641113, 15.750791549682617, -31.863588333129883, -40.944793701171875, 16.17059898376465, 71.38886260986328, 24.711158752441406, -92.65068054199219
14.404794692993164, 8.518932342529297, -41.21196746826172, -37.58124923706055, 63.07225036621094, 52.4653434753418, -58.36967086791992, -63.86532211303711
14.199638366699219, 2.0292532444000244, -43.49716567993164, -5.530936241149902, 64.2163314819336, 10.288357734680176, -107.4554214477539, -21.646596908569336
14.47225570678711, -4.635676383972168, -40.05144119262695, 20.870269775390625, 62.50838088989258, -62.13887405395508, -93.42555236816406, 89.01979064941406
14.152815818786621, -10.815625190734863, -31.62722396850586, 52.58665466308594, 29.46674156188965, -58.80796432495117, 3.347921371459961, 76.30287170410156
12.815167427062988, -18.37686538696289, -21.743846893310547, 61.786827087402344, -15.609768867492676, -78.8157730102539, 77.05757141113281, 24.8182373046875
13.194132804870605, -22.83580207824707, -6.152164936065674, 53.28397750854492, -46.79146194458008, -27.428590774536133, 90.00928497314453, -51.07630920410156
12.27968978881836, -26.386245727539062, 10.743757247924805, 41.75741195678711, -84.3846435546875, 50.50416946411133, 45.1080322265625, -123.98977661132812
10.596002578735352, -28.64375877380371, 24.272705078125, 10.508437156677246, -72.17583465576172, 90.60552978515625, -42.3692741394043, -45.98841857910156
9.703229904174805, -27.9650821685791, 33.11516571044922, -15.088501930236816, -34.240943908691406, 68.00147247314453, -112.93075561523438, 56.20504379272461
8.56718635559082, -24.89164924621582, 36.697750091552734, -46.76052474975586, 15.807958602905273, 28.283769607543945, -55.93423080444336, 101.58577728271484
6.626577377319336, -22.39485740661621, 46.80088424682617, -55.27785873413086, 43.701026916503906, -23.774072647094727, -9.67509651184082, 57.269676208496094
5.258120059967041, -20.038766860961914, 32.855712890625, -63.00968551635742, 74.24169921875, -82.40016174316406, 92.41455841064453, -50.598175048828125
3.436049699783325, -12.490032196044922, 28.638145446777344, -50.923282623291016, 68.74007415771484, -104.39198303222656, 71.74874114990234, -120.5953598022461
1.803080677986145, -5.357757091522217, 12.376665115356445, -22.26465606689453, 35.71293640136719, -34.009422302246094, 62.77762985229492, -41.72701644897461
-2.4566276096704698e-11, 1.4729411602020264, -3.619900703430176, 9.020541191101074, -15.182124137878418, 22.786510467529297, -21.298887252807617, 36.366432189941406
-1.7089134454727173, 8.035513877868652, -21.601930618286133, 34.57754898071289, -42.29254913330078, 52.0245246887207, -105.49494934082031, 137.83743286132812
-3.5642402172088623, 13.890521049499512, -33.335147857666016, 44.6750602722168, -59.7185173034668, 82.61222076416016, -79.82748413085938, 107.70291900634766
-5.2748284339904785, 19.8978214263916, -40.84824752807617, 48.003448486328125, -52.54664611816406, 59.07346725463867, -16.35970115661621, -19.46662139892578
-7.111051082611084, 23.355688095092773, -48.13090896606445, 54.167789459228516, -23.058948516845703, -9.123210906982422, 76.02466583251953, -130.24264526367188
-8.717934608459473, 29.817825317382812, -42.88603591918945, 24.121192932128906, 11.84426498413086, -84.2784194946289, 81.18343353271484, -67.50808715820312
-9.8231840133667, 25.473047256469727, -29.189128875732422, -1.11178719997406, 55.66440963745117, -93.33773040771484, 77.4838638305664, 8.990944862365723
-10.664168357849121, 29.654102325439453, -14.183502197265625, -24.38823127746582, 80.61125946044922, -66.97213745117188, -15.930935859680176, 99.04586791992188
-11.952651977539062, 24.321758270263672, -1.1202092170715332, -48.9760856628418, 76.12285614013672, -0.09608818590641022, -75.98314666748047, 100.71411895751953
-12.96888256072998, 19.34261131286621, 15.517363548278809, -48.51892852783203, 30.165712356567383, 44.287654876708984, -84.35089111328125, 4.231812000274658
-13.465187072753906, 14.468184471130371, 26.742773056030273, -47.59409713745117, -14.329778671264648, 107.60379028320312, -41.35304641723633, -63.48455810546875
-13.390254974365234, 8.680098533630371, 39.12025833129883, -32.50904083251953, -50.583984375, 70.39585876464844, 58.64776611328125, -133.90203857421875
-13.538023948669434, 1.9984852075576782, 47.31800842285156, -6.284458637237549, -74.33661651611328, 12.213010787963867, 112.39290618896484, -17.675642013549805
-13.487532615661621, -5.2292375564575195, 42.74489212036133, 24.169191360473633, -68.99397277832031, -40.10439682006836, 55.119686126708984, 55.338134765625
-13.239258766174316, -12.509843826293945, 34.83507537841797, 42.79335403442383, -31.719961166381836, -80.27696228027344, -4.927319049835205, 70.55204010009766
-13.565279006958008, -16.18669891357422, 18.490314483642578, 56.815608978271484, 17.2531681060791, -73.62908935546875, -72.05998992919922, 31.54729461669922
-13.26977252960205, -23.185148239135742, 5.942838191986084, 63.38535690307617, 40.29806900024414, -18.044450759887695, -117.4908447265625, -61.84525680541992
-11.983607292175293, -28.36823081970215, -10.345020294189453, 43.5998420715332, 61.99711608886719, 32.621280670166016, -49.41041946411133, -70.5015640258789
-10.963372230529785, -27.629552841186523, -26.5202579498291, 14.16784381866455, 51.47715759277344, 81.8088150024414, 32.254722595214844, -29.007352828979492
-9.472761154174805, -28.921167373657227, -30.38050651550293, -15.676226615905762, 23.691511154174805, 66.43592071533203, 96.12440490722656, 55.5487174987793
-7.957971096038818, -25.49210548400879, -43.49716567993164, -43.78874588012695, -14.60689640045166, 28.316659927368164, 72.5616226196289, 120.38965606689453
-6.7950334548950195, -24.893022537231445, -38.304771423339844, -50.608497619628906, -61.73433303833008, -39.39439392089844, 5.753079414367676, 54.275108337402344
-5.209509372711182, -18.84130096435547, -36.04304504394531, -55.888648986816406, -64.05970764160156, -91.07341003417969, -75.54026794433594, -58.96914291381836
-3.4594290256500244, -13.446830749511719, -24.92751693725586, -41.841712951660156, -48.005332946777344, -58.84788131713867, -118.614013671875, -125.703369140625
-1.7146295309066772, -6.219790458679199, -12.764017105102539, -19.263750076293945, -30.013591766357422, -32.65544128417969, -44.242061614990234, -45.9897575378418
2.3748388672251153e-11, 1.3809630870819092, 4.691644668579102, 8.724607467651367, 12.92644214630127, 21.123926162719727, 38.612693786621094, 38.10948181152344
1.7235454320907593, 7.847541809082031, 18.260093688964844, 37.68797302246094, 59.394073486328125, 68.67314910888672, 69.48323059082031, 139.06488037109375
3.61894154548645, 15.166744232177734, 28.28826904296875, 46.086463928222656, 74.93922424316406, 59.60810852050781, 80.49217224121094, 48.482879638671875
5.434706211090088, 20.154727935791016, 36.342159271240234, 60.9310417175293, 65.79743194580078, 57.64326095581055, 26.897172927856445, -24.926498413085938
6.6774067878723145, 22.152589797973633, 43.74726486206055, 44.19785690307617, 24.401643753051758, -10.76786994934082, -43.140323638916016, -102.02628326416016
8.243651390075684, 29.05695152282715, 37.730934143066406, 22.443639755249023, -11.311927795410156, -51.54635238647461, -116.24752807617188, -105.87162780761719
10.859916687011719, 27.902912139892578, 15.452940940856934, -33.89788818359375, -56.045658111572266, -56.228416442871094, 21.14970588684082, 115.70146179199219
12.197793960571289, 24.226444244384766, 0.9348551034927368, -48.71565628051758, -59.77645492553711, -0.08319010585546494, 56.500675201416016, 98.38587188720703
12.48362922668457, 20.698410034179688, -13.452783584594727, -55.65760803222656, -33.38406753540039, 47.623626708984375, 71.83605194091797, 2.290529489517212
13.497597694396973, 14.918977737426758, -24.22325325012207, -45.27421569824219, 16.1820011138916, 59.951416015625, 38.53545379638672, -92.3167495727539
13.967482566833496, 9.465790748596191, -33.75562286376953, -30.870540618896484, 50.45197296142578, 73.29277038574219, -35.18974685668945, -66.00467681884766
14.41429615020752, 2.0104520320892334, -41.2018928527832, -4.587853908538818, 52.821624755859375, 8.089268684387207, -86.85095977783203, -18.98489761352539
14.132681846618652, -5.079248905181885, -43.871578216552734, 20.024425506591797, 47.54742431640625, -44.7608528137207, -51.93327713012695, 80.20482635498047
13.455885887145996, -11.538565635681152, -34.98471450805664, 48.106101989746094, 22.475982666015625, -95.38384246826172, 3.707500696182251, 112.19025421142578
14.08348274230957, -18.953344345092773, -22.74521827697754, 66.21321868896484, -13.85805606842041, -62.81011962890625, 94.72394561767578, 43.388282775878906
12.430176734924316, -24.052875518798828, -7.0995025634765625, 56.07437515258789, -48.88801574707031, -21.669008255004883, 109.9387435913086, -96.14950561523438
11.49435806274414, -28.12317657470703, 10.296031951904297, 43.51975631713867, -55.307308197021484, 30.854440689086914, 44.92290496826172, -132.92710876464844
11.251925468444824, -30.233776092529297, 23.760644912719727, 12.634977340698242, -67.29285430908203, 103.46522521972656, -34.64717102050781, -48.56515884399414
9.288494110107422, -28.47176170349121, 37.26885223388672, -12.493853569030762, -26.376995086669922, 77.20929718017578, -123.98078918457031, 78.39076232910156
8.418729782104492, -25.279090881347656, 36.25614547729492, -43.87506866455078, 14.804944038391113, 27.558807373046875, -71.62104797363281, 97.62086486816406
6.4833083152771, -21.155271530151367, 46.736995697021484, -45.6456413269043, 48.5000114440918, -33.121971130371094, -7.63593053817749, 51.60346221923828
5.2042741775512695, -17.566551208496094, 40.568084716796875, -49.56321334838867, 86.35594177246094, -80.51823425292969, 74.9004898071289, -54.392391204833984
3.6149866580963135, -12.483735084533691, 26.700990676879883, -42.318748474121094, 60.00090026855469, -99.87355041503906, 96.34208679199219, -87.1097412109375
1.7096209526062012, -6.109320163726807, 11.163104057312012, -17.063385009765625, 28.138425827026367, -52.90821075439453, 60.27180099487305, -57.3443489074707
-2.3928345416202035e-11, 1.4269412755966187, -4.777234077453613, 7.244830131530762, -11.249571800231934, 18.28826332092285, -38.248817443847656, 31.1596622467041
-1.7085283994674683, 7.924941539764404, -17.404733657836914, 41.16300582885742, -59.161678314208984, 65.79743194580078, -91.62977600097656, 146.70034790039062
-3.488276243209839, 15.543191909790039, -30.568885803222656, 58.684574127197266, -65.45582580566406, 74.16526794433594, -113.29293060302734, 99.21701049804688
-5.3702263832092285, 21.959320068359375, -45.344879150390625, 48.368839263916016, -72.94584655761719, 36.882320404052734, -18.246858596801758, -25.915088653564453
-7.091677188873291, 25.960796356201172, -38.00102233886719, 47.61144256591797, -27.66719627380371, -10.778878211975098, 54.04922866821289, -82.56566619873047
-8.379990577697754, 27.275684356689453, -42.897518157958984, 22.962682723999023, 12.595373153686523, -71.84811401367188, 72.10093688964844, -60.00091552734375
-9.798439025878906, 26.420827865600586, -28.191171646118164, -1.5821658372879028, 59.9344367980957, -89.19313049316406, 82.5711441040039, 8.359711647033691
-11.055085182189941, 27.497970581054688, -18.54830551147461, -29.927099227905273, 71.12853240966797, -45.994388580322266, -14.858953475952148, 99.649169921875
-12.353105545043945, 25.640026092529297, -1.0681408643722534, -46.51155471801758, 72.49320983886719, -0.09082923829555511, -58.272499084472656, 86.25074768066406
-12.368205070495605, 21.960193634033203, 16.094865798950195, -50.417240142822266, 34.7816162109375, 41.43128967285156, -70.98030090332031, 2.556260824203491
-13.263642311096191, 16.119035720825195, 31.977935791015625, -56.36194610595703, -16.423908233642578, 76.1073226928711, -33.983909606933594, -58.09152603149414
-14.347867965698242, 9.90793514251709, 36.2097053527832, -38.1738166809082, -42.9525032043457, 62.204036712646484, 47.93156433105469, -97.26201629638672
-13.713576316833496, 2.0930519104003906, 37.354713439941406, -6.68116569519043, -79.38768005371094, 13.94739055633545, 65.32369232177734, -23.8967227935791
-13.950337409973145, -4.583298683166504, 40.70911407470703, 26.453540802001953, -70.58643341064453, -62.80309295654297, 98.20420837402344, 76.29225158691406
-14.091166496276855, -10.627596855163574, 35.75590133666992, 40.46310043334961, -34.79060745239258, -102.26372528076172, -4.3894429206848145, 137.72555541992188
-12.964550018310547, -16.031051635742188, 18.805566787719727, 53.031131744384766, 16.42827796936035, -72.56645965576172, -54.574951171875, 32.19303512573242
-12.800336837768555, -20.533098220825195, 6.034075736999512, 63.00717544555664, 54.07551193237305, -20.17984962463379, -87.22773742675781, -67.37567138671875
-11.774749755859375, -25.597734451293945, -10.593605995178223, 34.59265899658203, 65.60835266113281, 50.36720657348633, -38.28919219970703, -127.31482696533203
-11.242323875427246, -26.114389419555664, -27.04290199279785, 14.876876831054688, 48.336246490478516, 87.32852935791016, 39.580894470214844, -60.74671936035156
-9.580217361450195, -28.22028923034668, -32.0413932800293, -12.540824890136719, 27.29575538635254, 55.121788024902344, 88.26852416992188, 44.08765411376953
-7.9750566482543945, -27.826675415039062, -35.618988037109375, -43.96306228637695, -10.935266494750977, 24.112876892089844, 54.68326950073242, 131.45352172851562
-6.724649906158447, -25.391321182250977, -45.958316802978516, -62.11466598510742, -43.11899185180664, -40.067054748535156, 9.474095344543457, 60.621158599853516
-5.445263385772705, -17.9628963470459, -35.61903762817383, -50.46089172363281, -76.04046630859375, -73.31661987304688, -69.31658935546875, -32.02462387084961
-3.4522242546081543, -11.604170799255371, -28.609153747558594, -46.24584197998047, -49.697784423828125, -78.57553100585938, -99.02770233154297, -93.4202651977539
-1.7294538021087646, -5.972434043884277, -12.112777709960938, -17.828441619873047, -31.765233993530273, -32.26652526855469, -72.27359008789062, -57.71230697631836
2.4546266061409305e-11, 1.3058419227600098, 4.704643249511719, 10.0531644821167, 11.409394264221191, 18.466110229492188, 38.838497161865234, 36.216793060302734
1.7271488904953003, 7.966594219207764, 18.08139419555664, 38.73441696166992, 53.551902770996094, 75.8364028930664, 116.09738159179688, 71.78184509277344
3.37542724609375, 14.804258346557617, 31.3527774810791, 51.40672302246094, 63.7467041015625, 78.24044799804688, 80.35701751708984, 86.48104095458984
5.3313093185424805, 22.30251121520996, 44.004066467285156, 59.90398406982422, 66.88848114013672, 53.57160186767578, 17.1347713470459, -19.849308013916016
6.716104984283447, 26.94126319885254, 48.566036224365234, 49.067237854003906, 25.817718505859375, -7.999838829040527, -79.48135375976562, -120.77307891845703
8.7197847366333, 29.461688995361328, 39.42390060424805, 22.911121368408203, -16.963964462280273, -82.77863311767578, -86.13819122314453, -114.71906280517578
9.549933433532715, 30.011810302734375, 28.613170623779297, -1.379917860031128, -48.81124496459961, -69.67489624023438, -43.56830978393555, 12.686037063598633
10.564543724060059, 29.95321273803711, 18.330387115478516, -30.290952682495117, -69.9649887084961, -61.74923324584961, 22.7027587890625, 102.3499526977539
11.482919692993164, 27.28664779663086, 1.1398615837097168, -39.70355224609375, -58.94713592529297, -0.10803241282701492, 61.90816879272461, 83.68367767333984
12.167577743530273, 22.519617080688477, -12.788618087768555, -54.93307876586914, -32.421810150146484, 51.6125373840332, 118.1485824584961, 3.702674627304077
13.223992347717285, 14.072042465209961, -28.917926788330078, -60.36900329589844, 15.281817436218262, 80.6019515991211, 31.543325424194336, -66.39373779296875
13.52932071685791, 8.700119018554688, -41.07858657836914, -29.631263732910156, 42.452598571777344, 72.4946517944336, -47.808319091796875, -136.56080627441406
14.75623607635498, 2.1163997650146484, -41.678749084472656, -6.4838995933532715, 60.81547927856445, 11.012603759765625, -107.5345687866211, -20.401165008544922
13.418402671813965, -5.339755058288574, -35.932804107666016, 19.071781158447266, 57.762393951416016, -46.98757553100586, -61.5499267578125, 117.04499816894531
14.56805419921875, -12.064533233642578, -37.5723762512207, 51.98910903930664, 28.732189178466797, -87.36621856689453, 6.303149700164795, 96.74720764160156
12.919739723205566, -19.104310989379883, -22.888671875, 55.72860336303711, -13.305699348449707, -62.0252571105957, 53.45994567871094, 29.575111389160156
12.542363166809082, -22.06691551208496, -6.179869651794434, 43.03598403930664, -59.69611358642578, -26.906230926513672, 70.53135681152344, -68.0748519897461
11.443136215209961, -26.434492111206055, 9.453821182250977, 44.48795700073242, -61.50387954711914, 48.62343978881836, 56.1217155456543, -139.80966186523438
11.182506561279297, -26.644609451293945, 24.648788452148438, 13.06498908996582, -53.74742126464844, 80.93634033203125, -33.95189666748047, -28.22182273864746
9.820337295532227, -30.75531578063965, 35.36224365234375, -12.47282886505127, -31.120758056640625, 79.70610046386719, -67.9134292602539, 63.29002380371094
8.292841911315918, -24.226215362548828, 45.073341369628906, -39.931819915771484, 13.25458812713623, 25.927738189697266, -77.48544311523438, 138.4765625
7.007689952850342, -23.45905876159668, 43.978031158447266, -48.401432037353516, 40.5751838684082, -22.0484561920166, -5.383881092071533, 76.38469696044922
4.987368583679199, -19.334192276000977, 33.67860412597656, -60.086517333984375, 74.22537994384766, -80.05915069580078, 66.76824188232422, -46.41064453125
3.4064853191375732, -11.773967742919922, 29.28787612915039, -41.70841598510742, 66.33619689941406, -88.48983001708984, 79.64328002929688, -77.17009735107422
1.8241112232208252, -5.40452241897583, 10.237388610839844, -21.583580017089844, 27.292490005493164, -40.45351791381836, 55.80280303955078, -48.46916198730469
-2.501960097434086e-11, 1.3777865171432495, -3.63993501663208, 8.939681053161621, -12.125710487365723, 20.390897750854492, -24.810916900634766, 36.771087646484375
-1.8540648221969604, 8.43902587890625, -22.398759841918945, 29.834259033203125, -51.98826599121094, 87.37264251708984, -83.66915893554688, 121.98678588867188
-3.414236068725586, 15.390392303466797, -28.053617477416992, 44.073360443115234, -71.24026489257812, 94.80496215820312, -60.79374694824219, 86.12915802001953
-5.030552864074707, 20.527095794677734, -37.22423553466797, 51.96602249145508, -70.16908264160156, 35.142086029052734, -14.91141128540039, -26.306865692138672
-6.7503581047058105, 24.890949249267578, -47.507816314697266, 38.4109001159668, -23.147287368774414, -10.2429838180542, 56.67327880859375, -140.74734497070312
-8.681416511535645, 28.08538055419922, -36.63507080078125, 31.191322326660156, 15.549168586730957, -74.66657257080078, 98.34178924560547, -64.9212875366211
-9.856964111328125, 28.90424346923828, -34.076377868652344, -1.2553242444992065, 56.69105529785156, -91.63946533203125, 77.25074768066406, 13.254606246948242
-11.026545524597168, 29.061891555786133, -14.535537719726562, -32.227291107177734, 63.51028823852539, -55.95294189453125, -20.72414779663086, 79.67726135253906
-12.169129371643066, 25.697956085205078, -1.1868449449539185, -43.59266662597656, 50.838768005371094, -0.11201757937669754, -88.0733871459961, 102.67149353027344
-12.872801780700684, 22.22525405883789, 12.930656433105469, -54.15143966674805, 26.268953323364258, 41.162845611572266, -118.23361206054688, 3.199895143508911
-13.243103981018066, 15.538822174072266, 26.527677536010742, -57.32938003540039, -11.677946090698242, 74.26856231689453, -41.368621826171875, -62.564056396484375
-13.657951354980469, 8.908933639526367, 37.76106643676758, -26.512786865234375, -40.73695373535156, 64.21759796142578, 47.183876037597656, -114.9701156616211
-14.701892852783203, 2.115546703338623, 46.7867546081543, -6.370265960693359, -72.4149169921875, 8.151159286499023, 80.37665557861328, -22.85103416442871
-14.422801971435547, -5.08625602722168, 37.51017379760742, 24.272865295410156, -69.9394302368164, -37.79914474487305, 80.5474624633789, 99.2610092163086
-14.561273574829102, -11.118603706359863, 30.381940841674805, 44.30735397338867, -24.261842727661133, -90.39701843261719, -6.3261799812316895, 132.0506591796875
-13.76893138885498, -16.759029388427734, 20.2280330657959, 62.22275924682617, 17.360395431518555, -89.25398254394531, -69.04023742675781, 36.359127044677734
-12.447320938110352, -23.563093185424805, 5.575841903686523, 43.95404052734375, 59.450618743896484, -25.057479858398438, -106.75821685791016, -94.05158996582031
-11.427207946777344, -26.595170974731445, -9.929681777954102, 36.126468658447266, 86.0428237915039, 43.49543762207031, -42.76606369018555, -94.79788970947266
-11.138500213623047, -25.57897186279297, -20.672714233398438, 12.176097869873047, 76.16503143310547, 60.44077682495117, 52.53078079223633, -30.925655364990234
-9.606144905090332, -25.805593490600586, -38.40408706665039, -15.082866668701172, 30.200151443481445, 65.24329376220703, 104.44869232177734, 78.75174713134766
-8.118711471557617, -25.105375289916992, -37.64717102050781, -40.43074035644531, -10.76575756072998, 38.37575912475586, 64.2198715209961, 78.80657196044922
-6.978294372558594, -24.570066452026367, -45.41395568847656, -64.05558776855469, -50.94960021972656, -37.68197250366211, 7.3679070472717285, 77.83306884765625
-5.0246901512146, -19.449739456176758, -36.5472297668457, -62.44923400878906, -62.84794998168945, -96.22508239746094, -93.46070861816406, -43.518333435058594
-3.36669921875, -11.622356414794922, -25.14243507385254, -41.17373275756836, -60.91941833496094, -82.17627716064453, -117.26431274414062, -148.61761474609375
-1.7340316772460938, -5.632641792297363, -10.158870697021484, -22.022024154663086, -27.639400482177734, -44.7885856628418, -65.86454772949219, -94.7591781616211
2.3724766942678777e-11, 1.3922494649887085, 3.78792667388916, 7.755066871643066, 13.484586715698242, 25.037317276000977, 33.19287109375, 36.03273010253906
1.8596552610397339, 8.530077934265137, 17.11203956604004, 36.55604553222656, 53.54848098754883, 51.91594696044922, 64.3656234741211, 87.18602752685547
3.6300175189971924, 14.032371520996094, 35.68977737426758, 52.12830352783203, 54.70235824584961, 82.8833236694336, 58.131404876708984, 96.9264907836914
5.414792060852051, 21.938587188720703, 37.70085906982422, 48.26609420776367, 76.83995819091797, 58.37986373901367, 19.05588150024414, -33.86066818237305
7.056729316711426, 23.397144317626953, 44.70770263671875, 55.71614074707031, 27.17831802368164, -13.480173110961914, -69.3154067993164, -99.4109878540039
8.193229675292969, 27.123926162719727, 41.36661911010742, 28.256296157836914, -16.337356567382812, -52.7834587097168, -102.93264770507812, -114.18402862548828
9.552410125732422, 28.590599060058594, 25.369068145751953, -1.1950743198394775, -59.425262451171875, -107.63707733154297, -48.457420349121094, 11.314271926879883
10.48580551147461, 25.58681869506836, 14.341814041137695, -32.35829544067383, -79.31489562988281, -48.33481216430664, 14.710997581481934, 127.4342041015625
11.64468002319336, 25.260719299316406, 1.180564045906067, -51.29428482055664, -64.95606994628906, -0.12846024334430695, 112.12921905517578, 75.93295288085938
13.335837364196777, 21.59033203125, -13.08843994140625, -54.273681640625, -30.711095809936523, 51.888275146484375, 101.3286361694336, 2.2612509727478027
13.282731056213379, 15.422086715698242, -30.047088623046875, -60.23138427734375, 16.998191833496094, 104.23308563232422, 32.25409698486328, -105.62104797363281
13.651432991027832, 8.305025100708008, -39.30397033691406, -28.331493377685547, 59.25312423706055, 73.8011245727539, -48.1513786315918, -112.6285171508789
13.97147274017334, 1.9500335454940796, -41.671730041503906, -6.0149970054626465, 77.27017974853516, 11.703397750854492, -77.95185089111328, -18.84115982055664
14.19052505493164, -5.158164024353027, -44.05442810058594, 20.575246810913086, 47.741390228271484, -63.395511627197266, -81.71417999267578, 75.27140808105469
13.375536918640137, -11.77182674407959, -34.89509201049805, 42.21780776977539, 26.500591278076172, -95.86112213134766, 3.2924768924713135, 125.35778045654297
13.107945442199707, -16.40029525756836, -19.227100372314453, 49.96189498901367, -17.462730407714844, -61.93480682373047, 51.65060806274414, 29.842269897460938
12.560608863830566, -22.215761184692383, -5.875378131866455, 46.629390716552734, -45.84052276611328, -26.380029678344727, 85.4704818725586, -61.78778839111328
11.996223449707031, -27.678462982177734, 8.731074333190918, 38.885780334472656, -54.16550827026367, 29.43071937561035, 45.8980827331543, -85.83716583251953
10.790677070617676, -27.631961822509766, 21.864831924438477, 11.132393836975098, -67.76383209228516, 82.29692077636719, -31.271282196044922, -31.9278621673584
9.51989459991455, -27.94778823852539, 35.88541030883789, -15.71581745147705, -26.943649291992188, 57.37983703613281, -110.88046264648438, 82.33887481689453
8.640169143676758, -24.15997314453125, 42.577449798583984, -32.296566009521484, 11.507372856140137, 33.64990234375, -72.9841079711914, 156.53555297851562
6.960323810577393, -21.695274353027344, 40.872859954833984, -62.82422637939453, 63.177406311035156, -26.49003028869629, -7.547016143798828, 61.58894729614258
5.450746059417725, -16.801916122436523, 32.96571731567383, -45.263545989990234, 56.028045654296875, -66.35910034179688, 74.5538101196289, -50.77029800415039
3.3481979370117188, -13.463120460510254, 24.929777145385742, -46.95222473144531, 68.90263366699219, -59.9286994934082, 79.14897155761719, -106.51919555664062
1.8588680028915405, -5.890738010406494, 10.991510391235352, -19.69315528869629, 30.60236930847168, -33.4781494140625, 47.57058334350586, -95.65308380126953
-2.4677385135341012e-11, 1.3529949188232422, -4.778266906738281, 9.369974136352539, -15.255743026733398, 16.161903381347656, -24.96343231201172, 39.90996551513672
-1.7482253313064575, 8.024018287658691, -18.52045440673828, 31.01787757873535, -48.77561950683594, 62.62736129760742, -122.95433807373047, 85.37755584716797
-3.5214555263519287, 14.033563613891602, -31.209056854248047, 60.83828353881836, -63.54922866821289, 80.26341247558594, -115.69758605957031, 83.22496795654297
-5.102449417114258, 18.59210205078125, -41.399925231933594, 55.63081741333008, -70.3856430053711, 57.778656005859375, -18.361486434936523, -30.28575897216797
-6.498233795166016, 25.009172439575195, -44.678958892822266, 43.15700912475586, -25.18150520324707, -8.762645721435547, 49.879608154296875, -135.51596069335938
-8.102444648742676, 27.871463775634766, -35.37095260620117, 22.31987762451172, 16.906187057495117, -65.6072006225586, 65.14776611328125, -79.59978485107422
-9.471778869628906, 27.018110275268555, -27.290069580078125, -1.5899238586425781, 62.17757797241211, -59.43259811401367, 46.728939056396484, 8.073318481445312
-10.848190307617188, 25.971050262451172, -18.847360610961914, -26.60187530517578, 78.62523651123047, -55.52820587158203, -14.554361343383789, 138.5366668701172
-11.392834663391113, 24.13174057006836, -1.012750267982483, -42.743858337402344, 55.40883255004883, -0.08898726850748062, -100.69266510009766, 119.82938385009766
-12.472455978393555, 21.017181396484375, 12.972650527954102, -57.394527435302734, 31.712318420410156, 56.45769500732422, -67.37895202636719, 3.9274914264678955
-13.560760498046875, 15.715221405029297, 27.288928985595703, -59.89012908935547, -14.382960319519043, 94.96710205078125, -34.504554748535156, -60.099388122558594
-13.6079683303833, 8.947700500488281, 36.310302734375, -31.67217254638672, -56.65264892578125, 77.76775360107422, 56.3620491027832, -85.18404388427734
-13.973640441894531, 1.9293885231018066, 48.51458740234375, -5.046702861785889, -80.32772064208984, 13.53104305267334, 126.19454193115234, -19.415189743041992
-14.573752403259277, -5.1988067626953125, 35.24482727050781, 19.1702938079834, -59.37519836425781, -39.32542037963867, 48.83985900878906, 77.48814392089844
-13.90371322631836, -10.995708465576172, 36.80607986450195, 43.54170608520508, -34.19915008544922, -87.2878646850586, -3.3661839962005615, 69.97586059570312
-13.927738189697266, -18.2048282623291, 24.542762756347656, 49.170310974121094, 12.592630386352539, -77.09234619140625, -61.9770393371582, 26.50556182861328
-12.546945571899414, -22.982769012451172, 7.289389610290527, 55.5275764465332, 57.61267852783203, -24.619380950927734, -115.28311920166016, -89.52152252197266
-12.40246868133545, -27.499738693237305, -10.89644718170166, 38.47037124633789, 61.02264404296875, 35.8438606262207, -29.135744094848633, -129.0458984375
-10.805984497070312, -25.387460708618164, -27.642826080322266, 14.383383750915527, 71.69709014892578, 70.63182067871094, 31.774019241333008, -37.42079544067383
-10.074325561523438, -29.625295639038086, -37.909183502197266, -15.424633979797363, 31.86452865600586, 73.66908264160156, 83.049560546875, 74.6324462890625
-8.46245288848877, -25.226898193359375, -40.197750091552734, -36.49811935424805, -10.624648094177246, 23.46073341369629, 72.94149780273438, 137.67578125
-6.854609966278076, -24.579639434814453, -37.84722900390625, -58.59700393676758, -59.39564895629883, -38.211761474609375, 5.403624057769775, 70.4405288696289
-5.1575798988342285, -19.962343215942383, -34.828548431396484, -53.628292083740234, -72.60134887695312, -62.131683349609375, -92.52233123779297, -60.11948013305664
-3.3717496395111084, -11.652926445007324, -28.322072982788086, -35.52128601074219, -64.75179290771484, -69.27001190185547, -89.00727081298828, -156.4098663330078
-1.754980206489563, -5.725274562835693, -12.460638046264648, -15.710633277893066, -26.098663330078125, -36.23717498779297, -37.93192672729492, -62.071189880371094
2.4589308020295242e-11, 1.2774022817611694, 4.156911373138428, 7.221256256103516, 10.88920783996582, 15.902885437011719, 39.073944091796875, 37.435890197753906
1.7111846208572388, 8.716050148010254, 17.665546417236328, 39.808719635009766, 64.95419311523438, 73.95397186279297, 65.58514404296875, 67.8445816040039
3.419712543487549, 14.160653114318848, 29.822317123413086, 46.796695709228516, 79.07380676269531, 92.44993591308594, 83.9085693359375, 79.26471710205078
5.003413200378418, 20.207979202270508, 35.28369903564453, 66.83142852783203, 47.64447784423828, 57.852230072021484, 20.371360778808594, -20.100162506103516
6.957008361816406, 23.645917892456055, 46.270347595214844, 44.895545959472656, 29.159961700439453, -13.19693374633789, -52.77756118774414, -88.76722717285156
8.300765991210938, 29.541406631469727, 40.579925537109375, 23.108976364135742, -16.3204288482666, -61.971107482910156, -83.93672180175781, -110.72451782226562
10.061420440673828, 27.619827270507812, 29.242965698242188, -1.578771948814392, -40.91958236694336, -70.91127014160156, -60.87553024291992, 7.812171459197998
10.665470123291016, 24.846323013305664, 16.905065536499023, -25.283613204956055, -80.30813598632812, -56.116172790527344, 18.44258689880371, 95.42474365234375
11.64195442199707, 24.95549201965332, 1.0294678211212158, -56.841373443603516, -55.8259162902832, -0.09688327461481094, 87.32117462158203, 87.99349212646484
12.400421142578125, 18.94874382019043, -12.483567237854004, -64.40818786621094, -31.191635131835938, 64.4427719116211, 113.8055419921875, 3.8638994693756104
13.432355880737305, 15.537353515625, -26.41497802734375, -41.08570861816406, 13.355560302734375, 74.40515899658203, 33.00294494628906, -97.84925842285156
14.188857078552246, 8.506802558898926, -42.41084289550781, -36.77803421020508, 55.51491928100586, 78.94705200195312, -68.97245025634766, -101.99327850341797
14.262962341308594, 2.1834828853607178, -47.45940399169922, -5.209290027618408, 77.50629425048828, 8.820730209350586, -108.18220520019531, -19.496028900146484
14.202969551086426, -5.072262763977051, -43.44783401489258, 26.11050796508789, 65.58065795898438, -56.75669860839844, -97.2083740234375, 93.98053741455078
14.055510520935059, -11.924805641174316, -34.27179718017578, 41.4088020324707, 30.291080474853516, -59.68556594848633, 5.745875835418701, 137.74327087402344
14.104133605957031, -16.39612579345703, -20.93576431274414, 61.21958541870117, -11.29899787902832, -71.41461944580078, 103.20872497558594, 39.839054107666016
12.895369529724121, -23.948486328125, -7.296487331390381, 60.33538055419922, -39.79412841796875, -23.363527297973633, 95.6146240234375, -67.44343566894531
11.737065315246582, -25.153966903686523, 8.157501220703125, 42.85097885131836, -63.95370101928711, 42.242942810058594, 37.768890380859375, -95.03632354736328
10.95039176940918, -30.756927490234375, 22.43697166442871, 15.161579132080078, -59.64572525024414, 95.41792297363281, -37.38270950317383, -56.591712951660156
9.640703201293945, -29.22416114807129, 30.06739616394043, -17.412019729614258, -31.610769271850586, 77.03956604003906, -107.89681243896484, 73.91875457763672
7.9607391357421875, -24.133474349975586, 45.78281784057617, -39.313018798828125, 14.838115692138672, 25.183801651000977, -98.74752807617188, 69.1701431274414
7.048828125, -23.488304138183594, 47.21566390991211, -61.761234283447266, 50.25775909423828, -26.412174224853516, -6.980438709259033, 51.15839385986328
5.394790172576904, -17.761032104492188, 38.27522659301758, -62.94432067871094, 84.67644500732422, -64.54593658447266, 82.74977111816406, -64.13077545166016
3.559718370437622, -13.479345321655273, 22.805255889892578, -46.76734161376953, 62.56721115112305, -69.49658203125, 121.20635986328125, -98.47117614746094
1.7174434661865234, -5.151961803436279, 12.552460670471191, -19.104278564453125, 31.031967163085938, -32.94926071166992, 48.81378936767578, -60.66812515258789
-2.3125851927874308e-11, 1.3484944105148315, -4.435472011566162, 8.384743690490723, -14.997597694396973, 21.028947830200195, -36.72679138183594, 24.055343627929688
-1.7280583381652832, 8.694463729858398, -20.606325149536133, 35.141563415527344, -45.09370422363281, 58.76607131958008, -87.06327819824219, 115.25212097167969
-3.511598825454712, 16.161766052246094, -34.61994552612305, 54.282901763916016, -70.54887390136719, 70.815185546875, -105.1539306640625, 106.46939086914062
-5.053934097290039, 20.49781608581543, -45.78680419921875, 66.82618713378906, -49.684120178222656, 46.917179107666016, -21.180452346801758, -16.92847442626953
-6.719867706298828, 22.744701385498047, -39.6181755065918, 43.797245025634766, -30.53287124633789, -7.815043926239014, 63.60874938964844, -76.06183624267578
-7.917233467102051, 24.60178565979004, -42.18231201171875, 25.656951904296875, 14.458257675170898, -77.57691192626953, 102.03350830078125, -99.11227416992188
-10.009469985961914, 25.933574676513672, -31.57676124572754, -1.336548089981079, 59.53031921386719, -63.39503479003906, 78.80680084228516, 10.582427978515625
-10.841248512268066, 28.574825286865234, -14.157495498657227, -32.60560989379883, 76.60796356201172, -47.95212936401367, -22.7816219329834, 71.40508270263672
-12.18237590789795, 25.42316436767578, -1.0676100254058838, -49.26094436645508, 47.793067932128906, -0.11274048686027527, -66.41790771484375, 132.5094451904297
-12.96661376953125, 18.873422622680664, 13.89537239074707, -51.69308090209961, 28.052671432495117, 65.50407409667969, -120.83094024658203, 2.973010540008545
-12.789502143859863, 16.859880447387695, 27.97751235961914, -42.10087203979492, -16.007667541503906, 95.91181182861328, -36.51668167114258, -131.25906372070312
-14.361432075500488, 8.713464736938477, 37.44082260131836, -27.626317977905273, -48.85498046875, 74.96060943603516, 34.321449279785156, -123.7714614868164
-14.18486213684082, 2.113917112350464, 47.79453659057617, -5.143423080444336, -77.89646911621094, 12.390100479125977, 124.02128601074219, -18.57268714904785
-13.643158912658691, -5.08282995223999, 37.93168640136719, 22.497230529785156, -61.56679153442383, -53.46580123901367, 59.16093444824219, 73.41447448730469
-14.034114837646484, -10.543905258178711, 32.507965087890625, 42.455745697021484, -29.19167137145996, -94.492431640625, -4.258715629577637, 69.95491790771484
-13.841485023498535, -16.90301513671875, 19.221946716308594, 66.23318481445312, 16.832910537719727, -72.87906646728516, -71.07976531982422, 36.801292419433594
-12.455389976501465, -20.972381591796875, 5.934962272644043, 55.95730972290039, 44.296165466308594, -15.45133113861084, -91.45974731445312, -54.713314056396484
-12.267541885375977, -24.697792053222656, -9.247661590576172, 39.84020233154297, 84.76869201660156, 43.81600570678711, -32.55146026611328, -141.58555603027344
-11.287803649902344, -26.668699264526367, -22.194843292236328, 11.772172927856445, 59.723594665527344, 61.44374084472656, 30.594337463378906, -33.321659088134766
-10.017864227294922, -28.205411911010742, -38.89910125732422, -15.57499885559082, 25.57282257080078, 55.76531219482422, 83.31803894042969, 45.77843475341797
-8.635499954223633, -24.407041549682617, -42.288597106933594, -41.47178268432617, -11.106003761291504, 28.268861770629883, 59.29780578613281, 79.686767578125
-7.0655927658081055, -23.388193130493164, -43.85635757446289, -58.77057647705078, -47.86235427856445, -31.114030838012695, 8.523000717163086, 58.79615020751953
-5.240045547485352, -17.721031188964844, -31.298664093017578, -59.02756118774414, -86.30974578857422, -84.39027404785156, -68.05525970458984, -65.2094955444336
-3.3742027282714844, -11.674078941345215, -22.32626724243164, -45.5373649597168, -69.73898315429688, -101.9354248046875, -83.438232421875, -139.72283935546875
-1.775435209274292, -5.79434871673584, -13.202898025512695, -20.09299659729004, -36.236629486083984, -43.54879379272461, -44.41093826293945, -45.83359909057617
2.415853801729373e-11, 1.3164417743682861, 4.665305137634277, 8.928834915161133, 11.722710609436035, 21.446210861206055, 21.138559341430664, 41.39704132080078
1.7768902778625488, 7.856439590454102, 16.95308494567871, 37.94561004638672, 46.21884536743164, 73.9384765625, 109.68661499023438, 146.3050994873047
3.5156705379486084, 15.438345909118652, 27.957304000854492, 54.79320526123047, 66.14586639404297, 60.51048278808594, 70.1684341430664, 67.9541015625
5.201707363128662, 21.886838912963867, 35.56516647338867, 52.850276947021484, 71.48533630371094, 63.787681579589844, 19.945463180541992, -33.22195053100586
6.9487128257751465, 25.284656524658203, 41.67303466796875, 49.431461334228516, 22.637693405151367, -8.509598731994629, -42.90305709838867, -98.40180206298828
8.529108047485352, 25.91680908203125, 33.40642547607422, 21.951587677001953, -14.015067100524902, -72.16132354736328, -111.0200424194336, -74.4608383178711
9.596816062927246, 28.841331481933594, 30.53206443786621, -1.5300028324127197, -52.45561599731445, -77.21798706054688, -83.11622619628906, 7.2266926765441895
10.982698440551758, 30.182537078857422, 14.600807189941406, -29.431791305541992, -59.3936882019043, -70.03203582763672, 12.634176254272461, 82.99727630615234
11.382455825805664, 26.008737564086914, 1.186224102973938, -55.77619552612305, -52.45832824707031, -0.12468664348125458, 72.54666900634766, 99.17111206054688
13.369674682617188, 21.95646858215332, -13.692973136901855, -60.56804656982422, -30.583248138427734, 75.25031280517578, 96.83677673339844, 3.158440351486206
12.805439949035645, 15.351080894470215, -25.95896339416504, -50.283451080322266, 15.045727729797363, 99.94915771484375, 22.49915313720703, -106.34652709960938
14.50400161743164, 9.251969337463379, -36.07276153564453, -30.045246124267578, 58.312828063964844, 51.82759094238281, -67.13078308105469, -133.54173278808594
14.418874740600586, 1.9570140838623047, -42.568851470947266, -4.999151706695557, 66.96548461914062, 7.844778060913086, -128.88404846191406, -14.485916137695312
14.758993148803711, -5.123349666595459, -34.728607177734375, 26.408056259155273, 46.97687911987305, -45.50989532470703, -94.35073852539062, 74.44540405273438
13.485617637634277, -12.66768741607666, -37.36454772949219, 49.38740921020508, 32.0279541015625, -95.98480987548828, 4.226212501525879, 66.23612976074219
13.85061264038086, -18.679805755615234, -24.37791633605957, 49.959075927734375, -12.417649269104004, -86.47197723388672, 64.14053344726562, 21.384286880493164
12.231481552124023, -22.210071563720703, -6.142099380493164, 60.77109909057617, -41.515525817871094, -14.906872749328613, 71.58853149414062, -93.57294464111328
11.951478004455566, -25.183765411376953, 8.444573402404785, 34.07374954223633, -83.53848266601562, 48.5969123840332, 45.01451873779297, -73.1661605834961
11.329869270324707, -29.530672073364258, 23.976686477661133, 15.17731761932373, -62.03960037231445, 58.980796813964844, -47.73152542114258, -62.22761154174805
9.198831558227539, -29.497455596923828, 37.58772659301758, -18.366910934448242, -27.101966857910156, 97.648193359375, -101.01403045654297, 47.18960189819336
8.15847396850586, -27.02608299255371, 45.563255310058594, -34.885108947753906, 12.972926139831543, 31.1922550201416, -55.81235885620117, 147.3544464111328
6.6008477210998535, -24.571088790893555, 47.35059356689453, -57.24552536010742, 39.60722732543945, -30.87506675720215, -7.006640911102295, 48.17733383178711
5.27737283706665, -19.687030792236328, 35.932247161865234, -52.231163024902344, 65.45779418945312, -72.30513763427734, 79.91092681884766, -36.558143615722656
3.362971067428589, -11.44553279876709, 25.245655059814453, -38.61880111694336, 69.07672119140625, -71.74503326416016, 124.0121078491211, -150.32260131835938
1.766239881515503, -6.186741352081299, 11.079143524169922, -17.535545349121094, 34.26264953613281, -49.1390495300293, 49.46315383911133, -67.23271179199219
-2.335906815198463e-11, 1.421713948249817, -4.6654157638549805, 8.455394744873047, -15.502511978149414, 17.028465270996094, -33.331871032714844, 41.7028694152832
-1.7582975625991821, 7.995553016662598, -20.80750846862793, 39.179161071777344, -54.48991012573242, 65.3827133178711, -103.04173278808594, 131.75994873046875
-3.3649117946624756, 13.649943351745605, -32.63027572631836, 49.33903884887695, -79.03850555419922, 84.49755859375, -75.30075073242188, 108.65582275390625
-5.178059101104736, 20.054210662841797, -43.266265869140625, 66.50457763671875, -67.53016662597656, 36.447872161865234, -21.673809051513672, -20.356033325195312
-7.077062129974365, 22.99519157409668, -37.525062561035156, 50.64274978637695, -29.270551681518555, -10.359801292419434, 65.60832214355469, -106.1720199584961
-8.16506576538086, 29.347707748413086, -42.52129364013672, 22.94322967529297, 10.83194351196289, -71.62918853759766, 128.0923614501953, -74.74746704101562
-9.305092811584473, 28.014453887939453, -30.445070266723633, -1.4325844049453735, 43.37825393676758, -105.82998657226562, 66.97132873535156, 14.345586776733398
-10.812249183654785, 28.552593231201172, -17.66204071044922, -27.95363998413086, 56.3187370300293, -46.657386779785156, -19.665863037109375, 94.01860046386719
-12.349322319030762, 25.7543888092041, -1.0308881998062134, -47.49026870727539, 60.153350830078125, -0.08646582067012787, -64.07994842529297, 96.6581802368164
-12.433416366577148, 21.008745193481445, 12.72767162322998, -55.12834548950195, 24.190242767333984, 45.5351676940918, -79.13101959228516, 4.108104228973389
-13.841669082641602, 14.020890235900879, 31.98443603515625, -57.81149673461914, -17.064308166503906, 88.04556274414062, -39.666969299316406, -78.08255004882812
