-3.5259271197185527e-11, 1.4185280799865723, -3.8875389099121094, 7.487545967102051, -13.12936019897461, 21.905990600585938, -33.14944076538086, 46.91287612915039
-1.6878517866134644, 7.610409259796143, -22.057653427124023, 40.21912384033203, -50.4534912109375, 66.1849365234375, -110.62083435058594, 154.0286407470703
-3.6907153129577637, 14.344160079956055, -36.22751998901367, 61.9522705078125, -68.97716522216797, 64.41349792480469, -77.61859130859375, 79.93365478515625
-5.07569694519043, 19.777278900146484, -43.06686019897461, 52.71308898925781, -72.99022674560547, 38.65219497680664, -15.843600273132324, -19.156204223632812
-7.011269569396973, 24.10093879699707, -37.75868225097656, 40.85511779785156, -27.074668884277344, -10.35981559753418, 46.4059944152832, -124.3766860961914
-7.957000255584717, 29.383512496948242, -42.156455993652344, 23.683151245117188, 10.739617347717285, -56.795265197753906, 81.21247863769531, -113.86033630371094
-9.817608833312988, 28.87447738647461, -28.54936408996582, -1.616280198097229, 48.16551971435547, -109.38191986083984, 68.64867401123047, 15.036619186401367
-10.678041458129883, 29.15009307861328, -18.431819915771484, -26.83607292175293, 83.62893676757812, -65.10719299316406, -17.789995193481445, 85.01605987548828
-12.15838623046875, 24.902896881103516, -0.9823327660560608, -49.79648208618164, 60.27543640136719, -0.08324190229177475, -98.20915222167969, 121.64082336425781
-13.163344383239746, 20.219738006591797, 14.065401077270508, -62.72454071044922, 31.522563934326172, 63.40938949584961, -121.82952880859375, 2.0602612495422363
-13.839693069458008, 15.736780166625977, 28.637174606323242, -50.159568786621094, -10.97014331817627, 81.53507995605469, -33.21391296386719, -92.89491271972656
-14.251704216003418, 9.990577697753906, 38.031158447265625, -35.38941955566406, -44.97478485107422, 58.02631378173828, 52.165931701660156, -127.40421295166016
-14.223423957824707, 2.084214210510254, 38.29204177856445, -6.261224269866943, -69.062255859375, 10.741010665893555, 66.62287139892578, -18.997821807861328
-14.081684112548828, -5.014047145843506, 40.64999008178711, 17.871551513671875, -59.827659606933594, -44.81590270996094, 93.15589904785156, 103.77996826171875
-14.443374633789062, -12.006134986877441, 37.36013412475586, 41.80717086791992, -26.318004608154297, -92.25115966796875, -6.4533257484436035, 126.84920501708984
-13.42877197265625, -18.867183685302734, 24.491268157958984, 59.01121520996094, 17.03961181640625, -81.28146362304688, -87.69157409667969, 28.126874923706055
-13.116528511047363, -23.0974063873291, 5.690226078033447, 62.780147552490234, 64.72929382324219, -23.69684600830078, -64.66798400878906, -101.840576171875
-11.41024112701416, -25.929777145385742, -9.115605354309082, 36.909637451171875, 77.5760498046875, 50.517723083496094, -35.8658561706543, -98.52394104003906
-11.308429718017578, -25.642887115478516, -25.04212760925293, 12.480859756469727, 74.06309509277344, 87.37944030761719, 47.02820587158203, -51.97764587402344
-9.575094223022461, -26.724924087524414, -37.3946418762207, -17.096084594726562, 32.68777847290039, 98.33963012695312, 118.4720458984375, 42.64347839355469
-8.378267288208008, -25.170536041259766, -37.70395278930664, -46.75736618041992, -16.76434326171875, 29.898113250732422, 68.6794204711914, 156.67355346679688
-6.833821773529053, -24.20684242248535, -43.5255241394043, -53.59049606323242, -60.04973602294922, -39.755802154541016, 6.47064733505249, 39.35939025878906
-5.088192939758301, -16.874616622924805, -35.95513916015625, -58.55256652832031, -84.7112808227539, -74.0770263671875, -54.67998123168945, -62.47737503051758
-3.37416934967041, -11.704119682312012, -22.139686584472656, -38.073402404785156, -52.335140228271484, -100.70404052734375, -93.77699279785156, -111.60218811035156
-1.8083088397979736, -6.07320499420166, -13.106698036193848, -21.882184982299805, -35.31161117553711, -44.20711135864258, -58.49625015258789, -78.6525650024414
3.428911668490464e-11, 1.489691972732544, 4.669253826141357, 8.679868698120117, 12.152315139770508, 23.192413330078125, 24.354551315307617, 53.06265640258789
1.7049909830093384, 7.690946578979492, 18.04311180114746, 30.283775329589844, 39.18824768066406, 87.12792205810547, 71.65637969970703, 119.65335083007812
3.3755669593811035, 13.517186164855957, 33.965335845947266, 49.201637268066406, 73.90322875976562, 85.2183837890625, 62.93614196777344, 109.52098083496094
5.408270835876465, 21.592344284057617, 42.79330825805664, 67.38758850097656, 66.0374526977539, 54.00535202026367, 16.634605407714844, -30.36359214782715
6.928658485412598, 26.3228759765625, 41.897945404052734, 55.28785705566406, 30.879262924194336, -13.0853853225708, -55.27888488769531, -78.50362396240234
8.022309303283691, 25.95988655090332, 42.68796157836914, 21.985239028930664, -13.704686164855957, -81.26004791259766, -119.67390441894531, -109.81639862060547
9.969633102416992, 30.296043395996094, 26.066085815429688, -1.6296765804290771, -59.9512825012207, -80.39046478271484, -84.29875183105469, 9.158562660217285
10.48654842376709, 25.67424964904785, 16.038209915161133, -30.13233184814453, -78.61209869384766, -70.1016845703125, 14.032443046569824, 92.8595199584961
12.144508361816406, 23.183258056640625, 1.0906810760498047, -49.337364196777344, -54.55367660522461, -0.14136594533920288, 114.71139526367188, 90.60926818847656
12.762650489807129, 20.388221740722656, -14.287444114685059, -66.29103088378906, -27.59341049194336, 60.200889587402344, 91.80109405517578, 2.7961907386779785
13.540030479431152, 16.4951229095459, -28.179908752441406, -49.60283660888672, 12.265951156616211, 107.56266784667969, 25.336257934570312, -121.80606842041016
13.450169563293457, 8.55455207824707, -38.017005920410156, -38.531951904296875, 64.09696960449219, 70.193603515625, -39.4844856262207, -109.97223663330078
13.670660972595215, 2.100843906402588, -47.935489654541016, -6.637940406799316, 65.77606201171875, 11.760931015014648, -68.41362762451172, -19.13008689880371
13.898198127746582, -5.302122116088867, -43.40644073486328, 17.798368453979492, 65.51849365234375, -64.64944458007812, -48.04788589477539, 88.99591827392578
13.329854011535645, -12.191831588745117, -28.986698150634766, 37.58062744140625, 23.689544677734375, -76.47088623046875, 4.888648509979248, 139.70716857910156
13.808491706848145, -19.363121032714844, -22.18094253540039, 57.297584533691406, -13.513030052185059, -80.6740951538086, 81.37675476074219, 30.55752944946289
12.201131820678711, -23.87606430053711, -7.01431941986084, 58.029850006103516, -64.27779388427734, -19.076242446899414, 97.10302734375, -90.2158203125
12.449942588806152, -24.457141876220703, 8.416213989257812, 40.88340759277344, -68.81926727294922, 41.94174575805664, 29.737253189086914, -155.55166625976562
10.6259765625, -28.17189598083496, 24.954008102416992, 11.385173797607422, -56.304622650146484, 68.07177734375, -39.74462890625, -53.883026123046875
9.589177131652832, -27.879255294799805, 31.752967834472656, -13.720752716064453, -26.495851516723633, 79.31450653076172, -65.38700103759766, 39.23483657836914
8.50165843963623, -28.140605926513672, 36.28651809692383, -41.5340690612793, 11.092774391174316, 34.99746322631836, -72.6988296508789, 132.7915496826172
6.9802165031433105, -22.04161262512207, 38.65081024169922, -54.676307678222656, 62.51118469238281, -24.593576431274414, -8.86281681060791, 73.92784881591797
5.4593377113342285, -19.969636917114258, 33.56116485595703, -62.404048919677734, 59.520381927490234, -56.7783203125, 94.95542907714844, -51.51325988769531
3.3891117572784424, -11.143844604492188, 29.139110565185547, -37.77880859375, 53.588924407958984, -70.58335876464844, 89.18093872070312, -117.77588653564453
1.8215103149414062, -5.587348937988281, 11.755132675170898, -22.415714263916016, 25.486770629882812, -33.88406753540039, 54.38454055786133, -95.359375
-3.642523088709382e-11, 1.3704957962036133, -4.461822032928467, 8.82079029083252, -11.749890327453613, 22.67584228515625, -27.953659057617188, 24.034282684326172
-1.7077103853225708, 7.5725016593933105, -21.187057495117188, 39.027793884277344, -51.54523849487305, 72.7017593383789, -89.94562530517578, 80.90756225585938
-3.6709275245666504, 15.989441871643066, -28.383623123168945, 58.868446350097656, -56.60835266113281, 88.96871948242188, -66.6072006225586, 68.78237915039062
-5.095163822174072, 20.221803665161133, -39.577606201171875, 60.98763656616211, -73.44763946533203, 43.63278579711914, -16.14594268798828, -16.189821243286133
-7.082054615020752, 23.963821411132812, -40.54692840576172, 53.207401275634766, -35.861690521240234, -12.697327613830566, 51.41960525512695, -121.35021209716797
-8.489646911621094, 25.112491607666016, -41.96129608154297, 26.2217960357666, 12.728109359741211, -63.86467742919922, 81.40190887451172, -78.42730712890625
-9.8248929977417, 26.87581443786621, -32.15472412109375, -1.3978749513626099, 52.25883102416992, -88.6693115234375, 67.80938720703125, 13.702856063842773
-10.993012428283691, 28.701679229736328, -18.48537254333496, -25.23860740661621, 55.272701263427734, -68.0877914428711, -22.925073623657227, 63.12350845336914
-11.723427772521973, 25.499174118041992, -1.1282899379730225, -42.62236404418945, 55.96356201171875, -0.11647670716047287, -93.57122802734375, 130.72315979003906
-13.318757057189941, 18.947641372680664, 16.34796714782715, -56.819862365722656, 28.365707397460938, 61.96434783935547, -85.90048217773438, 2.308542490005493
-12.928169250488281, 15.091134071350098, 28.547285079956055, -55.46240234375, -14.12529468536377, 73.27201080322266, -34.764713287353516, -108.09766387939453
-14.279172897338867, 9.387153625488281, 32.947669982910156, -34.555908203125, -53.20194625854492, 60.485958099365234, 45.70204162597656, -133.72023010253906
-14.440780639648438, 2.0338962078094482, 42.74782180786133, -6.07137393951416, -62.92435836791992, 12.902533531188965, 115.51165008544922, -21.24476432800293
-14.046947479248047, -4.985541343688965, 44.38885498046875, 22.026405334472656, -55.117366790771484, -51.981319427490234, 89.4150161743164, 104.97867584228516
-13.787479400634766, -11.623533248901367, 30.260889053344727, 48.81262969970703, -30.70930290222168, -85.98464965820312, -5.498276233673096, 142.37327575683594
-14.049665451049805, -17.89203453063965, 24.145748138427734, 64.62744140625, 12.002575874328613, -72.44380950927734, -101.63453674316406, 43.34327697753906
-12.456182479858398, -23.686933517456055, 6.951138973236084, 54.59311294555664, 64.88861083984375, -20.505718231201172, -121.65211486816406, -61.401546478271484
-12.135244369506836, -26.04425048828125, -10.192340850830078, 44.43608093261719, 76.04217529296875, 45.78525924682617, -49.04451370239258, -80.66649627685547
-10.416017532348633, -25.552919387817383, -27.492847442626953, 10.779593467712402, 64.4228515625, 69.5976333618164, 43.809017181396484, -43.70541000366211
-9.450441360473633, -26.42998504638672, -30.758848190307617, -13.608314514160156, 22.778945922851562, 92.63117218017578, 66.2210693359375, 62.82414627075195
-8.471502304077148, -25.522262573242188, -44.02648162841797, -44.363914489746094, -15.73293685913086, 28.45195770263672, 80.26038360595703, 129.40206909179688
-6.638525485992432, -22.639972686767578, -36.878150939941406, -59.99343490600586, -57.580867767333984, -30.078824996948242, 10.024198532104492, 71.1202621459961
-4.9995856285095215, -17.451702117919922, -41.163578033447266, -54.139427185058594, -86.25947570800781, -76.64364624023438, -79.05477142333984, -43.20171356201172
-3.4435513019561768, -12.482128143310547, -23.753671646118164, -38.80615234375, -60.60797119140625, -101.76555633544922, -86.43755340576172, -111.05957794189453
-1.8286298513412476, -5.366226673126221, -11.479729652404785, -16.88212776184082, -32.80131149291992, -41.37785720825195, -68.39199829101562, -91.1058578491211
3.377962146111635e-11, 1.4036548137664795, 3.793809175491333, 8.428878784179688, 11.029070854187012, 20.15682029724121, 35.88576126098633, 36.87358856201172
1.7807027101516724, 8.327974319458008, 17.281448364257812, 40.40064239501953, 47.312477111816406, 91.00950622558594, 68.8586654663086, 86.1524887084961
3.5208241939544678, 13.910225868225098, 29.153894424438477, 45.87697982788086, 53.84101104736328, 76.00676727294922, 95.76317596435547, 95.83057403564453
5.045904159545898, 20.51656723022461, 35.61467361450195, 59.30344772338867, 73.33621978759766, 42.817623138427734, 13.569537162780762, -17.14765167236328
6.645267963409424, 23.179283142089844, 43.99729537963867, 55.00756072998047, 32.02428436279297, -12.406570434570312, -48.00041961669922, -136.76992797851562
7.934589385986328, 29.255727767944336, 35.3730354309082, 24.29184913635254, -12.397927284240723, -59.770328521728516, -132.4174041748047, -97.29694366455078
10.074633598327637, 29.653554916381836, 31.246871948242188, -1.5384198427200317, -41.53200912475586, -91.1530532836914, -52.2740592956543, 13.778484344482422
11.376235961914062, 28.9940128326416, 14.493634223937988, -29.121017456054688, -58.989402770996094, -63.17904281616211, 11.736955642700195, 85.40780639648438
12.184677124023438, 26.364574432373047, 0.9553310871124268, -45.45353698730469, -51.61315155029297, -0.08702171593904495, 56.12845993041992, 106.17080688476562
12.8419189453125, 22.126239776611328, -16.3710994720459, -46.035804748535156, -27.15938377380371, 60.248783111572266, 84.3780288696289, 4.035793781280518
13.88479232788086, 16.35992431640625, -26.132471084594727, -60.09996795654297, 13.907635688781738, 81.51820373535156, 23.662437438964844, -97.68882751464844
13.19970703125, 8.477921485900879, -40.13811492919922, -36.9932861328125, 59.001861572265625, 64.79903411865234, -50.2477912902832, -135.74513244628906
14.739632606506348, 2.344026565551758, -38.85723114013672, -6.462706089019775, 64.1806411743164, 11.161392211914062, -63.95932388305664, -18.253183364868164
14.228157043457031, -4.515725612640381, -46.21426773071289, 23.530231475830078, 70.58031463623047, -53.6206169128418, -83.13552856445312, 80.11102294921875
14.413961410522461, -12.367156982421875, -28.414060592651367, 51.499359130859375, 30.6319637298584, -74.51219177246094, 3.931555986404419, 66.22747039794922
13.021148681640625, -17.09873390197754, -24.118793487548828, 54.4816780090332, -17.061586380004883, -72.69052124023438, 101.35055541992188, 38.071964263916016
13.334054946899414, -21.499286651611328, -6.707001686096191, 57.991943359375, -60.37920379638672, -26.51742935180664, 112.77860260009766, -104.16053009033203
12.357755661010742, -23.611549377441406, 8.398098945617676, 31.88376235961914, -74.88023376464844, 34.642372131347656, 32.65206527709961, -132.97149658203125
11.116677284240723, -27.68030548095703, 23.463069915771484, 14.524250984191895, -73.68706512451172, 60.04191207885742, -54.2949333190918, -47.51276397705078
9.892672538757324, -29.01934242248535, 38.998252868652344, -17.818218231201172, -24.321849822998047, 81.83135223388672, -85.21615600585938, 50.34624481201172
8.718852043151855, -27.96419334411621, 46.23958969116211, -36.399471282958984, 17.451866149902344, 26.616437911987305, -64.67279815673828, 155.56919860839844
6.787252902984619, -23.06053352355957, 36.088626861572266, -48.522029876708984, 43.15200424194336, -22.749074935913086, -5.767446994781494, 64.90035247802734
4.988913059234619, -18.457435607910156, 40.42453384399414, -47.023616790771484, 54.57524108886719, -97.01898193359375, 91.77798461914062, -31.96732521057129
3.405475378036499, -11.214936256408691, 23.490028381347656, -48.1502799987793, 54.79303741455078, -62.849735260009766, 67.83633422851562, -88.3830337524414
1.7066965103149414, -5.511285781860352, 11.31995964050293, -21.102745056152344, 31.585180282592773, -30.262285232543945, 62.230682373046875, -48.89982986450195
-3.4431749118546406e-11, 1.4985367059707642, -3.928084135055542, 7.556732177734375, -15.604292869567871, 15.068055152893066, -26.451547622680664, 51.91320037841797
-1.7598646879196167, 7.755667209625244, -21.660717010498047, 38.119354248046875, -39.96200942993164, 72.1392822265625, -107.38269805908203, 97.42693328857422
-3.564563512802124, 14.217342376708984, -31.295259475708008, 52.63530731201172, -65.68051147460938, 91.50846862792969, -104.24531555175781, 87.60574340820312
-5.343611717224121, 20.363298416137695, -36.65256881713867, 55.03060531616211, -49.49079513549805, 48.224151611328125, -19.749385833740234, -16.431440353393555
-6.604508399963379, 22.46573257446289, -40.69572067260742, 47.38815689086914, -27.405439376831055, -8.67220687866211, 63.10102462768555, -142.23019409179688
-8.612478256225586, 29.549943923950195, -36.96022415161133, 29.39060401916504, 12.979421615600586, -73.49151611328125, 123.03004455566406, -80.53480529785156
-9.411371231079102, 29.844118118286133, -28.521507263183594, -1.4039137363433838, 41.23756790161133, -60.16857147216797, 82.21232604980469, 7.938537120819092
-10.876943588256836, 28.56098175048828, -14.220963478088379, -28.283708572387695, 79.9783706665039, -74.19758605957031, -12.786317825317383, 63.63200378417969
-12.144203186035156, 22.584936141967773, -1.0995961427688599, -41.77557373046875, 51.206764221191406, -0.12476164847612381, -66.16897583007812, 126.1969985961914
-12.322322845458984, 20.34183120727539, 15.090210914611816, -52.98823928833008, 31.865209579467773, 40.82663345336914, -87.5785903930664, 3.98539662361145
-13.008138656616211, 16.03389549255371, 28.758819580078125, -40.76304626464844, -16.22606658935547, 61.22547912597656, -23.035884857177734, -104.13977813720703
-13.413248062133789, 8.771986961364746, 35.6778450012207, -37.268455505371094, -65.10202026367188, 58.51780319213867, 69.65007019042969, -93.18438720703125
-13.541814804077148, 2.1216368675231934, 41.276756286621094, -6.743673324584961, -53.703121185302734, 8.722957611083984, 84.76033782958984, -19.433862686157227
-14.41907024383545, -5.213329315185547, 43.134212493896484, 20.77760887145996, -59.932437896728516, -52.27659225463867, 77.33207702636719, 75.61454010009766
-14.047755241394043, -11.803584098815918, 36.55142593383789, 41.9301872253418, -29.919246673583984, -71.18274688720703, -4.630528926849365, 147.39712524414062
-12.979399681091309, -17.672988891601562, 19.30345344543457, 49.68602752685547, 11.363096237182617, -91.78553009033203, -99.82060241699219, 23.810558319091797
-12.661966323852539, -24.323801040649414, 6.67677116394043, 57.67305374145508, 51.77366638183594, -23.054580688476562, -75.13265228271484, -102.80305480957031
-11.638870239257812, -24.882240295410156, -8.616214752197266, 44.67092514038086, 65.63701629638672, 44.90195083618164, -54.93958282470703, -90.39435577392578
-10.572569847106934, -25.47186851501465, -22.071863174438477, 10.528569221496582, 49.56291198730469, 82.36151123046875, 27.321516036987305, -43.9421272277832
-9.548074722290039, -26.859498977661133, -33.186927795410156, -13.385091781616211, 30.45754623413086, 72.64540100097656, 122.41387939453125, 78.94292449951172
-8.619344711303711, -26.7827205657959, -41.841224670410156, -47.140743255615234, -11.975391387939453, 39.49766159057617, 105.59855651855469, 115.71611022949219
-6.665801048278809, -22.444168090820312, -46.669368743896484, -47.85504913330078, -43.853538513183594, -37.74517822265625, 9.7952880859375, 45.97187805175781
-5.446516513824463, -16.488224029541016, -41.07394027709961, -63.58712387084961, -60.12381362915039, -54.35638427734375, -70.237060546875, -44.046234130859375
-3.4060373306274414, -11.183547973632812, -26.81150245666504, -41.71559143066406, -76.26827239990234, -69.14905548095703, -95.21186065673828, -137.662353515625
-1.8560222387313843, -5.297806739807129, -10.918808937072754, -22.19450569152832, -22.08940887451172, -46.55750274658203, -71.76768493652344, -75.28919982910156
3.4025612188903764e-11, 1.3886185884475708, 4.498437881469727, 7.00103759765625, 16.698427200317383, 25.80755615234375, 31.203807830810547, 52.96034622192383
1.7869994640350342, 8.751144409179688, 22.11449432373047, 28.3270206451416, 43.95946502685547, 54.186492919921875, 109.0234146118164, 106.68550109863281
3.4571385383605957, 15.49522590637207, 33.5145149230957, 56.30853271484375, 81.01858520507812, 80.45046997070312, 88.70758819580078, 80.73158264160156
5.057461261749268, 22.330692291259766, 43.423492431640625, 49.81305694580078, 58.40213394165039, 43.81501770019531, 25.89851951599121, -21.225065231323242
7.144480228424072, 25.16750144958496, 45.57426071166992, 47.957069396972656, 24.577978134155273, -12.06500244140625, -51.29196548461914, -100.09375762939453
8.64532470703125, 25.54741096496582, 35.98506164550781, 24.78859519958496, -13.316022872924805, -50.48649597167969, -129.7251434326172, -103.88688659667969
9.26086139678955, 30.16178321838379, 27.822355270385742, -1.1166428327560425, -53.99884796142578, -97.98210906982422, -63.210872650146484, 9.140023231506348
10.376261711120605, 24.880006790161133, 18.54374885559082, -25.698198318481445, -64.75291442871094, -55.10910415649414, 18.343143463134766, 99.38753509521484
11.96781063079834, 25.13250732421875, 1.0358742475509644, -43.78583526611328, -61.36947250366211, -0.11809947341680527, 82.37957763671875, 104.26388549804688
12.942390441894531, 21.958803176879883, -13.977110862731934, -50.518455505371094, -30.529056549072266, 70.07120513916016, 96.53230285644531, 4.0033745765686035
13.23457145690918, 14.33765983581543, -25.347129821777344, -48.502601623535156, 15.097626686096191, 93.85357666015625, 28.201580047607422, -80.15692138671875
13.887890815734863, 9.138330459594727, -37.32963562011719, -32.93288040161133, 40.261959075927734, 78.23355102539062, -48.998435974121094, -85.29939270019531
13.715179443359375, 2.0479562282562256, -43.45014190673828, -4.8614983558654785, 69.33570098876953, 7.924436569213867, -90.72190856933594, -21.375957489013672
13.715631484985352, -4.978888511657715, -35.65771484375, 17.79593849182129, 56.25244903564453, -41.06306838989258, -93.76667022705078, 71.76424407958984
13.41551685333252, -11.266578674316406, -31.758121490478516, 46.942901611328125, 31.089757919311523, -60.9126091003418, 4.9540863037109375, 82.68267059326172
13.768875122070312, -18.81285858154297, -20.049793243408203, 58.01441192626953, -13.294187545776367, -58.944297790527344, 63.1002311706543, 30.277267456054688
12.290803909301758, -24.442420959472656, -6.786450386047363, 48.874454498291016, -48.930320739746094, -21.831083297729492, 108.3135757446289, -68.16109466552734
12.470924377441406, -24.36690330505371, 9.48139762878418, 42.18575668334961, -81.8976821899414, 43.1330451965332, 45.746986389160156, -100.96066284179688
11.151725769042969, -28.35641860961914, 21.053871154785156, 10.475592613220215, -59.02873992919922, 70.70481872558594, -48.78660202026367, -47.525779724121094
9.99484920501709, -30.6004638671875, 30.38864517211914, -15.473132133483887, -22.318702697753906, 86.73954010009766, -114.40869140625, 56.86209487915039
8.69123363494873, -28.399892807006836, 42.12604522705078, -42.67442321777344, 11.614346504211426, 27.759057998657227, -59.44021987915039, 103.98137664794922
6.498067378997803, -23.891544342041016, 44.3306999206543, -45.36545944213867, 60.1661262512207, -30.263904571533203, -6.82100772857666, 76.52896881103516
5.234322547912598, -18.77811622619629, 31.758216857910156, -47.4051513671875, 80.48129272460938, -86.8576431274414, 78.16797637939453, -61.09782028198242
3.4738404750823975, -13.600212097167969, 27.573848724365234, -34.997222900390625, 57.04118347167969, -95.14482116699219, 103.91368865966797, -135.84951782226562
1.7735003232955933, -5.443001747131348, 10.509133338928223, -22.853479385375977, 26.97602081298828, -44.45537567138672, 39.516685485839844, -95.19037628173828
-3.573859611027963e-11, 1.3779512643814087, -4.164512634277344, 6.999364376068115, -13.20516586303711, 22.357940673828125, -26.859281539916992, 47.386993408203125
-1.860429286956787, 8.673811912536621, -18.978235244750977, 30.777965545654297, -64.81961059570312, 87.06819152832031, -84.05378723144531, 96.86726379394531
-3.628495454788208, 13.620609283447266, -31.416658401489258, 55.747772216796875, -71.8058853149414, 76.79540252685547, -99.7918472290039, 74.52698516845703
-5.360462188720703, 20.602344512939453, -44.96965789794922, 49.02540969848633, -50.21992111206055, 48.318275451660156, -16.10137939453125, -32.48304748535156
-6.628428936004639, 24.801513671875, -42.48857116699219, 41.501548767089844, -29.661176681518555, -13.407843589782715, 57.8302116394043, -99.69393920898438
-8.00921630859375, 25.671281814575195, -42.17675018310547, 23.2773380279541, 12.720602989196777, -65.51395416259766, 68.77208709716797, -85.33169555664062
-9.504371643066406, 25.470012664794922, -30.169370651245117, -1.460730791091919, 39.72700119018555, -107.45278930664062, 46.710750579833984, 14.052668571472168
-11.175680160522461, 29.974321365356445, -18.111167907714844, -32.7269287109375, 82.1580581665039, -47.97872543334961, -20.955326080322266, 65.00395202636719
-11.386245727539062, 23.312646865844727, -1.1893575191497803, -49.391090393066406, 64.10982513427734, -0.09498108923435211, -112.07170867919922, 93.1457290649414
-13.158952713012695, 21.21207618713379, 14.208974838256836, -57.34230422973633, 31.384471893310547, 64.7006607055664, -114.49442291259766, 2.8448874950408936
-13.753303527832031, 13.94721508026123, 32.376007080078125, -56.39222717285156, -11.094705581665039, 91.48965454101562, -29.71329689025879, -94.02481842041016
-13.390299797058105, 8.294175148010254, 34.196990966796875, -32.51578140258789, -62.30287551879883, 73.41793823242188, 33.837467193603516, -74.72972106933594
-14.62329387664795, 2.200970411300659, 38.470069885253906, -5.866763591766357, -75.8209457397461, 9.223860740661621, 118.1642837524414, -17.181486129760742
-14.746963500976562, -4.4992780685424805, 46.20024871826172, 22.231908798217773, -48.18388748168945, -43.38104248046875, 60.3950309753418, 110.70709991455078
-14.432315826416016, -10.624138832092285, 28.769775390625, 47.25162887573242, -25.898160934448242, -61.23190689086914, -4.431612491607666, 143.50009155273438
-12.918323516845703, -18.245336532592773, 23.303382873535156, 66.3714370727539, 16.314266204833984, -58.82704162597656, -60.43177032470703, 30.696365356445312
-13.38287353515625, -23.68941307067871, 6.29392147064209, 48.14711380004883, 44.438106536865234, -16.975467681884766, -112.58248901367188, -65.30062866210938
-12.459896087646484, -28.089794158935547, -9.844396591186523, 43.45354461669922, 76.47893524169922, 51.0445556640625, -28.357961654663086, -106.60918426513672
-11.386443138122559, -27.744882583618164, -23.499935150146484, 11.334572792053223, 52.833778381347656, 94.47956085205078, 32.8369026184082, -44.39147186279297
-9.917149543762207, -27.64568328857422, -30.686077117919922, -12.978483200073242, 30.758102416992188, 75.09220886230469, 96.80913543701172, 66.98220825195312
-8.474113464355469, -25.954545974731445, -45.61652755737305, -35.650779724121094, -16.203657150268555, 28.561494827270508, 75.37811279296875, 94.62727355957031
-6.701959133148193, -24.809118270874023, -41.71718215942383, -60.77629470825195, -47.40476989746094, -37.44129943847656, 6.700211048126221, 50.795692443847656
-5.120040416717529, -16.503019332885742, -32.3849983215332, -48.0511360168457, -87.11775970458984, -93.59902954101562, -81.72486114501953, -71.96688842773438
-3.4760138988494873, -11.707986831665039, -25.083166122436523, -41.049827575683594, -75.80412292480469, -98.9526596069336, -104.94612884521484, -114.5650863647461
-1.8449304103851318, -5.9474568367004395, -11.006315231323242, -21.933563232421875, -29.367258071899414, -52.18693923950195, -35.83155059814453, -88.06868743896484
3.355802094540117e-11, 1.5446131229400635, 4.399896144866943, 9.319038391113281, 11.175546646118164, 23.785930633544922, 26.616106033325195, 35.51515579223633
1.8230880498886108, 7.963173866271973, 19.115671157836914, 33.37867736816406, 57.96715545654297, 73.21905517578125, 121.03421020507812, 131.7749786376953
3.6332669258117676, 14.72910213470459, 30.494260787963867, 46.81954574584961, 78.9454345703125, 89.9745101928711, 97.28862762451172, 74.2856216430664
5.413846969604492, 21.240203857421875, 42.795772552490234, 62.0185432434082, 58.81336212158203, 35.64500427246094, 25.950651168823242, -32.717411041259766
6.588489532470703, 26.852689743041992, 37.576995849609375, 52.95867919921875, 32.335453033447266, -8.883932113647461, -50.492835998535156, -95.69050598144531
7.937948703765869, 26.422019958496094, 42.36782455444336, 22.043601989746094, -12.020438194274902, -65.57380676269531, -92.14307403564453, -101.42000579833984
9.627001762390137, 26.426799774169922, 30.935298919677734, -1.5628607273101807, -45.86760711669922, -85.13732147216797, -53.04737091064453, 11.87747573852539
10.916342735290527, 30.181880950927734, 18.405935287475586, -22.78997802734375, -75.39706420898438, -64.78731536865234, 15.893830299377441, 127.89229583740234
11.643216133117676, 25.237577438354492, 1.140019178390503, -57.563072204589844, -57.69279479980469, -0.11013540625572205, 87.98153686523438, 133.22341918945312
13.384336471557617, 21.277265548706055, -13.488532066345215, -65.11495208740234, -33.362945556640625, 60.73878479003906, 119.17049407958984, 3.2966177463531494
13.091739654541016, 16.209484100341797, -27.00555992126465, -58.99345779418945, 13.02333927154541, 87.43695831298828, 31.22044563293457, -127.08375549316406
13.721073150634766, 8.209526062011719, -33.04270935058594, -33.08430862426758, 57.00417709350586, 61.710601806640625, -66.19706726074219, -129.55442810058594
14.12381362915039, 2.079282760620117, -38.36517333984375, -5.646306991577148, 78.52734375, 13.323100090026855, -113.65572357177734, -10.954280853271484
14.291674613952637, -5.205934524536133, -38.733009338378906, 25.087383270263672, 68.66384887695312, -52.61545944213867, -81.78047943115234, 62.40663528442383
14.210532188415527, -10.809823036193848, -30.67206573486328, 52.44392395019531, 34.3880615234375, -68.70108795166016, 6.482981204986572, 80.30012512207031
13.137870788574219, -16.653568267822266, -19.08295440673828, 54.01231002807617, -11.410459518432617, -67.5074691772461, 100.51826477050781, 20.451826095581055
13.017454147338867, -23.84244155883789, -6.593105316162109, 50.58140182495117, -63.559730529785156, -24.32731819152832, 84.09374237060547, -87.68289947509766
12.47641658782959, -27.307254791259766, 8.943181037902832, 44.49376678466797, -65.9729232788086, 41.437862396240234, 38.319576263427734, -109.95437622070312
11.229026794433594, -29.830821990966797, 25.637136459350586, 10.63515567779541, -61.74618148803711, 72.00875091552734, -27.25368881225586, -29.15741729736328
9.614473342895508, -28.69327163696289, 36.584136962890625, -16.821298599243164, -35.028968811035156, 75.44025421142578, -97.63001251220703, 64.66814422607422
8.09334945678711, -27.239225387573242, 43.79802322387695, -40.54688262939453, 12.789652824401855, 32.782955169677734, -90.2973861694336, 123.2788314819336
6.518028259277344, -24.590246200561523, 43.90687942504883, -52.428768157958984, 64.61168670654297, -37.61098098754883, -8.173527717590332, 68.23489379882812
5.271391868591309, -18.8038272857666, 34.987911224365234, -53.0449104309082, 81.62825775146484, -79.95201873779297, 52.63020706176758, -59.23332595825195
3.5715315341949463, -11.75659465789795, 22.830778121948242, -43.491981506347656, 59.81436538696289, -62.78314208984375, 94.40534973144531, -74.3425064086914
1.7560558319091797, -6.003225803375244, 12.453399658203125, -20.728851318359375, 34.42018508911133, -33.79134750366211, 36.667911529541016, -52.72715377807617
-3.6271680103894255e-11, 1.3149272203445435, -3.829859972000122, 8.962334632873535, -17.22720718383789, 27.230701446533203, -20.43545150756836, 32.824913024902344
-1.8454625606536865, 8.600699424743652, -16.850324630737305, 33.33835983276367, -46.494808197021484, 74.50272369384766, -76.63204193115234, 68.53323364257812
-3.515702486038208, 13.669551849365234, -29.117931365966797, 55.929664611816406, -63.965972900390625, 94.00205993652344, -87.423828125, 87.5611801147461
-5.412764072418213, 20.896089553833008, -41.423038482666016, 64.7733383178711, -74.73970794677734, 62.13036346435547, -26.059999465942383, -23.363788604736328
-6.533536911010742, 24.148300170898438, -38.80146026611328, 41.43350601196289, -35.39897537231445, -12.800722122192383, 49.36092758178711, -143.54800415039062
-8.35362434387207, 27.284395217895508, -44.472721099853516, 30.812822341918945, 12.757454872131348, -77.95336151123047, 75.49486541748047, -106.35597229003906
-9.409403800964355, 28.19567108154297, -27.25037384033203, -1.4432264566421509, 44.46266555786133, -62.24079513549805, 46.86949157714844, 9.92096996307373
-11.097295761108398, 26.29003143310547, -17.869874954223633, -32.210628509521484, 81.40478515625, -72.30695343017578, -17.447763442993164, 95.6399154663086
-12.009283065795898, 25.520532608032227, -1.1430028676986694, -40.39006805419922, 55.743560791015625, -0.11595724523067474, -109.88492584228516, 80.69940185546875
-12.652783393859863, 19.820283889770508, 13.644777297973633, -65.11225128173828, 29.412494659423828, 65.29190826416016, -68.96098327636719, 3.938436508178711
-13.894460678100586, 15.191838264465332, 25.053340911865234, -44.75735855102539, -10.582642555236816, 94.27499389648438, -40.84825897216797, -131.13966369628906
-14.347935676574707, 9.339137077331543, 43.32112503051758, -29.860082626342773, -64.86589813232422, 82.86560821533203, 40.1805534362793, -80.68186950683594
-13.73093318939209, 2.349358558654785, 39.22048568725586, -5.474344253540039, -76.34841918945312, 12.731780052185059, 116.80310821533203, -13.55899715423584
-13.6414213180542, -4.973645210266113, 40.58314895629883, 19.05622673034668, -65.98004150390625, -47.57941818237305, 63.32924270629883, 93.77816009521484
-14.333484649658203, -11.740076065063477, 37.261322021484375, 51.94775390625, -34.098873138427734, -99.06571197509766, -5.58078145980835, 72.8049545288086
-14.07628345489502, -18.2959041595459, 20.872032165527344, 61.09423065185547, 11.606303215026855, -76.54358673095703, -60.120849609375, 38.037357330322266
-12.907923698425293, -20.48366928100586, 5.572483062744141, 51.38492965698242, 56.978511810302734, -23.63034439086914, -68.24122619628906, -52.90985107421875
-11.426352500915527, -25.64068031311035, -8.270421981811523, 41.40037155151367, 53.84223175048828, 41.05286407470703, -47.501338958740234, -69.28950500488281
-11.297943115234375, -27.934022903442383, -24.861215591430664, 14.397333145141602, 65.1156234741211, 85.14859771728516, 35.51762771606445, -56.84519577026367
-9.9540433883667, -30.375995635986328, -32.42147445678711, -17.481138229370117, 27.096118927001953, 98.66751098632812, 65.11331939697266, 54.54052734375
-8.658231735229492, -28.74648666381836, -38.4165153503418, -32.88186264038086, -15.452963829040527, 37.94709396362305, 78.76478576660156, 157.7486572265625
-7.094179153442383, -24.450759887695312, -40.776458740234375, -57.89997863769531, -59.9534912109375, -30.84558868408203, 6.201698303222656, 36.44696044921875
-5.010227203369141, -19.8697509765625, -40.31385803222656, -58.32389831542969, -80.4844741821289, -90.0109634399414, -48.230125427246094, -60.37989807128906
-3.5930304527282715, -11.89053726196289, -28.07993507385254, -48.10791015625, -57.143489837646484, -58.9934196472168, -108.19505310058594, -77.07733154296875
-1.7547560930252075, -5.248056888580322, -11.382930755615234, -15.769314765930176, -30.719160079956055, -29.047456741333008, -72.79097747802734, -69.4902572631836
3.5870962450390564e-11, 1.3919278383255005, 4.843522548675537, 8.946331024169922, 13.359614372253418, 18.66184425354004, 32.215919494628906, 29.886276245117188
1.8161484003067017, 8.235453605651855, 18.824533462524414, 37.851192474365234, 42.701629638671875, 80.19656372070312, 78.44434356689453, 129.79554748535156
3.6320815086364746, 16.32537078857422, 31.872385025024414, 49.48310852050781, 64.77379608154297, 103.38385772705078, 64.28086853027344, 74.46316528320312
5.380799770355225, 18.566547393798828, 38.12481689453125, 49.024818420410156, 58.8546142578125, 39.15628433227539, 18.03575325012207, -20.05231475830078
6.725863933563232, 22.95714569091797, 37.37191390991211, 48.02023696899414, 22.046289443969727, -8.499486923217773, -82.15605163574219, -123.22416687011719
7.908646106719971, 24.991924285888672, 40.79872512817383, 26.159101486206055, -13.368513107299805, -83.87730407714844, -108.34204864501953, -83.13321685791016
10.866937637329102, 28.051652908325195, 17.541135787963867, -33.4640998840332, -77.45118713378906, -67.9825668334961, 15.666426658630371, 92.15389251708984
12.293225288391113, 25.538299560546875, 0.9910272359848022, -41.16800308227539, -55.483489990234375, -0.10372442752122879, 78.80083465576172, 127.96597290039062
13.09002685546875, 19.236400604248047, -13.73990249633789, -53.15351867675781, -33.9831657409668, 48.66783905029297, 115.4100112915039, 3.8569834232330322
13.25786018371582, 15.206299781799316, -24.268325805664062, -43.13996505737305, 17.3763484954834, 76.83145141601562, 39.88190460205078, -81.28595733642578
14.058621406555176, 8.524197578430176, -32.3191032409668, -37.92266082763672, 62.96302032470703, 57.63051986694336, -62.88841247558594, -89.70770263671875
14.527819633483887, 2.2322781085968018, -41.06873321533203, -6.719919204711914, 76.85462188720703, 8.740436553955078, -83.01628875732422, -10.990735054016113
14.26242446899414, -5.345117568969727, -40.48540496826172, 21.660890579223633, 51.99661636352539, -40.74887466430664, -62.46986770629883, 98.14161682128906
13.757238388061523, -11.022835731506348, -31.8720760345459, 45.3946418762207, 24.04859733581543, -106.45905303955078, 6.427730560302734, 97.65658569335938
12.829645156860352, -19.063772201538086, -22.797462463378906, 61.91853713989258, -13.673251152038574, -69.83984375, 99.66294860839844, 41.27696990966797
13.025032997131348, -23.494783401489258, -5.4444146156311035, 43.48777770996094, -40.591915130615234, -17.130321502685547, 66.93954467773438, -70.45201873779297
12.036125183105469, -25.533533096313477, 9.505677223205566, 37.58910369873047, -59.35615539550781, 50.92524337768555, 51.08179473876953, -115.42485809326172
11.139081954956055, -30.060840606689453, 20.73757553100586, 12.282299041748047, -58.40039825439453, 92.4073257446289, -27.609325408935547, -61.36294937133789
9.872342109680176, -28.290590286254883, 39.08550262451172, -16.542417526245117, -33.18307113647461, 70.45316314697266, -64.53155517578125, 74.78132629394531
8.305708885192871, -28.689844131469727, 42.51273727416992, -39.548004150390625, 16.443172454833984, 22.566987991333008, -75.27420043945312, 76.36251831054688
7.128861427307129, -21.366239547729492, 37.43243408203125, -54.624515533447266, 59.460716247558594, -30.164154052734375, -8.757664680480957, 47.447418212890625
5.01560640335083, -17.55372428894043, 32.329288482666016, -50.200401306152344, 65.57315063476562, -97.0245361328125, 82.84588623046875, -58.488014221191406
3.6095688343048096, -12.979081153869629, 24.830238342285156, -35.18260955810547, 64.57078552246094, -102.87985229492188, 117.72859191894531, -130.5724334716797
1.752935767173767, -5.317448139190674, 10.871564865112305, -22.62396240234375, 27.976045608520508, -51.65653610229492, 60.594139099121094, -57.916954040527344
-3.613473062435979e-11, 1.354736328125, -4.045492172241211, 7.978684902191162, -16.74355125427246, 22.7620906829834, -33.47270584106445, 47.30482482910156
-1.8225843906402588, 8.838349342346191, -17.694942474365234, 32.330326080322266, -50.66232681274414, 72.46751403808594, -63.458168029785156, 119.2335205078125
-3.455606698989868, 13.682600975036621, -33.154998779296875, 48.02254104614258, -56.844886779785156, 102.21415710449219, -69.52816009521484, 93.41997528076172
-5.287898063659668, 19.00927734375, -43.48835372924805, 53.792720794677734, -49.788047790527344, 47.060035705566406, -23.564462661743164, -16.761735916137695
-6.991538047790527, 24.248640060424805, -43.92833709716797, 44.72549057006836, -27.107561111450195, -12.229513168334961, 72.72146606445312, -135.57632446289062
-8.05266284942627, 28.79924774169922, -43.133907318115234, 26.74651527404785, 14.233061790466309, -71.44113159179688, 103.32308197021484, -95.93706512451172
-9.954849243164062, 27.607269287109375, -30.40074348449707, -1.1126487255096436, 64.00128173828125, -69.67037963867188, 76.5750961303711, 10.402644157409668
-10.868326187133789, 29.80870819091797, -18.705846786499023, -29.56128692626953, 80.36785888671875, -52.68094253540039, -21.74941062927246, 74.2283935546875
-11.558262825012207, 26.429271697998047, -1.0140234231948853, -47.153072357177734, 66.06797790527344, -0.1280616819858551, -65.90196990966797, 135.6092071533203
-12.530900001525879, 19.774559020996094, 16.13981819152832, -50.562965393066406, 25.011749267578125, 61.8548469543457, -66.39917755126953, 3.944709062576294
-13.490874290466309, 16.349666595458984, 32.11180877685547, -50.29303741455078, -14.001636505126953, 107.51779174804688, -37.64249038696289, -81.37191009521484
-13.398701667785645, 8.956717491149902, 35.187767028808594, -36.170501708984375, -55.879173278808594, 69.41240692138672, 56.72431182861328, -73.8291015625
-14.713146209716797, 2.0778467655181885, 41.518348693847656, -6.841315746307373, -60.620662689208984, 12.502233505249023, 86.13037872314453, -20.642780303955078
-13.48342227935791, -5.085570335388184, 45.86898422241211, 20.779205322265625, -56.845977783203125, -50.77580261230469, 82.4919204711914, 110.89859771728516
-14.10840892791748, -11.241827011108398, 37.00605010986328, 51.12442398071289, -25.463972091674805, -77.95960998535156, -4.0139923095703125, 85.79550170898438
-13.062498092651367, -17.88355255126953, 23.691181182861328, 49.604740142822266, 16.470653533935547, -85.49578857421875, -76.84896087646484, 42.80783462524414
-12.652547836303711, -22.71078872680664, 6.566197872161865, 46.74911117553711, 43.690185546875, -16.686908721923828, -76.60832977294922, -50.496925354003906
-12.351021766662598, -25.591001510620117, -9.55610466003418, 42.741119384765625, 70.72525024414062, 48.86671447753906, -30.9328670501709, -101.98178100585938
-10.471781730651855, -25.58868408203125, -27.081050872802734, 14.654729843139648, 69.34356689453125, 70.50109100341797, 37.91836166381836, -28.126462936401367
-9.41919994354248, -28.270008087158203, -35.42771911621094, -14.794294357299805, 25.001691818237305, 98.6357192993164, 84.02412414550781, 51.554359436035156
-8.632734298706055, -24.288223266601562, -40.913185119628906, -43.39000701904297, -11.488475799560547, 38.797550201416016, 103.59032440185547, 151.25306701660156
-6.9726104736328125, -25.078271865844727, -45.10286331176758, -65.04500579833984, -64.15450286865234, -38.68522644042969, 10.23913288116455, 43.74925994873047
-5.073692798614502, -19.142318725585938, -36.07250213623047, -56.64014434814453, -58.5695686340332, -64.06816864013672, -65.22364807128906, -46.307247161865234
-3.6547422409057617, -12.284157752990723, -23.29306983947754, -42.020042419433594, -64.26701354980469, -99.12428283691406, -106.63563537597656, -104.51960754394531
-1.6892343759536743, -6.14792013168335, -10.629772186279297, -15.967222213745117, -30.822723388671875, -35.45426940917969, -50.43525695800781, -69.63704681396484
3.6679482368073835e-11, 1.28250253200531, 4.624520778656006, 7.994335651397705, 12.732276916503906, 15.3944091796875, 29.243005752563477, 47.7944450378418
1.8249540328979492, 8.965457916259766, 20.808116912841797, 40.29572677612305, 55.07048797607422, 78.88971710205078, 89.9746322631836, 117.04232788085938
3.5701606273651123, 15.21210765838623, 34.60730743408203, 58.161190032958984, 73.7062759399414, 98.44274139404297, 113.24085235595703, 92.44992065429688
5.283360481262207, 19.21208953857422, 36.78963851928711, 60.862762451171875, 74.92224884033203, 47.14860916137695, 13.486808776855469, -18.116744995117188
7.077563762664795, 26.03760528564453, 47.38936233520508, 53.022090911865234, 34.870521545410156, -8.641707420349121, -57.1552848815918, -81.84520721435547
8.364731788635254, 27.58534049987793, 34.51850891113281, 27.882320404052734, -17.166439056396484, -76.22420501708984, -98.46023559570312, -62.98561096191406
9.311297416687012, 27.92527961730957, 28.69819450378418, -1.5021328926086426, -61.12763214111328, -98.498779296875, -46.822994232177734, 12.069659233093262
10.639476776123047, 27.217121124267578, 17.988433837890625, -33.84279251098633, -71.7140884399414, -43.866790771484375, 22.54988670349121, 71.42294311523438
12.456932067871094, 23.241008758544922, 1.2294434309005737, -54.88566589355469, -63.282588958740234, -0.12423691153526306, 68.9451904296875, 61.74287033081055
12.90290355682373, 22.337600708007812, -13.331351280212402, -63.34908676147461, -25.0428524017334, 72.9658203125, 80.63224792480469, 2.4432153701782227
13.182403564453125, 15.66635513305664, -26.316587448120117, -46.431800842285156, 11.208739280700684, 68.76397705078125, 32.51960372924805, -60.024169921875
14.219135284423828, 8.699385643005371, -33.09999084472656, -29.034055709838867, 61.46875762939453, 67.28955841064453, -43.55606460571289, -62.615142822265625
13.874744415283203, 2.0594558715820312, -37.05446243286133, -6.617178440093994, 78.36566162109375, 9.04601764678955, -122.75540161132812, -17.71548843383789
14.22364616394043, -4.516470432281494, -44.30813980102539, 17.773418426513672, 56.7763786315918, -40.35723876953125, -71.74871063232422, 106.21021270751953
13.525191307067871, -11.334135055541992, -30.513450622558594, 37.268104553222656, 34.549339294433594, -73.07173919677734, 6.047906875610352, 105.06097412109375
12.97652816772461, -18.923595428466797, -22.978933334350586, 52.10320281982422, -16.383323669433594, -70.9965591430664, 88.0627670288086, 33.99787521362305
13.23141098022461, -24.657564163208008, -6.705049514770508, 51.012603759765625, -40.391658782958984, -26.042943954467773, 68.762939453125, -76.54964447021484
12.304492950439453, -24.787065505981445, 9.672389030456543, 34.75130081176758, -72.6397933959961, 40.547576904296875, 57.964473724365234, -129.40196228027344
10.960409164428711, -25.368789672851562, 21.22919273376465, 15.217020988464355, -46.43452072143555, 73.00933074951172, -29.688657760620117, -29.788114547729492
9.626989364624023, -28.42184829711914, 37.55731964111328, -15.400136947631836, -24.66582679748535, 61.35068893432617, -64.471923828125, 81.77558135986328
8.379234313964844, -28.710636138916016, 41.684730529785156, -47.5948371887207, 11.342395782470703, 26.148021697998047, -72.6244888305664, 83.09404754638672
6.542056560516357, -24.265275955200195, 36.59378433227539, -56.10411071777344, 59.74968338012695, -36.579017639160156, -8.309664726257324, 36.85444259643555
4.957852840423584, -18.209285736083984, 31.14748764038086, -47.5616455078125, 62.292694091796875, -73.00251007080078, 61.95170593261719, -64.96918487548828
3.4160995483398438, -13.135826110839844, 24.59957504272461, -48.78703689575195, 67.35516357421875, -83.55287170410156, 99.63243865966797, -107.6250228881836
1.8347159624099731, -6.2052435874938965, 11.645368576049805, -22.62135887145996, 32.22938537597656, -31.257949829101562, 42.74139404296875, -55.076904296875
-3.504467202541939e-11, 1.308700442314148, -4.790755271911621, 9.955507278442383, -12.279712677001953, 16.215423583984375, -25.52028465270996, 41.96501922607422
-1.7625646591186523, 8.13845443725586, -18.907386779785156, 32.438621520996094, -58.861671447753906, 75.26008605957031, -115.26227569580078, 80.00401306152344
-3.3735239505767822, 15.40532398223877, -33.811466217041016, 46.562477111816406, -82.96963500976562, 93.48031616210938, -98.56359100341797, 80.60549926757812
-5.158037185668945, 20.418758392333984, -40.74297332763672, 63.318321228027344, -69.70213317871094, 47.703704833984375, -25.0352783203125, -25.341100692749023
-6.916714191436768, 24.132505416870117, -41.03253173828125, 53.04060745239258, -22.582727432250977, -11.758830070495605, 46.10917663574219, -136.90997314453125
-8.086173057556152, 27.624408721923828, -42.6103401184082, 21.195383071899414, 17.04943084716797, -73.39152526855469, 93.29934692382812, -107.77732849121094
-9.919783592224121, 30.945737838745117, -31.304367065429688, -1.1815574169158936, 58.1829719543457, -101.88018798828125, 51.569339752197266, 7.313864231109619
-11.323485374450684, 27.762935638427734, -18.559518814086914, -29.402063369750977, 77.70068359375, -52.43634796142578, -15.291138648986816, 90.14134216308594
-11.67087173461914, 23.690406799316406, -1.0346081256866455, -47.81336212158203, 59.07733917236328, -0.14180517196655273, -83.61778259277344, 81.54087829589844
-12.720512390136719, 20.039186477661133, 15.312958717346191, -46.198341369628906, 25.93879508972168, 43.87485885620117, -95.60774230957031, 2.3612265586853027
-13.115229606628418, 16.652667999267578, 25.6151180267334, -52.23766326904297, -15.577737808227539, 60.71451187133789, -25.507781982421875, -63.799232482910156
-13.353096008300781, 8.749703407287598, 39.69883346557617, -34.98795700073242, -60.86269760131836, 53.126895904541016, 42.43088150024414, -144.37770080566406
-13.88925552368164, 2.220370292663574, 46.907203674316406, -6.258295059204102, -63.47554397583008, 8.674816131591797, 106.81202697753906, -19.55322265625
-14.117562294006348, -5.1301093101501465, 43.56470489501953, 22.118186950683594, -46.96773910522461, -45.489322662353516, 76.77991485595703, 70.58914184570312
-14.501592636108398, -10.954371452331543, 31.29050636291504, 38.57990646362305, -22.54819107055664, -63.0383186340332, -4.700168609619141, 144.1004180908203
-12.91563606262207, -16.028209686279297, 20.76712989807129, 61.8671760559082, 15.610434532165527, -86.43538665771484, -73.17909240722656, 27.56415557861328
-12.754079818725586, -22.866941452026367, 6.963771820068359, 62.90872573852539, 44.794593811035156, -26.793485641479492, -102.04681396484375, -57.28578186035156
-11.491572380065918, -23.55601692199707, -9.510190963745117, 35.9455680847168, 81.05474853515625, 49.862918853759766, -29.524765014648438, -118.55846405029297
-10.6187105178833, -25.6619930267334, -22.34054946899414, 10.831628799438477, 50.52570724487305, 78.70439910888672, 51.80014419555664, -57.11735153198242
-9.969306945800781, -29.848127365112305, -33.36008071899414, -15.74811840057373, 24.327810287475586, 58.959346771240234, 95.23482513427734, 68.3121337890625
-8.561089515686035, -27.241796493530273, -36.65215301513672, -44.03823471069336, -12.026447296142578, 31.731828689575195, 85.6838150024414, 135.1181182861328
-6.5216827392578125, -25.04584312438965, -41.98918914794922, -43.89900588989258, -43.57449722290039, -28.312026977539062, 9.170367240905762, 55.49940490722656
-5.135433197021484, -18.83765983581543, -36.43655014038086, -61.374595642089844, -58.55876922607422, -94.27320861816406, -53.9201774597168, -34.6788330078125
-3.3949904441833496, -13.526455879211426, -28.893651962280273, -49.6925048828125, -57.625144958496094, -62.515201568603516, -84.29468536376953, -89.36105346679688
-1.7972445487976074, -5.713600158691406, -12.465587615966797, -21.059776306152344, -28.830699920654297, -30.87064552307129, -68.52725219726562, -53.843505859375
3.430215486655008e-11, 1.2780216932296753, 4.172176361083984, 8.338725090026855, 16.633346557617188, 20.553857803344727, 30.67982292175293, 40.8430290222168
1.8330152034759521, 7.978120803833008, 17.8502197265625, 27.575679779052734, 40.64897918701172, 83.9891357421875, 102.64811706542969, 134.30653381347656
3.5549252033233643, 13.805657386779785, 34.44316101074219, 55.62166213989258, 73.79856872558594, 78.6426010131836, 77.5240249633789, 79.30762481689453
5.198178768157959, 20.07444190979004, 41.69009780883789, 61.62532424926758, 63.33059310913086, 53.81254577636719, 17.966064453125, -15.596722602844238
6.651284694671631, 26.217634201049805, 46.94221496582031, 49.756587982177734, 24.868165969848633, -10.960719108581543, -83.32505798339844, -148.49835205078125
8.69532585144043, 25.230398178100586, 39.750247955322266, 24.28031349182129, -16.427722930908203, -54.47712326049805, -76.3123550415039, -85.19864654541016
9.296537399291992, 29.509843826293945, 31.355762481689453, -1.6051483154296875, -40.433135986328125, -60.67550277709961, -69.8405990600586, 13.14993667602539
10.56838321685791, 27.91883659362793, 17.54596519470215, -32.629764556884766, -71.34104919433594, -52.15746307373047, 17.160892486572266, 94.0577163696289
11.612131118774414, 26.889209747314453, 1.0752596855163574, -53.721736907958984, -72.85269927978516, -0.08551689982414246, 67.444091796875, 130.25440979003906
12.702557563781738, 22.49625587463379, -12.750321388244629, -53.1875114440918, -34.073219299316406, 41.93037033081055, 68.1794662475586, 2.104841709136963
12.97504711151123, 13.995255470275879, -26.996004104614258, -41.50042724609375, 12.362716674804688, 70.8784408569336, 42.65272903442383, -71.96517944335938
14.177449226379395, 8.995006561279297, -32.35781478881836, -38.19298553466797, 61.18769073486328, 64.90547943115234, -52.07163619995117, -109.69092559814453
14.306927680969238, 2.1878063678741455, -36.29566955566406, -5.74556827545166, 60.08478546142578, 13.660799026489258, -83.67092895507812, -16.16485595703125
13.921067237854004, -4.689807415008545, -46.687007904052734, 25.439285278320312, 76.08633422851562, -53.97723388671875, -69.10586547851562, 51.387760162353516
14.086853981018066, -11.374659538269043, -31.190576553344727, 43.342750549316406, 29.037212371826172, -103.98231506347656, 5.747462272644043, 143.59207153320312
13.0380277633667, -17.333925247192383, -19.424041748046875, 57.9345588684082, -11.10556411743164, -81.72549438476562, 82.74181365966797, 30.668840408325195
13.425626754760742, -20.975261688232422, -5.6009111404418945, 53.93098449707031, -58.21860885620117, -22.31764793395996, 109.08206939697266, -70.58533477783203
11.470898628234863, -25.645709991455078, 9.299591064453125, 42.10145950317383, -79.35160827636719, 45.3914794921875, 50.12766647338867, -140.9753875732422
11.063313484191895, -28.541536331176758, 26.449106216430664, 11.20961856842041, -51.38273620605469, 83.2663803100586, -36.91209411621094, -29.962448120117188
9.555563926696777, -26.984819412231445, 38.308170318603516, -14.918384552001953, -29.649381637573242, 88.16654968261719, -113.83482360839844, 39.293914794921875
8.433440208435059, -26.025407791137695, 37.90308380126953, -35.74359893798828, 12.839202880859375, 22.665620803833008, -62.593353271484375, 136.76405334472656
7.103021144866943, -22.667577743530273, 41.12138748168945, -60.427303314208984, 43.69242477416992, -36.379329681396484, -7.608257293701172, 71.90974426269531
5.0407609939575195, -18.162025451660156, 35.66704559326172, -57.9979362487793, 54.32441329956055, -93.16067504882812, 92.32093048095703, -54.03432846069336
3.60367751121521, -13.321341514587402, 27.509658813476562, -42.55970001220703, 63.93716049194336, -70.9017333984375, 126.9034652709961, -129.0174102783203
1.7670501470565796, -5.371221542358398, 11.298062324523926, -21.694353103637695, 32.9368896484375, -44.76356506347656, 48.52476119995117, -70.6486587524414
-3.439232579283136e-11, 1.4105255603790283, -4.232405185699463, 7.825887203216553, -15.264179229736328, 15.719873428344727, -30.502092361450195, 39.719383239746094
-1.7496072053909302, 8.284586906433105, -18.80575180053711, 31.268346786499023, -62.45427322387695, 76.05046081542969, -86.66993713378906, 153.1895751953125
-3.618936777114868, 15.182870864868164, -33.15593338012695, 54.89847183227539, -61.65380859375, 92.7156982421875, -114.2701644897461, 60.46183776855469
-4.9773688316345215, 20.547077178955078, -44.019039154052734, 48.470558166503906, -63.2510986328125, 61.699676513671875, -20.349279403686523, -16.597848892211914
-6.575088024139404, 24.955032348632812, -39.19525909423828, 44.732276916503906, -27.951749801635742, -8.61635971069336, 52.669403076171875, -127.04264831542969
-8.344671249389648, 26.803714752197266, -43.33456802368164, 26.202699661254883, 14.453326225280762, -63.82882308959961, 132.9259796142578, -98.10478973388672
-9.756940841674805, 31.028316497802734, -32.95427322387695, -1.4966363906860352, 49.46741485595703, -105.1750259399414, 53.83894729614258, 7.132028102874756
-10.750255584716797, 28.798377990722656, -17.99468994140625, -23.899147033691406, 59.117942810058594, -72.24241638183594, -20.555265426635742, 115.38721466064453
-11.866706848144531, 22.484338760375977, -1.1117981672286987, -51.43747329711914, 66.92359161376953, -0.08262255042791367, -86.21907806396484, 67.80390930175781
-12.602743148803711, 18.85173797607422, 15.835469245910645, -55.83137512207031, 26.04127311706543, 49.52128982543945, -103.27838897705078, 2.4349467754364014
-13.460653305053711, 14.181644439697266, 32.23554611206055, -53.69906234741211, -16.89017677307129, 80.57212829589844, -37.79605484008789, -88.4233169555664
-14.43220043182373, 9.34770679473877, 42.59321594238281, -30.546178817749023, -42.3469123840332, 79.67082214355469, 36.37813186645508, -82.63385772705078
-14.07198715209961, 2.166595458984375, 47.41245651245117, -4.816031455993652, -58.99171447753906, 9.061490058898926, 115.00651550292969, -21.21692657470703
-14.803128242492676, -4.656452178955078, 44.887271881103516, 22.328771591186523, -68.70995330810547, -42.36368179321289, 67.17162322998047, 95.04434204101562
-14.465378761291504, -11.034178733825684, 34.29365158081055, 43.31611633300781, -25.754920959472656, -85.24372863769531, -3.1389994621276855, 142.6289825439453
-12.972396850585938, -17.251197814941406, 21.368471145629883, 50.18825149536133, 13.043428421020508, -53.15152359008789, -102.19457244873047, 30.458253860473633
-12.746941566467285, -20.535200119018555, 6.072309970855713, 53.6380615234375, 42.160945892333984, -24.684429168701172, -93.66268157958984, -58.037078857421875
-12.429923057556152, -28.200000762939453, -9.767504692077637, 38.08731460571289, 62.013389587402344, 35.60238265991211, -46.088077545166016, -70.06988525390625
-10.91607666015625, -29.791872024536133, -23.198835372924805, 13.919683456420898, 73.57632446289062, 87.18562316894531, 29.815114974975586, -37.268795013427734
-9.222460746765137, -27.826969146728516, -37.646968841552734, -16.76017951965332, 29.04532241821289, 68.55863189697266, 107.5904312133789, 49.93648147583008
-8.68388843536377, -24.56720542907715, -36.29389572143555, -45.1152458190918, -10.84303092956543, 34.87800979614258, 103.40643310546875, 74.57659149169922
-6.662108421325684, -20.985837936401367, -39.09950637817383, -47.975650787353516, -56.90000534057617, -33.46485900878906, 9.508712768554688, 45.64849090576172
-5.4427490234375, -17.92839241027832, -32.33442306518555, -52.43689727783203, -63.17047119140625, -59.07781219482422, -77.79540252685547, -60.978271484375
-3.4511170387268066, -12.073627471923828, -24.73153305053711, -43.7889404296875, -70.03486633300781, -99.09255981445312, -130.07110595703125, -130.51644897460938
-1.7559528350830078, -6.152074813842773, -10.012600898742676, -18.21585464477539, -29.768388748168945, -29.851266860961914, -42.842681884765625, -84.92671966552734
3.669320750021576e-11, 1.3173569440841675, 4.3824591636657715, 9.745925903320312, 15.674120903015137, 25.506103515625, 34.911048889160156, 45.95585632324219
1.8013877868652344, 7.855004787445068, 17.063194274902344, 38.60652542114258, 43.05864334106445, 69.64128875732422, 121.8662109375, 99.34125518798828
3.654867649078369, 14.440799713134766, 28.22708511352539, 57.47039794921875, 59.02932357788086, 95.36217498779297, 65.1523666381836, 80.46869659423828
4.981822967529297, 21.249725341796875, 41.31447982788086, 46.827880859375, 55.80941390991211, 50.46541976928711, 19.270662307739258, -18.159093856811523
7.003707408905029, 23.355390548706055, 42.15095520019531, 53.46238708496094, 22.66716766357422, -9.535058975219727, -59.190670013427734, -98.71532440185547
8.112353324890137, 25.500869750976562, 35.67591094970703, 27.038684844970703, -11.454208374023438, -56.31319046020508, -80.30740356445312, -107.28172302246094
9.841949462890625, 25.52051544189453, 28.285173416137695, -1.3242006301879883, -63.406211853027344, -79.49300384521484, -85.00277709960938, 13.079804420471191
10.592158317565918, 27.39087677001953, 17.514488220214844, -33.59739685058594, -61.7885627746582, -44.785179138183594, 15.27120304107666, 91.24098205566406
12.395125389099121, 23.215991973876953, 1.0488466024398804, -45.499263763427734, -64.40019226074219, -0.09994308650493622, 75.1686782836914, 79.2196044921875
12.804952621459961, 22.695301055908203, -15.330355644226074, -49.49740219116211, -35.76932907104492, 47.11103439331055, 108.44406127929688, 2.529472589492798
13.500884056091309, 15.227666854858398, -30.583276748657227, -46.23311996459961, 11.924644470214844, 66.89303588867188, 26.59197235107422, -102.47046661376953
14.551433563232422, 8.484524726867676, -37.54065704345703, -33.055091857910156, 40.37890625, 58.07064437866211, -62.16538619995117, -99.56639099121094
14.574326515197754, 2.317426919937134, -40.77071762084961, -5.5520453453063965, 81.21965026855469, 11.5535306930542, -80.07664489746094, -17.480194091796875
14.799602508544922, -5.341054916381836, -37.99104309082031, 22.327991485595703, 75.31715393066406, -51.53805923461914, -82.78374481201172, 51.8090934753418
13.213078498840332, -12.028420448303223, -32.30996322631836, 41.299564361572266, 29.25434112548828, -97.29227447509766, 3.801353693008423, 91.13862609863281
12.852164268493652, -16.83615493774414, -18.90709114074707, 63.22392654418945, -17.170289993286133, -88.20051574707031, 83.18067932128906, 22.415475845336914
12.248249053955078, -21.59642791748047, -6.042715549468994, 54.09939956665039, -50.16839599609375, -23.813173294067383, 111.00917053222656, -69.54076385498047
11.37660026550293, -25.812177658081055, 9.566015243530273, 32.8831901550293, -72.89291381835938, 41.362083435058594, 49.83572769165039, -120.09107208251953
11.176948547363281, -25.325050354003906, 26.702611923217773, 15.090239524841309, -55.46397018432617, 91.89476013183594, -38.26279067993164, -27.43284797668457
10.130613327026367, -30.115568161010742, 35.40190505981445, -15.229436874389648, -25.52124786376953, 75.93233489990234, -110.71219635009766, 78.34198760986328
8.16430377960205, -24.65371322631836, 35.53009796142578, -45.2370491027832, 14.157320976257324, 24.221311569213867, -108.70091247558594, 84.60389709472656
6.748404502868652, -25.167247772216797, 41.17780303955078, -49.83496856689453, 51.58684158325195, -29.902908325195312, -8.219398498535156, 43.26080322265625
5.409677028656006, -16.75253677368164, 41.12460708618164, -49.78524398803711, 58.39113998413086, -55.952857971191406, 55.69854736328125, -54.94121170043945
3.667797088623047, -11.259076118469238, 22.877819061279297, -41.63505172729492, 52.697998046875, -101.82183837890625, 67.54823303222656, -93.36643981933594
1.8302081823349, -5.205384731292725, 13.142280578613281, -19.75856590270996, 24.438901901245117, -28.89678955078125, 54.45524597167969, -69.97429656982422
-3.7133549707357716e-11, 1.402836799621582, -4.608846187591553, 8.782171249389648, -14.739391326904297, 20.007099151611328, -21.883825302124023, 42.47488784790039
-1.8299812078475952, 7.691331386566162, -18.25660514831543, 34.358829498291016, -51.51938247680664, 77.50630187988281, -98.8834457397461, 83.96240234375
-3.554291248321533, 14.714585304260254, -27.28994369506836, 61.037113189697266, -73.72848510742188, 99.64734649658203, -81.41429138183594, 81.22881317138672
-5.342626571655273, 20.435874938964844, -36.153541564941406, 58.60961151123047, -69.05006408691406, 64.24725341796875, -19.525197982788086, -33.61038589477539
-6.9330620765686035, 26.80042266845703, -45.820125579833984, 46.770103454589844, -25.841638565063477, -9.976362228393555, 74.45914459228516, -114.34368133544922
-8.542593955993652, 26.943782806396484, -43.55739974975586, 22.87114906311035, 14.669081687927246, -65.51914978027344, 128.81637573242188, -90.23393249511719
-9.359071731567383, 26.472423553466797, -26.768901824951172, -1.243812084197998, 49.58436965942383, -86.75051879882812, 54.07334518432617, 10.48836898803711
-11.412875175476074, 28.12208366394043, -14.606046676635742, -33.690521240234375, 85.92826080322266, -55.94239044189453, -18.266084671020508, 128.6243896484375
-11.413984298706055, 26.333839416503906, -1.2507063150405884, -39.028907775878906, 61.37788772583008, -0.1440490037202835, -111.9239501953125, 124.41584777832031
-13.343466758728027, 22.073396682739258, 13.018065452575684, -55.27760314941406, 24.021881103515625, 55.457889556884766, -108.17279052734375, 3.5362541675567627
-13.493610382080078, 15.34671401977539, 26.536685943603516, -49.47868347167969, -13.245668411254883, 64.48287200927734, -26.490516662597656, -115.98941802978516
-13.739237785339355, 9.007528305053711, 40.081703186035156, -36.386722564697266, -42.62053680419922, 49.77066421508789, 42.930580139160156, -144.42453002929688
-13.752795219421387, 2.303597927093506, 40.89973831176758, -6.535726070404053, -82.64929962158203, 8.960793495178223, 122.60205078125, -16.273523330688477
-14.685993194580078, -4.685583114624023, 34.616554260253906, 18.29599952697754, -75.46736907958984, -61.48606872558594, 59.75444030761719, 54.486385345458984
-14.460439682006836, -10.960428237915039, 35.2687873840332, 41.14015579223633, -29.143226623535156, -81.01443481445312, -6.370156764984131, 83.4286117553711
-13.891749382019043, -17.972789764404297, 24.08588409423828, 49.868892669677734, 13.412583351135254, -78.12482452392578, -82.25018310546875, 18.795246124267578
-13.308725357055664, -21.653247833251953, 5.7283244132995605, 43.45751190185547, 43.000038146972656, -22.4567813873291, -115.0521011352539, -66.06009674072266
-12.334118843078613, -23.579574584960938, -9.477469444274902, 36.72438049316406, 79.27288055419922, 33.427547454833984, -55.7285270690918, -71.8602294921875
-11.223824501037598, -29.873104095458984, -26.039539337158203, 10.2806396484375, 47.94812774658203, 60.499183654785156, 39.7048454284668, -55.522647857666016
-10.088624954223633, -29.568267822265625, -32.259681701660156, -14.777681350708008, 35.87307357788086, 92.85826110839844, 86.51734161376953, 84.26074981689453
-8.40102481842041, -24.274051666259766, -40.37206268310547, -47.17320251464844, -17.499670028686523, 35.662071228027344, 95.12397003173828, 105.8533706665039
-6.662167549133301, -24.162811279296875, -47.295963287353516, -57.2528190612793, -56.019866943359375, -21.82073974609375, 7.828426837921143, 63.57859802246094
-5.284450531005859, -19.823835372924805, -38.87164306640625, -62.76954650878906, -71.09654998779297, -87.25778198242188, -80.03290557861328, -64.29996490478516
-3.5475964546203613, -11.557051658630371, -26.853134155273438, -36.34204864501953, -73.00666809082031, -81.44336700439453, -88.2055892944336, -73.11701202392578
-1.8129655122756958, -5.496064186096191, -11.326604843139648, -22.382055282592773, -33.645347595214844, -36.80455017089844, -38.19428634643555, -90.68633270263672
3.6564844901887383e-11, 1.4846251010894775, 4.821034908294678, 8.892607688903809, 11.181680679321289, 22.375324249267578, 20.627511978149414, 31.171247482299805
1.6976346969604492, 8.98828411102295, 21.88503646850586, 30.572534561157227, 54.01557922363281, 71.02766418457031, 81.62715911865234, 113.0750961303711
3.521669864654541, 15.01060676574707, 34.903324127197266, 43.12202072143555, 85.59673309326172, 72.53994750976562, 101.25430297851562, 71.61780548095703
5.313342571258545, 19.884227752685547, 38.77508544921875, 67.0897445678711, 57.26708221435547, 35.55290985107422, 24.741382598876953, -32.83837127685547
6.728601932525635, 26.610361099243164, 45.07722473144531, 47.84725570678711, 24.843303680419922, -10.018532752990723, -47.5653190612793, -135.25241088867188
8.17369270324707, 29.72979164123535, 37.88375473022461, 24.12322425842285, -12.120903968811035, -71.56391906738281, -130.09298706054688, -88.7525405883789
9.643587112426758, 26.285388946533203, 31.593544006347656, -1.6221925020217896, -41.560791015625, -97.09342956542969, -73.94645690917969, 6.698502540588379
10.528287887573242, 28.130767822265625, 15.196685791015625, -25.148279190063477, -75.65636444091797, -64.66585540771484, 21.13823890686035, 94.26326751708984
11.62710952758789, 24.53312110900879, 1.0757405757904053, -47.52556610107422, -62.036476135253906, -0.10451386123895645, 100.54793548583984, 77.23258972167969
12.736244201660156, 20.57440185546875, -15.773567199707031, -51.8117561340332, -31.571409225463867, 45.22590637207031, 86.69512939453125, 3.905329942703247
14.121607780456543, 16.94457244873047, -25.282573699951172, -60.02243423461914, 14.964381217956543, 87.79461669921875, 41.437744140625, -87.48847198486328
13.4004545211792, 9.95143985748291, -39.206111907958984, -33.83249282836914, 45.73604202270508, 52.0683708190918, -62.05909729003906, -106.57584381103516
13.952980041503906, 2.336129903793335, -44.931583404541016, -4.73435640335083, 56.345218658447266, 12.064912796020508, -128.94854736328125, -19.986774444580078
13.969099998474121, -4.725863933563232, -44.80375289916992, 21.924177169799805, 52.9909782409668, -52.51518249511719, -85.11878967285156, 112.87680053710938
13.561673164367676, -12.243257522583008, -36.09538650512695, 46.74658203125, 28.73894691467285, -71.52288055419922, 4.869838237762451, 88.6942138671875
13.121708869934082, -18.615713119506836, -23.80705451965332, 55.92062759399414, -17.14995002746582, -50.41550827026367, 97.85978698730469, 21.124774932861328
13.226219177246094, -23.36905860900879, -5.502050399780273, 44.148834228515625, -49.71294021606445, -17.501123428344727, 79.35246276855469, -99.83100891113281
12.402585983276367, -26.989492416381836, 8.128946304321289, 44.140865325927734, -69.14279174804688, 28.671554565429688, 44.66653060913086, -88.8308334350586
11.295450210571289, -28.153902053833008, 26.8380069732666, 10.490174293518066, -50.90937805175781, 74.65328216552734, -27.345640182495117, -38.57075881958008
9.546438217163086, -26.678800582885742, 30.94219398498535, -14.511720657348633, -32.56843185424805, 89.41363525390625, -122.40251922607422, 66.92054748535156
8.09386920928955, -26.6637020111084, 42.985626220703125, -40.414756774902344, 14.243138313293457, 27.570833206176758, -58.65542221069336, 136.1757354736328
7.108213901519775, -21.514558792114258, 37.911373138427734, -64.6109390258789, 43.63745880126953, -34.526737213134766, -8.902799606323242, 67.39534759521484
5.079658508300781, -16.607858657836914, 35.76806640625, -66.28070831298828, 79.59284973144531, -93.42669677734375, 92.57209014892578, -61.561553955078125
3.456242084503174, -12.761065483093262, 28.687606811523438, -49.48955535888672, 48.361541748046875, -86.26858520507812, 127.923095703125, -89.7557144165039
1.767734169960022, -5.242934226989746, 10.275146484375, -19.740964889526367, 36.68918228149414, -47.82742691040039, 60.71143341064453, -45.16572189331055
-3.6781792889239995e-11, 1.3903911113739014, -4.433417797088623, 9.432869911193848, -14.586633682250977, 21.93760871887207, -23.164419174194336, 36.6929817199707
-1.6982207298278809, 7.98540735244751, -22.27213478088379, 39.792030334472656, -57.87659454345703, 77.24018859863281, -102.69245147705078, 110.17893981933594
-3.678037643432617, 13.954632759094238, -29.795866012573242, 44.67466735839844, -80.14911651611328, 104.47410583496094, -62.132469177246094, 91.71223449707031
-4.949065208435059, 18.367961883544922, -39.09138488769531, 65.83792877197266, -66.719482421875, 38.9404296875, -24.402313232421875, -15.351519584655762
-6.989059925079346, 22.401691436767578, -44.87543487548828, 44.98159408569336, -29.204729080200195, -7.724080562591553, 77.37384796142578, -103.97782897949219
-8.499846458435059, 25.168949127197266, -40.19414520263672, 26.794618606567383, 17.000513076782227, -77.69828796386719, 103.57929229736328, -110.8796157836914
-10.02675724029541, 30.578868865966797, -31.73548126220703, -1.5580796003341675, 48.513641357421875, -99.27861022949219, 52.797279357910156, 7.327399253845215
-10.739290237426758, 30.15216827392578, -14.48065185546875, -29.966856002807617, 72.10307312011719, -64.46821594238281, -19.44476890563965, 105.03672790527344
-12.142720222473145, 22.525720596313477, -0.9756194949150085, -48.30921173095703, 58.546260833740234, -0.09230165183544159, -88.9453125, 89.17736053466797
-12.651569366455078, 19.54824447631836, 16.379297256469727, -64.62107849121094, 29.758068084716797, 66.29647827148438, -66.43885803222656, 1.8779171705245972
-13.438321113586426, 16.865720748901367, 27.559995651245117, -44.58869934082031, -10.875486373901367, 107.83556365966797, -28.1308650970459, -131.35008239746094
-13.26806354522705, 9.275365829467773, 41.43680191040039, -26.515823364257812, -61.439476013183594, 51.78968811035156, 48.21073913574219, -96.51913452148438
-14.21763801574707, 2.1297521591186523, 36.870296478271484, -5.619459629058838, -77.32903289794922, 8.929018020629883, 98.81049346923828, -12.922576904296875
-14.790095329284668, -5.358645439147949, 45.06577682495117, 25.573232650756836, -68.53801727294922, -50.57439422607422, 70.42860412597656, 109.37098693847656
-13.918187141418457, -12.734588623046875, 30.68121337890625, 43.480751037597656, -31.759950637817383, -89.99231719970703, -3.7180330753326416, 78.61254119873047
-13.237528800964355, -18.863807678222656, 21.955263137817383, 63.740535736083984, 16.298267364501953, -90.10240173339844, -85.3204116821289, 40.54914474487305
-12.879728317260742, -22.682531356811523, 5.513548851013184, 43.64712905883789, 52.63591003417969, -15.091609001159668, -92.6314926147461, -45.643009185791016
-11.587100982666016, -26.78064727783203, -9.659143447875977, 42.07621765136719, 59.30532455444336, 39.88256072998047, -42.39898681640625, -90.2710952758789
-11.019437789916992, -28.436433792114258, -25.809682846069336, 11.14414119720459, 53.48605728149414, 74.25016021728516, 35.60256576538086, -62.02957534790039
-9.434327125549316, -26.970157623291016, -37.87911605834961, -15.409185409545898, 36.10888671875, 56.4655876159668, 113.97065734863281, 45.942928314208984
-8.43774127960205, -25.044919967651367, -44.058494567871094, -38.87726593017578, -15.91966724395752, 40.460514068603516, 99.82006072998047, 122.80010986328125
-6.752167224884033, -25.272871017456055, -41.586822509765625, -62.85897445678711, -46.573890686035156, -27.252424240112305, 7.193781852722168, 54.40721893310547
-5.251562595367432, -18.665056228637695, -40.183021545410156, -58.90678405761719, -75.86698913574219, -67.79795837402344, -72.46977996826172, -32.787208557128906
-3.5294899940490723, -11.57634449005127, -22.229236602783203, -38.14350128173828, -56.28544616699219, -79.17959594726562, -77.64028930664062, -149.62452697753906
-1.748012661933899, -5.44490909576416, -11.983125686645508, -22.363248825073242, -30.134281158447266, -31.36719512939453, -47.127506256103516, -60.06812286376953
3.6218580218294605e-11, 1.2979398965835571, 3.9622769355773926, 8.307174682617188, 15.878304481506348, 21.45946502685547, 39.049560546875, 34.646461486816406
1.7490339279174805, 7.67833137512207, 20.757761001586914, 31.43516731262207, 59.09968948364258, 87.29815673828125, 98.32890319824219, 97.91683197021484
3.3554790019989014, 14.126215934753418, 33.72581100463867, 47.58496856689453, 66.31151580810547, 74.82596588134766, 101.6773681640625, 98.51342010498047
5.048217296600342, 19.424278259277344, 38.044315338134766, 62.27971649169922, 74.94092559814453, 47.04123306274414, 17.79712677001953, -24.549705505371094
6.526805877685547, 24.376676559448242, 43.88658905029297, 43.69899368286133, 30.910676956176758, -8.769119262695312, -76.45238494873047, -140.45004272460938
8.669709205627441, 24.61779022216797, 41.29288864135742, 30.16642951965332, -13.331890106201172, -63.39701843261719, -124.74861907958984, -115.55159759521484
9.62669849395752, 27.49589729309082, 26.64044761657715, -1.5995118618011475, -44.835872650146484, -86.0450439453125, -48.20808792114258, 13.109587669372559
11.188223838806152, 29.00739097595215, 18.62911605834961, -30.343835830688477, -84.11732482910156, -50.52594757080078, 12.924756050109863, 100.73040771484375
11.489072799682617, 22.490230560302734, 0.9319807887077332, -50.8905143737793, -59.14951705932617, -0.12971653044223785, 80.2425765991211, 122.77823638916016
13.302156448364258, 22.649110794067383, -15.870584487915039, -49.64503479003906, -23.605453491210938, 55.05631637573242, 102.68366241455078, 1.9037561416625977
13.40038776397705, 16.5030574798584, -28.62938690185547, -44.74752426147461, 15.001052856445312, 104.33001708984375, 38.12922286987305, -67.39139556884766
13.847521781921387, 8.869095802307129, -40.43227767944336, -29.887771606445312, 58.040252685546875, 47.37350845336914, -43.977943420410156, -104.5680160522461
13.880542755126953, 1.935380458831787, -48.19368362426758, -5.349493026733398, 76.35094451904297, 13.758612632751465, -92.48432159423828, -17.306650161743164
14.819680213928223, -4.628669738769531, -44.538482666015625, 19.979843139648438, 71.29134368896484, -64.32894897460938, -49.10365295410156, 69.07029724121094
13.25986385345459, -12.03636360168457, -30.017227172851562, 38.108802795410156, 25.932498931884766, -105.54501342773438, 4.991231918334961, 130.46258544921875
13.828312873840332, -18.87762451171875, -22.31724739074707, 46.015106201171875, -16.75204086303711, -80.93370056152344, 94.56098937988281, 42.62457275390625
12.200182914733887, -23.90521812438965, -5.937111854553223, 62.295257568359375, -53.98564529418945, -25.310678482055664, 64.82135009765625, -100.69183349609375
12.531697273254395, -24.460702896118164, 9.165583610534668, 44.302734375, -71.2630615234375, 40.442649841308594, 40.413368225097656, -67.81505584716797
10.936955451965332, -26.044845581054688, 26.86669921875, 13.542925834655762, -58.569156646728516, 65.16500091552734, -44.49480056762695, -40.36341857910156
9.664313316345215, -29.989904403686523, 39.021080017089844, -18.24344825744629, -34.285987854003906, 54.127044677734375, -118.37689971923828, 63.220149993896484
8.636618614196777, -24.972440719604492, 42.46865463256836, -32.55173873901367, 15.889052391052246, 36.02793502807617, -82.92256927490234, 124.41368103027344
6.749601364135742, -23.625001907348633, 44.598697662353516, -45.2332878112793, 55.313140869140625, -29.57985496520996, -5.415552139282227, 46.337039947509766
5.346297740936279, -19.582469940185547, 41.22969055175781, -49.934635162353516, 59.096961975097656, -57.0530891418457, 79.52916717529297, -50.17198181152344
3.6519272327423096, -11.458430290222168, 27.016040802001953, -40.95486068725586, 61.407405853271484, -75.76505279541016, 105.76496124267578, -109.27911376953125
1.69536554813385, -5.694950580596924, 13.105167388916016, -15.952445030212402, 29.61065101623535, -41.879642486572266, 38.14837646484375, -55.41162109375
-3.602314974093801e-11, 1.3120701313018799, -4.087250709533691, 9.823004722595215, -15.803545951843262, 23.241024017333984, -25.205387115478516, 47.52591323852539
