13.083027839660645, -16.61254119873047, -19.217220306396484, 47.14857864379883, -12.766081809997559, -56.201595306396484, 71.38674926757812, 19.103145599365234
12.409345626831055, -24.786184310913086, -5.624809741973877, 51.36316680908203, -57.987709045410156, -24.386367797851562, 122.56777954101562, -65.76517486572266
11.675745964050293, -24.47745704650879, 9.44970417022705, 42.62838363647461, -87.45277404785156, 44.17750549316406, 54.33482360839844, -154.8223876953125
11.375986099243164, -28.889320373535156, 27.3950252532959, 15.23742389678955, -57.348907470703125, 83.94886779785156, -50.767921447753906, -36.38102722167969
9.259645462036133, -25.529733657836914, 33.398162841796875, -14.006882667541504, -28.476207733154297, 91.32755279541016, -121.17919921875, 79.34930419921875
8.101409912109375, -25.20281982421875, 35.857994079589844, -32.504119873046875, 12.14876651763916, 27.93967628479004, -62.48530197143555, 115.59770965576172
7.014186382293701, -25.28268814086914, 40.59579849243164, -54.65240478515625, 61.780029296875, -28.20195960998535, -7.153004169464111, 65.07987976074219
5.128482341766357, -17.045568466186523, 33.428409576416016, -46.776309967041016, 58.95750427246094, -89.73947143554688, 68.5827865600586, -60.41515350341797
3.448112726211548, -11.506986618041992, 24.276281356811523, -38.45935821533203, 52.82508850097656, -91.72481536865234, 131.63327026367188, -104.86629486083984
1.7497862577438354, -5.5320963859558105, 10.909226417541504, -16.345491409301758, 28.408771514892578, -35.67545700073242, 52.26168441772461, -75.57274627685547
-2.5295765482269417e-11, 1.302324652671814, -4.041700839996338, 7.5156426429748535, -12.335129737854004, 16.234230041503906, -33.444374084472656, 37.467857360839844
-1.8599985837936401, 7.95708703994751, -18.72480010986328, 32.02348327636719, -47.80868148803711, 76.70336151123047, -116.00636291503906, 131.86935424804688
-3.658766031265259, 15.444231033325195, -30.167457580566406, 51.767913818359375, -82.01348114013672, 103.0805435180664, -100.62308502197266, 75.79560089111328
-5.284955024719238, 21.40691566467285, -44.81836700439453, 56.38612365722656, -53.590965270996094, 57.51795959472656, -18.27013397216797, -34.18669128417969
-6.739840030670166, 25.234655380249023, -37.47551727294922, 46.736473083496094, -24.0976505279541, -13.571660041809082, 65.16873931884766, -101.00328826904297
-8.674156188964844, 26.62249183654785, -40.55192184448242, 22.5015811920166, 15.828221321105957, -55.97840881347656, 75.16355895996094, -122.63330841064453
-9.931706428527832, 29.515031814575195, -26.654008865356445, -1.1099441051483154, 43.00984191894531, -103.99507141113281, 62.79530715942383, 8.207834243774414
-10.681492805480957, 25.260231018066406, -14.5264310836792, -32.03102493286133, 87.30198669433594, -47.123573303222656, -22.597387313842773, 77.69074249267578
-11.367908477783203, 23.002981185913086, -1.0552741289138794, -40.28680419921875, 59.3172721862793, -0.10051131993532181, -103.40350341796875, 77.43729400634766
-12.469255447387695, 19.156042098999023, 14.883811950683594, -51.7318000793457, 36.34074401855469, 47.95800018310547, -72.92379760742188, 4.102779388427734
-13.909244537353516, 14.826813697814941, 29.697620391845703, -48.62226486206055, -11.771504402160645, 108.12732696533203, -41.39925003051758, -119.7391357421875
-14.495746612548828, 8.559503555297852, 36.92125701904297, -30.080615997314453, -52.44666290283203, 57.34894561767578, 46.07794189453125, -99.36045837402344
-14.4764986038208, 2.1053621768951416, 46.23041534423828, -6.128553867340088, -53.0230827331543, 11.344744682312012, 128.66830444335938, -22.300838470458984
-13.427115440368652, -4.6423726081848145, 37.37670135498047, 19.810760498046875, -52.82331848144531, -64.70796203613281, 96.62459564208984, 89.46208953857422
-14.190166473388672, -10.542561531066895, 35.30641555786133, 53.24505615234375, -29.838973999023438, -99.78266906738281, -4.364068508148193, 136.7723388671875
-13.078675270080566, -18.21312141418457, 22.2808895111084, 45.62644577026367, 13.359772682189941, -70.01397705078125, -57.3162727355957, 41.841129302978516
-12.863021850585938, -24.309228897094727, 6.393729209899902, 44.72125244140625, 63.22965621948242, -22.755176544189453, -116.84756469726562, -90.34001922607422
-11.55036449432373, -24.001657485961914, -8.234855651855469, 36.31203079223633, 58.306392669677734, 48.10181427001953, -52.85789108276367, -133.33811950683594
-10.457368850708008, -27.228981018066406, -22.415143966674805, 11.06208324432373, 62.09880828857422, 90.64820861816406, 42.85619354248047, -28.8016300201416
-9.371334075927734, -28.809673309326172, -34.59812545776367, -12.712709426879883, 34.55865478515625, 54.00778579711914, 122.90321350097656, 83.22824096679688
-8.011524200439453, -29.061872482299805, -35.443294525146484, -35.25414276123047, -16.425643920898438, 40.494667053222656, 55.28820037841797, 76.6941146850586
-6.8421311378479, -24.198455810546875, -46.789100646972656, -50.16364288330078, -57.19978713989258, -24.91602897644043, 4.953578472137451, 40.650211334228516
-5.224780082702637, -17.938129425048828, -38.41838073730469, -63.89970779418945, -86.26220703125, -72.25210571289062, -77.78373718261719, -36.42121124267578
-3.6895577907562256, -12.2443208694458, -22.98843002319336, -34.85362243652344, -47.41264724731445, -68.67097473144531, -68.81829071044922, -95.07652282714844
-1.848089575767517, -5.6756272315979, -9.888693809509277, -17.901378631591797, -25.055213928222656, -48.98920440673828, -57.50628662109375, -63.49644470214844
2.3740228533020158e-11, 1.3568106889724731, 4.17252254486084, 8.124330520629883, 17.050554275512695, 26.822235107421875, 22.548463821411133, 32.319454193115234
1.812440037727356, 8.273515701293945, 19.066774368286133, 40.332210540771484, 49.2338981628418, 66.4588394165039, 95.4466323852539, 117.57147216796875
3.6731739044189453, 15.08862590789795, 33.0341796875, 47.822940826416016, 85.3818130493164, 67.12173461914062, 87.46465301513672, 75.36663055419922
4.964968204498291, 19.066898345947266, 40.48799514770508, 50.243465423583984, 65.3190689086914, 49.016475677490234, 16.202880859375, -17.523361206054688
6.76352071762085, 23.46371841430664, 45.441123962402344, 43.97560119628906, 28.844650268554688, -10.564667701721191, -66.34269714355469, -123.37065887451172
7.903353214263916, 24.94679069519043, 44.58647918701172, 23.92719841003418, -15.38734245300293, -78.3912582397461, -77.3342056274414, -91.33674621582031
9.63194751739502, 26.22145652770996, 25.531314849853516, -1.3030030727386475, -59.596614837646484, -71.10993194580078, -66.53697967529297, 10.296480178833008
11.290493965148926, 30.111352920532227, 14.298497200012207, -27.419267654418945, -59.342838287353516, -59.457427978515625, 18.071687698364258, 129.75067138671875
11.552311897277832, 25.913347244262695, 1.203571081161499, -43.17817306518555, -64.42030334472656, -0.09990930557250977, 94.9664077758789, 126.23982238769531
13.344782829284668, 21.87208366394043, -16.21430206298828, -59.214637756347656, -26.744365692138672, 56.054325103759766, 94.74909973144531, 3.60541033744812
13.477036476135254, 16.795095443725586, -24.516563415527344, -52.24235534667969, 11.915120124816895, 97.0819320678711, 41.62551498413086, -86.8214340209961
13.351813316345215, 9.252781867980957, -33.044551849365234, -33.821834564208984, 62.80281448364258, 60.22617721557617, -67.0050277709961, -63.359256744384766
13.602874755859375, 2.1982901096343994, -38.68230056762695, -6.686439037322998, 81.46888732910156, 8.938411712646484, -79.10845184326172, -18.6852970123291
14.496794700622559, -5.1199870109558105, -37.09245300292969, 25.45503044128418, 63.57143783569336, -54.70541763305664, -57.109310150146484, 66.5113525390625
14.069941520690918, -11.948891639709473, -29.94223976135254, 44.3423957824707, 32.64714431762695, -82.59996795654297, 3.6970067024230957, 73.1679458618164
13.683332443237305, -16.227968215942383, -23.882524490356445, 47.01089859008789, -13.053189277648926, -65.8578872680664, 66.27890014648438, 36.94768524169922
13.182509422302246, -21.910640716552734, -6.11956262588501, 55.90624237060547, -41.28999710083008, -23.81281852722168, 96.92296600341797, -68.2369155883789
12.217594146728516, -25.496950149536133, 10.830055236816406, 38.65608596801758, -68.09284210205078, 41.09440231323242, 34.942020416259766, -107.7051773071289
11.033458709716797, -28.460838317871094, 22.472095489501953, 12.523672103881836, -75.32705688476562, 66.25102233886719, -38.39441680908203, -58.9589958190918
9.73030948638916, -28.054426193237305, 38.10483169555664, -16.15052604675293, -34.408695220947266, 95.67742156982422, -100.01227569580078, 87.0608139038086
8.678441047668457, -24.3282413482666, 40.856407165527344, -32.86350631713867, 12.419577598571777, 28.47102928161621, -56.06648254394531, 73.41178894042969
6.924389839172363, -24.968271255493164, 43.68907165527344, -44.1052131652832, 61.0970344543457, -34.3266716003418, -10.184460639953613, 59.753173828125
5.044845104217529, -18.603649139404297, 37.340946197509766, -44.42527389526367, 81.6278305053711, -59.85392379760742, 85.357666015625, -67.80378723144531
3.5581905841827393, -12.205031394958496, 24.587387084960938, -45.995033264160156, 57.58272933959961, -94.81414031982422, 77.70641326904297, -148.14892578125
1.8463621139526367, -6.205552577972412, 10.789324760437012, -18.555219650268555, 26.400705337524414, -37.8675537109375, 40.81156921386719, -67.65631866455078
-2.4674871521024322e-11, 1.4212713241577148, -4.1557183265686035, 7.104001522064209, -12.862340927124023, 20.022096633911133, -19.875633239746094, 26.331462860107422
-1.7539951801300049, 9.043147087097168, -20.327430725097656, 36.65996551513672, -42.85078811645508, 89.10257720947266, -90.2260513305664, 94.95085144042969
-3.4145636558532715, 15.723017692565918, -36.76139831542969, 56.99093246459961, -57.72798156738281, 64.0850830078125, -105.59243774414062, 83.97069549560547
-5.37670373916626, 20.05988311767578, -38.89542770385742, 61.717777252197266, -75.86698150634766, 36.55202865600586, -25.642921447753906, -19.45937156677246
-6.849689960479736, 22.86199951171875, -40.24415588378906, 48.356964111328125, -30.271371841430664, -13.302529335021973, 69.41505432128906, -95.59832000732422
-8.440096855163574, 26.990604400634766, -42.02832794189453, 27.955411911010742, 12.683877944946289, -48.99758529663086, 73.35855865478516, -112.13172912597656
-9.741409301757812, 27.635112762451172, -27.368507385253906, -1.5733404159545898, 47.43858337402344, -67.7035903930664, 76.31625366210938, 9.14780044555664
-11.111564636230469, 27.469558715820312, -17.419939041137695, -33.31228256225586, 87.02629089355469, -44.781288146972656, -11.501620292663574, 85.35953521728516
-11.78128433227539, 25.952524185180664, -1.0173174142837524, -50.054161071777344, 58.80430603027344, -0.09502379596233368, -111.36489868164062, 80.24732971191406
-12.4268217086792, 20.173316955566406, 13.724825859069824, -47.28505325317383, 35.387020111083984, 46.6407470703125, -70.6982650756836, 3.9962663650512695
-13.451104164123535, 14.313159942626953, 32.15066909790039, -45.59815979003906, -17.034526824951172, 69.55259704589844, -24.27315330505371, -57.97826385498047
-14.422994613647461, 8.726312637329102, 38.82438659667969, -31.487512588500977, -61.90464782714844, 84.23748779296875, 40.02661895751953, -109.37663269042969
-14.218389511108398, 2.189617872238159, 41.23210906982422, -6.7686004638671875, -74.29381561279297, 9.573200225830078, 120.36348724365234, -11.33340072631836
-13.60789680480957, -4.938136100769043, 41.989967346191406, 22.935565948486328, -61.441558837890625, -45.514259338378906, 95.15067291259766, 58.1341667175293
-13.260644912719727, -10.78642463684082, 29.71532440185547, 39.427101135253906, -29.625703811645508, -98.97805786132812, -5.048782825469971, 73.2164535522461
-13.495023727416992, -19.512866973876953, 22.571014404296875, 45.566184997558594, 16.640554428100586, -73.9070053100586, -94.3512954711914, 42.52193069458008
-13.286422729492188, -22.946313858032227, 7.06976318359375, 56.5490608215332, 50.484867095947266, -24.836284637451172, -110.73404693603516, -60.69424819946289
-12.153177261352539, -28.412601470947266, -10.009969711303711, 33.25217819213867, 75.170654296875, 51.09735107421875, -53.69823455810547, -154.2277069091797
-10.715803146362305, -25.65508270263672, -27.17714500427246, 11.943652153015137, 59.28827667236328, 96.2194595336914, 27.355051040649414, -30.246185302734375
-10.086048126220703, -27.797603607177734, -36.15570831298828, -14.315336227416992, 30.69597625732422, 66.04136657714844, 84.5718994140625, 67.19682312011719
-8.03094482421875, -28.36615562438965, -43.32978820800781, -46.34006118774414, -13.436409950256348, 32.3822135925293, 107.31957244873047, 130.10569763183594
-7.058786869049072, -23.24444580078125, -47.97573471069336, -61.91327667236328, -50.2911262512207, -38.805442810058594, 6.576868534088135, 76.60181427001953
-5.298704624176025, -17.735355377197266, -41.387874603271484, -53.98538589477539, -80.3774642944336, -91.37054443359375, -66.66117858886719, -68.30584716796875
-3.4816036224365234, -12.698576927185059, -27.054332733154297, -47.84812927246094, -55.317630767822266, -102.23434448242188, -83.28678894042969, -68.98596954345703
-1.7870023250579834, -5.985849857330322, -13.176031112670898, -16.462493896484375, -26.10780143737793, -35.36492156982422, -60.0555419921875, -60.63086700439453
2.3492935027902284e-11, 1.4596220254898071, 4.239968299865723, 8.637123107910156, 13.650993347167969, 18.69022560119629, 37.41637420654297, 44.28148651123047
1.831241250038147, 8.627572059631348, 19.05595588684082, 37.22357940673828, 60.55580139160156, 90.33868408203125, 120.92620086669922, 107.52952575683594
3.6698813438415527, 15.179369926452637, 28.474504470825195, 50.05194854736328, 75.37210845947266, 61.55633544921875, 61.73936462402344, 51.64383316040039
5.005548000335693, 19.277326583862305, 40.167964935302734, 51.09446334838867, 67.13615417480469, 47.554019927978516, 20.59122085571289, -29.5949649810791
6.827959060668945, 23.012855529785156, 44.20268249511719, 50.49931716918945, 29.277925491333008, -10.267265319824219, -58.9300422668457, -129.8406219482422
8.025023460388184, 26.756500244140625, 41.208492279052734, 28.23857307434082, -13.332403182983398, -65.2013931274414, -94.9494857788086, -71.22093200683594
9.66351318359375, 30.454336166381836, 29.791706085205078, -1.5801022052764893, -39.518585205078125, -60.94688034057617, -70.2808837890625, 12.64804458618164
10.555805206298828, 26.139328002929688, 18.169631958007812, -28.92710304260254, -85.04751586914062, -47.002410888671875, 11.73043441772461, 63.9572868347168
11.549681663513184, 22.788238525390625, 0.9341789484024048, -57.18380355834961, -67.82948303222656, -0.10827523469924927, 112.89108276367188, 117.16248321533203
12.443387985229492, 20.53996467590332, -14.001993179321289, -53.618595123291016, -22.108293533325195, 73.19673156738281, 81.26165771484375, 4.038789749145508
13.278509140014648, 15.360837936401367, -26.452322006225586, -60.08305740356445, 13.394551277160645, 68.09358215332031, 39.604000091552734, -105.35132598876953
13.616501808166504, 9.879597663879395, -38.723506927490234, -27.370529174804688, 54.53669738769531, 62.65270233154297, -51.37852096557617, -62.43064880371094
14.49760627746582, 2.074916124343872, -39.6982536315918, -5.740260124206543, 59.48968505859375, 8.240209579467773, -80.78182983398438, -12.93852710723877
13.717658042907715, -4.615878105163574, -38.503173828125, 20.35773277282715, 59.044837951660156, -47.94581604003906, -83.59491729736328, 94.524169921875
13.686134338378906, -11.863628387451172, -34.73468780517578, 52.63021469116211, 36.03608322143555, -100.986328125, 5.698905944824219, 77.62859344482422
12.929810523986816, -17.322185516357422, -20.532367706298828, 60.63929748535156, -10.57018756866455, -74.49507141113281, 77.77518463134766, 40.868736267089844
12.973011016845703, -24.84002685546875, -5.861458778381348, 63.08219909667969, -45.493316650390625, -22.809417724609375, 125.50790405273438, -90.62410736083984
12.350113868713379, -24.73042869567871, 9.353226661682129, 30.524429321289062, -78.98416137695312, 28.6030330657959, 37.28541564941406, -126.72217559814453
11.157469749450684, -28.865541458129883, 20.60896110534668, 13.813093185424805, -57.9039421081543, 89.96533203125, -47.04233169555664, -45.34143829345703
9.843996047973633, -28.68525505065918, 31.11132049560547, -12.754668235778809, -22.986696243286133, 93.75233459472656, -101.04241180419922, 63.54180908203125
8.368426322937012, -24.89533805847168, 35.892547607421875, -44.24528884887695, 13.193487167358398, 38.21269989013672, -88.96260833740234, 155.8634033203125
6.638967990875244, -24.2005615234375, 36.83915328979492, -60.9413948059082, 52.22171401977539, -32.5077018737793, -5.156709671020508, 41.39461898803711
5.088918685913086, -18.755657196044922, 36.995548248291016, -53.5774040222168, 87.09835052490234, -80.9842758178711, 93.0283203125, -70.86720275878906
3.3653087615966797, -13.43845272064209, 27.00149154663086, -49.72016143798828, 67.54754638671875, -77.9532241821289, 125.82198333740234, -85.76184844970703
1.733614206314087, -6.17022180557251, 11.956894874572754, -21.85630989074707, 29.07621955871582, -46.96601104736328, 68.01020812988281, -87.05020141601562
-2.4959199637630824e-11, 1.4814079999923706, -4.196252346038818, 8.176996231079102, -13.917183876037598, 24.314960479736328, -28.617605209350586, 43.6522331237793
-1.7613039016723633, 8.115560531616211, -19.760236740112305, 40.77315139770508, -63.351497650146484, 64.3224868774414, -94.14501953125, 112.805908203125
-3.3507232666015625, 14.693480491638184, -31.230148315429688, 59.22378921508789, -65.70854187011719, 86.83751678466797, -65.93355560302734, 64.69750213623047
-5.15530252456665, 19.568897247314453, -34.93117904663086, 47.19123077392578, -70.09965515136719, 50.11427307128906, -13.925976753234863, -34.557159423828125
-6.618056297302246, 23.530290603637695, -46.496341705322266, 50.02534484863281, -31.333175659179688, -8.719932556152344, 60.908409118652344, -116.38431549072266
-8.358602523803711, 25.202463150024414, -40.189449310302734, 29.671533584594727, 13.018906593322754, -46.04472351074219, 105.19207000732422, -73.95933532714844
-10.147254943847656, 29.4449462890625, -28.89804458618164, -1.3792506456375122, 46.73707962036133, -60.01616668701172, 72.046875, 8.322772026062012
-11.364747047424316, 29.784542083740234, -16.192665100097656, -32.56319808959961, 74.62948608398438, -51.848419189453125, -14.246648788452148, 106.93954467773438
-12.461554527282715, 22.551456451416016, -0.9798896908760071, -52.81258773803711, 60.90837097167969, -0.12255067378282547, -86.50140380859375, 83.69457244873047
-12.183680534362793, 21.81032371520996, 12.445816040039062, -49.90143966674805, 26.83810043334961, 54.68983459472656, -97.41716766357422, 3.6480278968811035
-13.181800842285156, 15.299090385437012, 29.25987434387207, -46.951290130615234, -13.464996337890625, 103.67212677001953, -39.089962005615234, -74.86587524414062
-13.814263343811035, 8.306375503540039, 33.421302795410156, -33.43630599975586, -62.41917037963867, 48.3423957824707, 38.63021469116211, -106.27750396728516
-13.5560302734375, 2.1650431156158447, 44.856651306152344, -5.599256992340088, -67.3271713256836, 7.825807571411133, 121.02230834960938, -12.294193267822266
-14.411859512329102, -4.847109317779541, 41.021446228027344, 24.536775588989258, -66.69806671142578, -59.38224411010742, 50.56935501098633, 54.54285430908203
-13.592262268066406, -11.227360725402832, 37.01983642578125, 47.64262771606445, -22.778303146362305, -83.39832305908203, -5.651242256164551, 77.77485656738281
-13.91719913482666, -19.139373779296875, 21.921628952026367, 53.660640716552734, 12.373712539672852, -64.59130096435547, -63.062442779541016, 36.149166107177734
-12.568304061889648, -20.662919998168945, 7.34641170501709, 45.08110427856445, 55.01432800292969, -17.753719329833984, -90.74211883544922, -73.63006591796875
-12.527868270874023, -25.137714385986328, -9.476360321044922, 31.067384719848633, 84.9107437133789, 40.2612190246582, -40.72450637817383, -82.92838287353516
-10.79544734954834, -28.443105697631836, -26.404680252075195, 13.816237449645996, 60.82764434814453, 98.8514633178711, 52.151580810546875, -36.8109130859375
-9.521733283996582, -25.92938995361328, -34.09546661376953, -15.484771728515625, 36.56471252441406, 97.41802215576172, 108.49044799804688, 46.60871124267578
-8.52022647857666, -27.85854148864746, -47.09690856933594, -43.07264709472656, -13.750007629394531, 39.79440689086914, 81.85540771484375, 88.97114562988281
-7.08732795715332, -22.363433837890625, -39.62948226928711, -57.37671661376953, -39.17916488647461, -27.653690338134766, 6.708393096923828, 72.63640594482422
-5.351009368896484, -19.363239288330078, -31.29696273803711, -57.791526794433594, -72.91880798339844, -69.85885620117188, -93.56156921386719, -52.54121780395508
-3.3959591388702393, -13.591339111328125, -23.71105194091797, -40.6777229309082, -60.21280288696289, -74.2345199584961, -80.71857452392578, -109.13639068603516
-1.8275941610336304, -5.903770923614502, -13.082350730895996, -21.27490234375, -32.663394927978516, -52.44176483154297, -42.28392791748047, -82.70596313476562
2.57305669826291e-11, 1.490877389907837, 4.146007537841797, 8.918922424316406, 12.82706356048584, 16.861186981201172, 22.444272994995117, 49.66421890258789
1.8472787141799927, 8.75921630859375, 17.890789031982422, 37.737579345703125, 54.32067108154297, 86.4572982788086, 101.26007843017578, 125.54322814941406
3.357349395751953, 15.922028541564941, 31.403078079223633, 59.99772262573242, 86.55728912353516, 78.48818969726562, 77.83749389648438, 94.00702667236328
5.329349517822266, 18.57429313659668, 40.458778381347656, 57.45916748046875, 59.27794647216797, 48.320369720458984, 23.4762020111084, -34.9117317199707
6.565603733062744, 22.32513999938965, 39.162296295166016, 38.6813850402832, 33.8282585144043, -9.800585746765137, -77.76142883300781, -92.6351318359375
8.524003982543945, 26.442569732666016, 34.345916748046875, 21.615036010742188, -14.268404960632324, -81.31928253173828, -119.25506591796875, -108.21424102783203
9.704614639282227, 29.281408309936523, 27.164196014404297, -1.4655870199203491, -39.42843246459961, -90.8959732055664, -80.4856948852539, 8.700182914733887
10.5404691696167, 26.083683013916016, 17.145368576049805, -30.931703567504883, -84.09495544433594, -72.62420654296875, 22.973464965820312, 140.83905029296875
11.668356895446777, 27.015470504760742, 0.9940100908279419, -44.94879150390625, -65.19749450683594, -0.13102421164512634, 89.49254608154297, 97.77755737304688
13.338808059692383, 19.4575138092041, -13.011327743530273, -48.778282165527344, -31.934165954589844, 68.07256317138672, 115.60415649414062, 2.963744640350342
13.569432258605957, 14.87603759765625, -31.29465675354004, -50.830474853515625, 13.463229179382324, 69.75558471679688, 34.63664627075195, -84.20941925048828
13.541112899780273, 8.475804328918457, -37.94646072387695, -27.06285285949707, 63.640010833740234, 82.17627716064453, -60.720985412597656, -123.58087158203125
13.872913360595703, 2.288729429244995, -48.47236251831055, -5.120382785797119, 61.78500747680664, 12.418353080749512, -106.31156921386719, -22.339086532592773
13.928037643432617, -4.521894931793213, -40.532466888427734, 19.273466110229492, 49.31446075439453, -59.57771301269531, -79.85005950927734, 93.16659545898438
13.824430465698242, -11.198287010192871, -30.027568817138672, 42.02695083618164, 26.664804458618164, -101.92047882080078, 4.460267066955566, 129.12049865722656
13.511924743652344, -17.672014236450195, -23.920499801635742, 51.34746170043945, -14.563036918640137, -57.90110397338867, 92.7633285522461, 20.5677490234375
12.489785194396973, -22.84986114501953, -6.652412414550781, 42.993064880371094, -40.70270538330078, -15.028400421142578, 116.62934875488281, -83.50150299072266
11.876867294311523, -26.11935043334961, 8.298458099365234, 41.96882247924805, -75.66854858398438, 44.6692008972168, 41.5264892578125, -102.97196960449219
10.699028968811035, -26.685585021972656, 24.63672637939453, 13.119743347167969, -74.58831787109375, 74.04155731201172, -26.900243759155273, -43.14716339111328
10.13525104522705, -30.633371353149414, 32.185176849365234, -14.811746597290039, -34.71961975097656, 69.65909576416016, -117.17011260986328, 65.1498031616211
8.406270027160645, -25.826250076293945, 35.668212890625, -41.32498550415039, 12.084686279296875, 31.875093460083008, -82.41090393066406, 128.4376983642578
6.808787822723389, -24.726850509643555, 39.629180908203125, -64.28500366210938, 59.13454818725586, -30.073688507080078, -5.142208099365234, 72.02494812011719
5.460699081420898, -17.5653018951416, 37.65398406982422, -50.68360900878906, 60.57931137084961, -79.3669204711914, 90.89193725585938, -64.96714782714844
3.5403268337249756, -13.381186485290527, 29.120033264160156, -49.419673919677734, 55.42106628417969, -60.86806106567383, 103.35185241699219, -89.34185028076172
1.797548770904541, -5.320223331451416, 10.966442108154297, -17.923057556152344, 26.55252456665039, -41.69453048706055, 63.379737854003906, -76.99005889892578
-2.5385272009459392e-11, 1.4614940881729126, -3.7802977561950684, 7.811500072479248, -11.810893058776855, 22.786001205444336, -37.22362518310547, 30.55671501159668
-1.8317289352416992, 9.149813652038574, -17.88799285888672, 37.6673583984375, -45.87966537475586, 57.23471450805664, -87.14034271240234, 148.557861328125
-3.420353889465332, 14.865055084228516, -30.9437198638916, 50.90032958984375, -56.199947357177734, 68.714599609375, -90.02684783935547, 91.75593566894531
-5.4577460289001465, 19.981582641601562, -42.111473083496094, 55.466617584228516, -62.9736328125, 37.49174499511719, -17.08955192565918, -22.280248641967773
-6.768322467803955, 24.901212692260742, -42.20838165283203, 40.58931350708008, -33.599327087402344, -12.90485954284668, 73.8017578125, -136.73046875
-7.9556355476379395, 25.008888244628906, -35.711944580078125, 23.270336151123047, 16.690807342529297, -84.17356872558594, 86.23374938964844, -101.99241638183594
-9.513632774353027, 26.122102737426758, -32.603431701660156, -1.4677510261535645, 56.193607330322266, -75.0906982421875, 51.70247268676758, 11.082489013671875
-11.203984260559082, 29.200084686279297, -15.313591003417969, -29.206207275390625, 82.0183334350586, -64.12648010253906, -11.659184455871582, 100.19747924804688
-12.506583213806152, 25.936614990234375, -1.0564558506011963, -52.0589485168457, 49.79850769042969, -0.14136776328086853, -85.73219299316406, 123.00914001464844
-12.158103942871094, 21.3433780670166, 16.718368530273438, -59.84068298339844, 35.87948989868164, 54.822383880615234, -87.10396575927734, 3.726189374923706
-13.923185348510742, 16.492633819580078, 28.91102409362793, -59.57341384887695, -11.419904708862305, 90.43043518066406, -26.658145904541016, -105.52862548828125
-14.292340278625488, 9.25556755065918, 33.47822952270508, -36.26520919799805, -54.88776779174805, 82.56171417236328, 68.79979705810547, -113.7306137084961
-13.778146743774414, 2.043072462081909, 46.93851089477539, -4.808914661407471, -69.25173950195312, 13.947038650512695, 94.9999008178711, -19.363712310791016
-14.08056354522705, -5.252617835998535, 35.46528625488281, 23.818649291992188, -51.91568374633789, -57.297447204589844, 79.8233413696289, 93.35124206542969
-13.48376178741455, -12.829264640808105, 35.41322708129883, 50.48100280761719, -27.04026222229004, -80.7464370727539, -3.326493740081787, 82.89344787597656
-13.459144592285156, -17.486682891845703, 18.818424224853516, 63.17506408691406, 16.152156829833984, -62.43084716796875, -104.73921966552734, 28.33346176147461
-12.413735389709473, -21.07373046875, 6.299726486206055, 63.088096618652344, 50.387149810791016, -18.310731887817383, -63.337738037109375, -59.75169372558594
-12.080130577087402, -25.366308212280273, -9.435341835021973, 36.05281448364258, 64.72538757324219, 45.44153594970703, -58.54095458984375, -131.20315551757812
-11.14547061920166, -25.28769302368164, -23.798782348632812, 10.242171287536621, 53.19862747192383, 91.42646026611328, 36.64999771118164, -53.483036041259766
-9.812051773071289, -26.115549087524414, -35.43629837036133, -12.817954063415527, 27.76729393005371, 90.80867767333984, 65.8261489868164, 40.645721435546875
-8.300450325012207, -24.005754470825195, -36.12680435180664, -35.47655487060547, -13.335399627685547, 24.29825782775879, 80.67874908447266, 145.22409057617188
-6.578049659729004, -24.844951629638672, -47.0963020324707, -45.34757995605469, -58.972774505615234, -30.2161808013916, 8.344270706176758, 51.242942810058594
-5.401723861694336, -17.058948516845703, -37.44723129272461, -65.89867401123047, -68.544189453125, -69.90673065185547, -62.699363708496094, -51.619407653808594
-3.5271124839782715, -12.314704895019531, -25.069908142089844, -43.8580207824707, -69.48988342285156, -59.634788513183594, -123.94683074951172, -113.26637268066406
-1.850034236907959, -5.532793045043945, -12.72647476196289, -19.12593650817871, -27.893402099609375, -37.89674758911133, -66.57735443115234, -65.14080047607422
2.42406650308169e-11, 1.3671042919158936, 4.522182464599609, 7.679316520690918, 13.383944511413574, 24.142290115356445, 28.483734130859375, 46.54238510131836
1.8243591785430908, 8.645573616027832, 20.077577590942383, 32.92993927001953, 48.32427215576172, 71.99647521972656, 98.12715148925781, 147.5457763671875
3.436396837234497, 14.345683097839355, 36.14007568359375, 44.00214385986328, 82.92892456054688, 105.7516098022461, 60.60362243652344, 53.34306335449219
5.186370849609375, 21.746816635131836, 41.29427719116211, 51.81208801269531, 76.4082260131836, 48.067237854003906, 14.720277786254883, -24.960847854614258
6.893796920776367, 26.833242416381836, 45.5016975402832, 44.161136627197266, 25.10515594482422, -9.490086555480957, -62.14756774902344, -79.2477798461914
8.639200210571289, 26.84091567993164, 34.14175033569336, 29.154003143310547, -17.057130813598633, -82.49420166015625, -92.56037139892578, -55.5688362121582
9.434246063232422, 30.382850646972656, 32.01582336425781, -1.6280308961868286, -51.74446105957031, -88.32003784179688, -62.14886474609375, 7.436793804168701
10.377420425415039, 27.084510803222656, 16.294158935546875, -25.6861629486084, -80.57124328613281, -41.081207275390625, 11.812381744384766, 99.24967956542969
11.847774505615234, 26.91878318786621, 0.9424034357070923, -42.33895492553711, -67.76980590820312, -0.07889124006032944, 71.43424224853516, 97.57461547851562
13.37732219696045, 21.704694747924805, -15.526440620422363, -59.31462097167969, -35.096588134765625, 45.02482223510742, 95.9073257446289, 3.040595293045044
13.784042358398438, 14.397326469421387, -24.340190887451172, -57.588436126708984, 13.638245582580566, 77.39045715332031, 26.84261703491211, -89.21734619140625
13.592392921447754, 9.381254196166992, -39.51688003540039, -28.0111141204834, 45.06172180175781, 63.84918975830078, -54.750545501708984, -87.05614471435547
14.642895698547363, 2.2239890098571777, -38.0090217590332, -6.321859836578369, 61.15428924560547, 8.637957572937012, -130.31866455078125, -20.14251136779785
14.409430503845215, -5.0229339599609375, -39.437744140625, 18.293991088867188, 63.046226501464844, -44.74970626831055, -92.85384368896484, 87.22664642333984
14.558420181274414, -10.80825424194336, -35.121028900146484, 44.49543380737305, 29.476247787475586, -98.86779022216797, 4.129129409790039, 147.91854858398438
12.911930084228516, -18.09331512451172, -22.48214340209961, 45.99336242675781, -16.62535285949707, -77.91223907470703, 79.81830596923828, 34.9708366394043
13.114232063293457, -23.93796730041504, -5.902789115905762, 50.62741470336914, -41.697269439697266, -26.083477020263672, 84.82232666015625, -57.39731216430664
11.399521827697754, -25.196901321411133, 9.130894660949707, 36.84613037109375, -84.03253173828125, 42.90884017944336, 28.43728256225586, -131.4258575439453
11.089282035827637, -27.828622817993164, 24.979673385620117, 14.703042984008789, -70.35954284667969, 76.6583480834961, -51.005775451660156, -36.56277847290039
9.976248741149902, -29.958343505859375, 30.92426872253418, -14.748963356018066, -24.84222984313965, 69.19436645507812, -123.67204284667969, 69.02559661865234
8.248844146728516, -25.452211380004883, 41.85332489013672, -45.03068923950195, 12.817177772521973, 24.873085021972656, -106.4500961303711, 103.40774536132812
6.768447399139404, -21.880577087402344, 43.56023406982422, -46.24189758300781, 40.055641174316406, -39.29136657714844, -7.224948883056641, 46.32339859008789
5.2739996910095215, -19.748720169067383, 35.48232650756836, -56.30160140991211, 67.77173614501953, -84.75423431396484, 70.76202392578125, -39.968345642089844
3.451951503753662, -12.802677154541016, 25.059934616088867, -47.63043975830078, 67.55652618408203, -79.46440887451172, 110.61453247070312, -133.55609130859375
1.7772639989852905, -5.103972434997559, 12.806483268737793, -18.591249465942383, 24.148923873901367, -38.51051330566406, 67.17161560058594, -73.50856018066406
-2.4294731157392668e-11, 1.5136921405792236, -4.84277868270874, 9.788744926452637, -11.055997848510742, 21.44304656982422, -37.3229866027832, 29.155773162841797
-1.8425991535186768, 8.600522994995117, -17.927534103393555, 33.04670333862305, -42.19425964355469, 86.30685424804688, -99.31083679199219, 85.46532440185547
-3.3492960929870605, 15.854066848754883, -30.63443374633789, 54.67874526977539, -55.051475524902344, 87.70978546142578, -69.6389389038086, 81.07913208007812
-5.113437652587891, 20.188379287719727, -44.63848114013672, 53.12885284423828, -68.53694152832031, 44.20878601074219, -15.240679740905762, -32.56834411621094
-7.098567485809326, 23.096073150634766, -46.59922790527344, 45.91982650756836, -32.337196350097656, -11.97266674041748, 51.83383560180664, -66.38685607910156
-7.967280864715576, 28.02193260192871, -34.86295700073242, 23.11142921447754, 15.017935752868652, -63.33325958251953, 98.36235046386719, -105.86962127685547
-9.219651222229004, 27.07270622253418, -31.184720993041992, -1.566330075263977, 44.399375915527344, -70.69189453125, 67.46483612060547, 7.933439254760742
-10.656031608581543, 28.643699645996094, -16.006500244140625, -33.962501525878906, 56.87036895751953, -56.66523742675781, -12.189384460449219, 91.75169372558594
-12.093793869018555, 25.355161666870117, -1.0074595212936401, -39.810890197753906, 63.18760681152344, -0.11766785383224487, -79.82063293457031, 117.92353820800781
-13.413735389709473, 22.46771812438965, 15.291099548339844, -59.47072219848633, 36.195655822753906, 45.35397720336914, -65.01272583007812, 3.6955559253692627
-13.665773391723633, 14.814250946044922, 25.199026107788086, -44.902618408203125, -13.289793968200684, 65.60029602050781, -40.15492248535156, -86.3592300415039
-14.181852340698242, 8.596352577209473, 40.32436752319336, -32.43269348144531, -55.757320404052734, 60.41545104980469, 69.56524658203125, -132.88194274902344
-14.023272514343262, 1.9897770881652832, 40.10387420654297, -4.765102386474609, -76.80972290039062, 8.928865432739258, 109.95699310302734, -23.044450759887695
-14.069668769836426, -4.683751583099365, 43.93974304199219, 26.46645164489746, -53.42548751831055, -41.287723541259766, 71.73055267333984, 102.0993881225586
-13.499303817749023, -11.750449180603027, 36.882362365722656, 46.13691711425781, -23.242795944213867, -74.75041961669922, -5.197956085205078, 123.43794250488281
-13.292525291442871, -16.31670379638672, 24.307884216308594, 52.668495178222656, 10.657146453857422, -87.7271499633789, -80.05414581298828, 33.353057861328125
-12.896530151367188, -22.280155181884766, 5.64108419418335, 55.45494079589844, 44.575435638427734, -17.402589797973633, -98.56327819824219, -91.24996948242188
-12.409363746643066, -27.18000602722168, -8.213000297546387, 35.958831787109375, 52.758548736572266, 29.13143539428711, -37.498741149902344, -102.29058074951172
-11.183228492736816, -26.01011848449707, -21.65347671508789, 14.056638717651367, 72.88594055175781, 87.9054183959961, 41.15211868286133, -31.438547134399414
-9.371227264404297, -29.66543960571289, -38.987483978271484, -17.607702255249023, 32.85651779174805, 88.17294311523438, 102.59414672851562, 68.95309448242188
-8.724438667297363, -27.251319885253906, -35.430747985839844, -42.010398864746094, -17.164793014526367, 35.54241943359375, 91.81867980957031, 104.945068359375
-6.553421974182129, -25.33587074279785, -40.365264892578125, -53.5958137512207, -39.686222076416016, -34.96564483642578, 9.671182632446289, 66.72034454345703
-5.211972236633301, -16.61211395263672, -31.176420211791992, -65.59814453125, -79.25581359863281, -97.17929077148438, -82.43630981445312, -42.00105285644531
-3.4515933990478516, -12.71189022064209, -23.090097427368164, -50.65904235839844, -47.44672775268555, -60.781700134277344, -78.11308288574219, -81.04629516601562
-1.8079204559326172, -6.066852569580078, -9.864652633666992, -16.75411033630371, -28.14327621459961, -47.11295700073242, -49.832332611083984, -52.245243072509766
2.5459079289191777e-11, 1.3380240201950073, 3.9720380306243896, 7.283425807952881, 17.362279891967773, 22.19999885559082, 34.80316162109375, 35.844078063964844
1.7246203422546387, 7.980571269989014, 17.36046600341797, 29.388891220092773, 55.615570068359375, 91.2407455444336, 90.30990600585938, 141.06671142578125
3.530064582824707, 14.532903671264648, 34.457275390625, 53.32331466674805, 59.33175277709961, 60.627140045166016, 69.36393737792969, 62.75331115722656
5.306406021118164, 19.1117000579834, 34.48894119262695, 66.64017486572266, 66.99675750732422, 56.00907897949219, 14.200640678405762, -18.653892517089844
6.555352210998535, 26.551374435424805, 40.29057693481445, 39.23825454711914, 24.889991760253906, -12.950748443603516, -79.26264190673828, -67.86597442626953
8.428194999694824, 24.82738494873047, 34.411014556884766, 22.463022232055664, -17.4658203125, -63.2772331237793, -77.04026794433594, -107.13026428222656
9.845588684082031, 25.677532196044922, 32.16878128051758, -1.4932347536087036, -61.080230712890625, -109.76522064208984, -55.36133575439453, 14.932792663574219
10.643109321594238, 29.799036026000977, 17.326452255249023, -27.34380531311035, -75.2815933227539, -60.97311019897461, 17.54371452331543, 118.18809509277344
12.453719139099121, 24.561630249023438, 1.0051054954528809, -45.14826965332031, -72.38287353515625, -0.09326589107513428, 110.61356353759766, 85.80223083496094
12.813047409057617, 21.56842803955078, -13.447509765625, -55.37864303588867, -36.36827850341797, 67.5411148071289, 82.546875, 2.6921916007995605
12.874724388122559, 16.216794967651367, -25.313570022583008, -55.68092346191406, 15.801450729370117, 108.19268798828125, 22.338069915771484, -61.44519805908203
13.438422203063965, 8.531820297241211, -39.0695915222168, -26.943376541137695, 60.65135192871094, 77.40805053710938, -55.14799118041992, -134.99034118652344
14.50140380859375, 2.0170974731445312, -38.91777420043945, -5.147236347198486, 67.34758758544922, 13.492830276489258, -72.8979263305664, -17.6525936126709
13.592362403869629, -4.866348743438721, -42.70848083496094, 26.10592269897461, 46.27903366088867, -58.44991683959961, -96.92733001708984, 109.29332733154297
13.977347373962402, -12.096477508544922, -31.93941879272461, 51.29375457763672, 30.27581214904785, -66.57110595703125, 5.195410251617432, 116.49344635009766
13.823691368103027, -17.10673713684082, -24.363615036010742, 63.73744583129883, -13.568360328674316, -61.92007064819336, 54.50973892211914, 39.4851188659668
13.283995628356934, -21.172761917114258, -5.747378826141357, 54.72064971923828, -62.59507369995117, -27.409364700317383, 123.77638244628906, -65.36274719238281
11.6340913772583, -26.993465423583984, 8.99771785736084, 37.6845588684082, -66.1077651977539, 46.457584381103516, 52.25879669189453, -117.79225158691406
11.037960052490234, -29.742097854614258, 27.320646286010742, 14.09910774230957, -68.63522338867188, 103.30651092529297, -44.49981689453125, -48.66733932495117
9.200708389282227, -26.009296417236328, 30.106107711791992, -17.03285026550293, -32.45937728881836, 80.40288543701172, -94.78145599365234, 65.09837341308594
8.337130546569824, -24.025150299072266, 36.11677551269531, -44.929100036621094, 13.774459838867188, 30.27477264404297, -55.85348129272461, 122.53483581542969
7.128816604614258, -24.799259185791016, 43.940433502197266, -56.64030838012695, 62.353092193603516, -36.71110534667969, -9.209449768066406, 40.43797302246094
5.2378973960876465, -17.3741512298584, 35.1395378112793, -44.302799224853516, 68.1768569946289, -92.0008773803711, 53.91108322143555, -44.82098388671875
3.685270071029663, -13.400192260742188, 27.073314666748047, -37.57859420776367, 62.46607971191406, -104.90013122558594, 110.7159652709961, -96.80621337890625
1.7638493776321411, -5.545381546020508, 10.524224281311035, -17.475421905517578, 35.63792419433594, -42.234439849853516, 35.3530387878418, -85.14506530761719
-2.4135537318725753e-11, 1.5410988330841064, -3.829573631286621, 10.103867530822754, -15.557547569274902, 16.511445999145508, -28.892608642578125, 24.27987289428711
-3.3761532306671143, 16.261812210083008, -36.035274505615234, 52.07624435424805, -72.308837890625, 61.08387756347656, -97.55707550048828, 72.84356689453125
-5.159350395202637, 21.164653778076172, -35.7197265625, 64.08866882324219, -52.32392120361328, 43.97394561767578, -20.270360946655273, -34.547080993652344
-6.473344802856445, 24.002117156982422, -43.58622741699219, 43.0127067565918, -25.723058700561523, -9.610299110412598, 75.76958465576172, -134.36505126953125
-8.678820610046387, 27.76858901977539, -33.54108428955078, 31.163476943969727, 12.16694450378418, -80.5434799194336, 75.24967956542969, -115.64120483398438
-9.747920036315918, 26.193099975585938, -25.973783493041992, -1.1043281555175781, 57.48894119262695, -71.12895202636719, 67.28660583496094, 12.629130363464355
-10.544258117675781, 28.077333450317383, -18.026700973510742, -29.25440216064453, 74.52082824707031, -72.43720245361328, -14.84692096710205, 77.52040100097656
-11.827814102172852, 26.374595642089844, -1.148826003074646, -43.86369705200195, 69.8120346069336, -0.08010127395391464, -61.27433776855469, 88.77284240722656
-12.55097770690918, 20.491701126098633, 15.736659049987793, -58.70673370361328, 24.784761428833008, 60.34639358520508, -96.23416137695312, 3.82177996635437
-13.7261962890625, 14.859010696411133, 31.191877365112305, -57.57228088378906, -11.142504692077637, 60.368804931640625, -23.423095703125, -74.216796875
-13.823803901672363, 9.776229858398438, 34.20680236816406, -35.660797119140625, -49.794700622558594, 53.432125091552734, 69.63552856445312, -85.37036895751953
-13.679503440856934, 2.329078197479248, 45.749332427978516, -6.788186073303223, -87.58687591552734, 8.37492561340332, 102.21435546875, -13.48806381225586
-14.588003158569336, -4.961287021636963, 43.93970489501953, 19.4415283203125, -54.964115142822266, -59.54093551635742, 93.13883209228516, 118.25141143798828
-13.580607414245605, -12.030272483825684, 30.310239791870117, 37.07762145996094, -34.876991271972656, -108.16960144042969, -4.8964457511901855, 76.4071044921875
-13.778857231140137, -15.985719680786133, 22.49005126953125, 44.93791580200195, 13.513786315917969, -65.27928924560547, -94.02763366699219, 23.594703674316406
-12.667646408081055, -22.54119110107422, 5.501443862915039, 47.427982330322266, 41.4044303894043, -14.88852310180664, -62.73001480102539, -85.6446304321289
-12.02505874633789, -28.6688289642334, -9.453508377075195, 33.52363204956055, 73.18787384033203, 51.672218322753906, -33.04573059082031, -131.954833984375
-11.338300704956055, -25.765026092529297, -24.924785614013672, 11.512809753417969, 63.89963912963867, 65.2547836303711, 54.38423156738281, -58.78664779663086
-9.728899955749512, -27.310821533203125, -39.10990524291992, -16.23855209350586, 32.52772521972656, 60.21718978881836, 105.9050064086914, 52.176265716552734
-8.472328186035156, -26.17018699645996, -45.945457458496094, -39.3145751953125, -15.411184310913086, 32.19377899169922, 95.38314056396484, 98.54429626464844
-6.993043899536133, -22.672889709472656, -42.602657318115234, -54.961669921875, -43.65248489379883, -26.941144943237305, 6.699531555175781, 39.43711853027344
-5.2138590812683105, -17.575260162353516, -40.593509674072266, -53.202457427978516, -61.38397979736328, -60.612606048583984, -83.29592895507812, -44.261566162109375
-3.4504759311676025, -12.826472282409668, -28.373620986938477, -38.85041427612305, -66.02388000488281, -73.66686248779297, -107.37940979003906, -106.52924346923828
-1.7356435060501099, -5.656449794769287, -13.022829055786133, -22.88128089904785, -33.89742660522461, -51.574092864990234, -63.689876556396484, -58.649959564208984
2.4571995480004993e-11, 1.547249436378479, 4.4268012046813965, 7.969760894775391, 15.07328987121582, 14.881327629089355, 23.18026351928711, 30.408876419067383
1.7051109075546265, 7.820204257965088, 21.806964874267578, 36.33955764770508, 64.18738555908203, 82.26258850097656, 123.33672332763672, 133.07395935058594
3.5449845790863037, 15.9262056350708, 34.49921417236328, 54.733604431152344, 71.58079528808594, 88.77745056152344, 81.92815399169922, 61.53989791870117
5.319474697113037, 19.96410369873047, 35.91603088378906, 54.270912170410156, 63.262672424316406, 37.97063064575195, 13.216473579406738, -18.188013076782227
6.953714370727539, 25.97860336303711, 38.108219146728516, 54.424835205078125, 25.49940299987793, -9.317325592041016, -46.758056640625, -111.68657684326172
8.192085266113281, 24.901185989379883, 39.02118682861328, 29.42776870727539, -11.738842010498047, -71.57267761230469, -113.54521179199219, -91.31787872314453
9.420499801635742, 26.793312072753906, 25.426450729370117, -1.5158241987228394, -61.902793884277344, -72.40079498291016, -60.23929977416992, 10.075154304504395
11.411922454833984, 27.58394432067871, 15.538311958312988, -23.47932243347168, -68.14266967773438, -75.60125732421875, 12.143235206604004, 125.38741302490234
11.575372695922852, 22.857336044311523, 1.2085554599761963, -51.12359619140625, -72.02438354492188, -0.10187789052724838, 105.24335479736328, 63.339168548583984
12.726897239685059, 22.247983932495117, -15.425375938415527, -65.46458435058594, -33.306182861328125, 70.36798095703125, 84.6529541015625, 3.307589530944824
13.20199203491211, 14.246514320373535, -24.984838485717773, -59.23893356323242, 13.09849739074707, 108.43905639648438, 35.44364929199219, -117.4482421875
13.561190605163574, 8.898198127746582, -38.649879455566406, -38.07135772705078, 40.7891960144043, 45.9085693359375, -40.30619430541992, -125.02155303955078
13.461445808410645, 2.2190399169921875, -37.07349395751953, -5.1423211097717285, 71.995361328125, 10.849617958068848, -109.25164031982422, -18.268905639648438
14.300628662109375, -5.035148620605469, -40.47623825073242, 19.78629493713379, 76.20513916015625, -40.63886260986328, -74.30519104003906, 85.76803588867188
14.173039436340332, -11.337002754211426, -37.07701873779297, 41.705833435058594, 22.713560104370117, -77.88346862792969, 4.275327205657959, 134.0582733154297
13.840726852416992, -16.891645431518555, -19.456483840942383, 58.32566452026367, -15.356419563293457, -58.67442321777344, 98.82129669189453, 30.813112258911133
13.307117462158203, -23.720226287841797, -6.586911678314209, 42.97830581665039, -45.239173889160156, -16.30086898803711, 93.2303695678711, -69.83629608154297
11.882816314697266, -26.925264358520508, 8.582551956176758, 43.701171875, -74.38397979736328, 47.714111328125, 41.77615737915039, -89.58367156982422
10.875429153442383, -25.430526733398438, 23.586822509765625, 10.744115829467773, -72.24288940429688, 68.0980224609375, -50.717979431152344, -60.436973571777344
9.86227798461914, -29.41533088684082, 37.68388748168945, -14.189140319824219, -29.459810256958008, 81.05030822753906, -62.537208557128906, 68.45380401611328
8.314481735229492, -29.020835876464844, 45.248252868652344, -32.73051452636719, 12.938517570495605, 39.57270050048828, -84.0095443725586, 96.99574279785156
6.510124206542969, -23.29244041442871, 45.27677917480469, -58.47471237182617, 44.071250915527344, -38.71775817871094, -5.914052963256836, 43.331199645996094
5.352092266082764, -19.64760971069336, 36.13871383666992, -48.135799407958984, 86.7591552734375, -87.04438018798828, 75.29047393798828, -42.34450149536133
3.552715301513672, -11.540434837341309, 25.024402618408203, -38.31586837768555, 55.14693832397461, -93.9529800415039, 95.81631469726562, -98.43653869628906
1.74640691280365, -6.091580867767334, 13.3161039352417, -20.387893676757812, 29.578338623046875, -32.35706329345703, 71.27689361572266, -67.73149871826172
-2.4605007267752832e-11, 1.470679521560669, -4.048510551452637, 8.762796401977539, -10.820789337158203, 16.787328720092773, -25.508724212646484, 32.88861846923828
-1.7660386562347412, 7.589032173156738, -17.828147888183594, 40.66172790527344, -42.08396530151367, 90.54080200195312, -76.42808532714844, 143.9065399169922
-3.4474165439605713, 14.671566009521484, -32.74490737915039, 61.70425033569336, -63.49829864501953, 87.03387451171875, -114.21186065673828, 104.63301086425781
-5.381718158721924, 20.588085174560547, -37.92856216430664, 65.89533233642578, -63.15543746948242, 51.76042556762695, -25.47337532043457, -26.359033584594727
-7.103643894195557, 24.938499450683594, -43.20663833618164, 50.62364959716797, -25.21232032775879, -8.349721908569336, 74.2356948852539, -139.1169891357422
-8.05456256866455, 25.8441219329834, -44.00822830200195, 28.037166595458984, 14.181514739990234, -83.81258392333984, 131.45852661132812, -63.94666290283203
-9.83285903930664, 31.011259078979492, -25.45532989501953, -1.2706348896026611, 62.620418548583984, -68.88748168945312, 63.97859573364258, 12.284395217895508
-10.36065673828125, 28.753585815429688, -18.264724731445312, -29.621484756469727, 59.55941390991211, -75.43336486816406, -11.672334671020508, 138.04229736328125
-12.087374687194824, 26.716896057128906, -1.001776099205017, -41.175445556640625, 54.898902893066406, -0.1405963897705078, -62.05587387084961, 66.46223449707031
-13.379883766174316, 20.850229263305664, 14.268845558166504, -49.19874954223633, 31.065528869628906, 55.281829833984375, -123.91487884521484, 2.5705080032348633
-13.81921100616455, 14.857972145080566, 27.955020904541016, -58.758056640625, -14.096806526184082, 91.06832885742188, -26.807912826538086, -120.26602935791016
-13.996256828308105, 8.679431915283203, 37.98639678955078, -29.849580764770508, -62.07623291015625, 53.798065185546875, 43.143310546875, -77.94062042236328
-13.497702598571777, 1.9503304958343506, 41.799171447753906, -6.516583442687988, -62.08186340332031, 13.495820045471191, 104.86552429199219, -16.492979049682617
-13.9907808303833, -5.150970935821533, 44.05716323852539, 26.086238861083984, -56.55849075317383, -57.23318099975586, 74.56349182128906, 64.66048431396484
-13.266071319580078, -10.564539909362793, 38.216163635253906, 52.32752227783203, -33.99651336669922, -81.77770233154297, -5.202658176422119, 85.75647735595703
-13.13199520111084, -19.01188087463379, 21.434131622314453, 63.939208984375, 16.042400360107422, -58.28120803833008, -80.51039123535156, 25.27508544921875
-12.758301734924316, -21.173173904418945, 7.237112522125244, 56.483455657958984, 50.61064147949219, -24.90629768371582, -122.71508026123047, -68.35920715332031
-12.524759292602539, -23.74872589111328, -9.899401664733887, 42.0557861328125, 73.28443908691406, 52.87479782104492, -38.509422302246094, -155.52020263671875
-10.94784927368164, -28.8400821685791, -22.563079833984375, 15.184049606323242, 55.98841857910156, 90.75399780273438, 50.779510498046875, -48.23615264892578
-9.33520221710205, -27.855239868164062, -32.76001739501953, -15.771513938903809, 36.24715042114258, 92.55876159667969, 88.30856323242188, 78.305908203125
-8.106330871582031, -25.584680557250977, -46.04225540161133, -34.83503723144531, -16.825450897216797, 30.542707443237305, 102.56749725341797, 126.24100494384766
-6.563106536865234, -23.740861892700195, -44.370704650878906, -56.885658264160156, -40.6230583190918, -33.73170471191406, 10.170022010803223, 70.99253845214844
-4.9902567863464355, -17.173240661621094, -37.99958038330078, -45.651302337646484, -66.70394134521484, -98.57296752929688, -65.3965835571289, -42.45368194580078
-3.6120338439941406, -13.304986953735352, -23.625478744506836, -46.77864456176758, -55.03092575073242, -102.67904663085938, -113.47775268554688, -131.59219360351562
-1.7655974626541138, -5.8444132804870605, -12.04686164855957, -17.67017364501953, -30.0184326171875, -48.74266815185547, -45.67524719238281, -49.3670654296875
2.4130241207953596e-11, 1.3501356840133667, 4.110833168029785, 8.144979476928711, 17.40791893005371, 19.348094940185547, 28.639738082885742, 41.63772964477539
1.7490293979644775, 7.746395111083984, 16.89349365234375, 31.71640968322754, 46.793304443359375, 77.80238342285156, 67.37196350097656, 97.75228118896484
3.409857988357544, 16.214868545532227, 33.8096809387207, 53.16700744628906, 53.49449157714844, 77.07706451416016, 66.02333068847656, 111.24003601074219
5.163944721221924, 19.148927688598633, 39.40582275390625, 66.46678924560547, 60.7270622253418, 54.25517272949219, 20.379697799682617, -21.040363311767578
6.835958480834961, 24.514097213745117, 48.5970573425293, 53.37228012084961, 29.668325424194336, -12.275041580200195, -62.552215576171875, -123.101318359375
8.222343444824219, 26.911983489990234, 34.47343444824219, 26.185441970825195, -11.286872863769531, -63.813377380371094, -130.97463989257812, -105.60104370117188
9.235980987548828, 29.899328231811523, 29.001562118530273, -1.286763310432434, -58.97050857543945, -79.67919921875, -53.82162857055664, 14.672422409057617
10.840611457824707, 25.490657806396484, 18.212284088134766, -33.68193435668945, -86.9274673461914, -58.06618881225586, 16.236968994140625, 101.8559341430664
12.134618759155273, 25.44554901123047, 1.0521849393844604, -56.23195266723633, -61.73046112060547, -0.08415016531944275, 59.29123306274414, 69.79708862304688
12.82325267791748, 21.323410034179688, -16.68462371826172, -55.13530731201172, -32.822872161865234, 64.6994400024414, 69.58393096923828, 2.077699661254883
13.37964916229248, 15.127058982849121, -26.724042892456055, -48.92308807373047, 10.9302396774292, 85.12496948242188, 35.87322998046875, -107.2452621459961
14.043169975280762, 8.492900848388672, -40.66967010498047, -34.224613189697266, 60.508541107177734, 58.64545440673828, -56.147682189941406, -65.92887878417969
13.758279800415039, 2.1222543716430664, -36.95799255371094, -5.060219764709473, 83.81647491455078, 7.654971599578857, -64.17786407470703, -11.055037498474121
13.743019104003906, -5.097904205322266, -44.47474670410156, 24.224746704101562, 51.09014129638672, -47.52764129638672, -95.027099609375, 117.04853057861328
14.168904304504395, -12.645217895507812, -37.98722839355469, 53.20170974731445, 35.72389221191406, -103.29993438720703, 3.6222152709960938, 119.9361801147461
12.901400566101074, -17.05656623840332, -22.677112579345703, 46.20339584350586, -15.684037208557129, -89.08214569091797, 56.04994583129883, 24.465408325195312
12.99160099029541, -22.39888572692871, -7.031365394592285, 63.116153717041016, -61.813541412353516, -18.28460693359375, 111.30447387695312, -57.49504470825195
11.642218589782715, -24.211830139160156, 10.493677139282227, 44.20085906982422, -85.32162475585938, 50.055145263671875, 38.795230865478516, -132.02017211914062
11.236927032470703, -25.632658004760742, 24.967357635498047, 12.165305137634277, -52.96844482421875, 100.56672668457031, -48.344566345214844, -49.446773529052734
9.299988746643066, -28.707111358642578, 39.556217193603516, -15.211440086364746, -28.009374618530273, 57.266605377197266, -123.22332000732422, 88.1932373046875
8.470300674438477, -27.83624839782715, 47.308807373046875, -37.30187225341797, 15.501416206359863, 36.267581939697266, -74.88824462890625, 97.79041290283203
6.649722576141357, -23.666767120361328, 41.557071685791016, -53.35702133178711, 51.872798919677734, -23.591520309448242, -10.202420234680176, 43.395870208740234
5.049500465393066, -19.800254821777344, 40.77090835571289, -53.765316009521484, 70.3121109008789, -95.6136245727539, 71.03759002685547, -36.08089065551758
3.6640799045562744, -11.82960319519043, 29.46045684814453, -47.656917572021484, 73.59021759033203, -96.6738052368164, 94.97061157226562, -100.35386657714844
1.8462650775909424, -5.858946800231934, 13.225030899047852, -17.215755462646484, 36.705326080322266, -47.0230712890625, 40.82773971557617, -94.7032241821289
-2.5217295265833606e-11, 1.2992279529571533, -3.8393571376800537, 8.34150505065918, -11.139639854431152, 26.943212509155273, -27.726606369018555, 30.600666046142578
-1.8300178050994873, 8.35876178741455, -21.275802612304688, 33.93602752685547, -62.99055862426758, 73.54359436035156, -88.72550201416016, 122.27738952636719
-3.440114736557007, 14.430205345153809, -31.46739959716797, 49.99428939819336, -55.44876480102539, 83.85488891601562, -64.599853515625, 64.06678009033203
-5.29313325881958, 20.834117889404297, -38.120784759521484, 66.72036743164062, -61.087608337402344, 64.75287628173828, -22.573318481445312, -29.350494384765625
-6.645185470581055, 22.220806121826172, -43.706668853759766, 44.6885871887207, -33.424896240234375, -10.401636123657227, 50.742767333984375, -93.4607925415039
-8.464632987976074, 24.70863151550293, -44.19432830810547, 22.35594940185547, 13.665574073791504, -62.06917190551758, 131.99444580078125, -88.41307830810547
-9.565184593200684, 27.430309295654297, -26.39508056640625, -1.576159119606018, 47.58209991455078, -81.32011413574219, 69.63363647460938, 8.035853385925293
-10.487992286682129, 25.547466278076172, -17.70089340209961, -28.15306282043457, 54.37080383300781, -60.27156066894531, -13.931496620178223, 139.4752197265625
-11.760878562927246, 23.327178955078125, -0.9763016700744629, -48.668148040771484, 50.905906677246094, -0.08583072572946548, -57.47910690307617, 133.7299346923828
-12.575789451599121, 22.32242202758789, 13.827041625976562, -58.68666076660156, 35.025760650634766, 61.33979034423828, -76.16534423828125, 2.538649797439575
-13.789732933044434, 14.030725479125977, 27.548006057739258, -51.441566467285156, -10.68671703338623, 101.24880981445312, -26.2490291595459, -107.4429931640625
-13.52369499206543, 8.610302925109863, 39.290653228759766, -38.21617889404297, -42.69243240356445, 49.56892776489258, 63.52088928222656, -129.97897338867188
-14.542308807373047, 2.1778459548950195, 45.81058120727539, -5.303353309631348, -87.38855743408203, 11.286253929138184, 70.17107391357422, -15.718149185180664
-14.523906707763672, -4.499419689178467, 42.57261276245117, 19.684001922607422, -70.40872192382812, -39.20450210571289, 52.144256591796875, 79.40575408935547
-13.364027976989746, -11.249693870544434, 30.242246627807617, 52.648826599121094, -35.00632095336914, -106.12015533447266, -5.049609661102295, 119.2467269897461
-13.891369819641113, -18.010231018066406, 20.12785530090332, 48.90596008300781, 16.162334442138672, -66.09520721435547, -56.96373748779297, 34.7396354675293
-13.143528938293457, -22.209596633911133, 6.448541164398193, 49.975303649902344, 54.125335693359375, -26.78812599182129, -99.05619049072266, -101.39964294433594
-11.436079025268555, -28.146926879882812, -9.20621395111084, 41.18636703491211, 69.26161193847656, 37.44755172729492, -33.46971893310547, -107.92237854003906
-10.391222953796387, -28.310558319091797, -22.83535385131836, 13.05624008178711, 76.33108520507812, 76.71226501464844, 40.0595588684082, -39.39381790161133
-9.428133010864258, -26.565671920776367, -30.855754852294922, -14.91909408569336, 25.788816452026367, 88.52198028564453, 94.49894714355469, 48.78082275390625
-8.38863468170166, -25.467449188232422, -45.3987922668457, -35.98423767089844, -13.007527351379395, 26.6876220703125, 89.97795104980469, 127.84790802001953
-7.045355796813965, -23.50017738342285, -41.84854507446289, -57.613990783691406, -39.279972076416016, -31.148731231689453, 6.5030388832092285, 36.618125915527344
-5.3018412590026855, -19.10962677001953, -33.82273483276367, -45.42374801635742, -79.61336517333984, -89.84475708007812, -76.5823974609375, -32.16413879394531
-3.554405927658081, -11.645237922668457, -28.0952205657959, -49.83601760864258, -46.92137145996094, -56.742523193359375, -120.12052917480469, -78.90367126464844
-1.7921984195709229, -5.784723281860352, -10.252769470214844, -22.844966888427734, -31.436233520507812, -36.98344421386719, -72.62095642089844, -47.038448333740234
2.5089309102499513e-11, 1.2732852697372437, 4.540851593017578, 8.321661949157715, 11.713292121887207, 19.41933250427246, 23.050138473510742, 35.98786163330078
1.7374465465545654, 7.776824951171875, 17.36326026916504, 29.24127769470215, 64.15230560302734, 83.60936737060547, 105.99969482421875, 101.41492462158203
3.347052574157715, 14.352132797241211, 28.951305389404297, 45.79315185546875, 60.46659469604492, 76.1279067993164, 70.02011108398438, 70.18490600585938
5.0270490646362305, 18.577106475830078, 41.96782302856445, 52.01936340332031, 65.9363784790039, 38.4649543762207, 22.142160415649414, -33.96528244018555
6.866302967071533, 26.255847930908203, 46.36343765258789, 43.8743782043457, 33.16170883178711, -13.59183406829834, -69.62088012695312, -102.69298553466797
8.715801239013672, 26.987987518310547, 36.52460861206055, 27.691804885864258, -12.702980041503906, -82.54647064208984, -117.20684814453125, -98.73686218261719
9.359709739685059, 27.059152603149414, 27.205617904663086, -1.3521705865859985, -47.52240753173828, -85.5624771118164, -41.74287796020508, 12.525744438171387
10.507247924804688, 28.69000816345215, 16.22835350036621, -28.019750595092773, -56.787208557128906, -67.78703308105469, 19.568220138549805, 69.64026641845703
11.656161308288574, 25.71522331237793, 1.2119243144989014, -49.2572135925293, -57.2938346862793, -0.11074144393205643, 76.3502426147461, 101.52529907226562
12.787649154663086, 20.650833129882812, -16.313278198242188, -59.362083435058594, -31.488462448120117, 71.9356689453125, 82.36492156982422, 1.927014946937561
12.799642562866211, 14.933239936828613, -24.838563919067383, -57.223915100097656, 15.505598068237305, 64.79341888427734, 33.568904876708984, -92.16264343261719
13.92380428314209, 9.679824829101562, -34.4390983581543, -33.24879837036133, 57.03511047363281, 69.84172058105469, -37.76569366455078, -131.93710327148438
13.81359577178955, 2.244349479675293, -43.95597839355469, -6.435850143432617, 63.192779541015625, 13.459413528442383, -116.98049926757812, -21.85928726196289
14.655714988708496, -5.143733024597168, -41.8421516418457, 24.681507110595703, 53.98408508300781, -37.2125129699707, -52.149539947509766, 55.76291275024414
13.765348434448242, -10.603337287902832, -30.640789031982422, 43.65028381347656, 32.98283004760742, -64.31261444091797, 3.193946599960327, 147.2379150390625
13.59506607055664, -16.32514190673828, -20.08047866821289, 54.17013931274414, -12.582796096801758, -84.17300415039062, 85.75825500488281, 41.78776168823242
12.860573768615723, -24.774612426757812, -7.2561540603637695, 61.15824508666992, -39.21195983886719, -21.317235946655273, 122.93214416503906, -86.93199920654297
11.663516998291016, -26.188316345214844, 9.376091957092285, 36.6015739440918, -60.77790451049805, 38.97562789916992, 51.03166580200195, -131.47744750976562
11.160789489746094, -27.566612243652344, 25.088985443115234, 10.912857055664062, -71.70759582519531, 88.63330841064453, -34.66349411010742, -53.06848907470703
9.755128860473633, -28.956518173217773, 33.82793426513672, -13.388921737670898, -36.18869400024414, 81.3567886352539, -89.98320770263672, 70.7291030883789
8.009760856628418, -26.98412322998047, 44.495975494384766, -46.207550048828125, 13.017224311828613, 39.470947265625, -100.22684478759766, 80.35431671142578
6.760913848876953, -21.46687126159668, 45.14997482299805, -52.60337448120117, 60.9640007019043, -36.74052047729492, -7.9677252769470215, 56.65947723388672
5.191534519195557, -17.583332061767578, 34.166534423828125, -50.956233978271484, 66.7304916381836, -94.42000579833984, 68.88284301757812, -62.910457611083984
3.4963324069976807, -11.985092163085938, 28.451391220092773, -48.27991485595703, 49.61393737792969, -100.66658020019531, 94.51313781738281, -71.91949462890625
1.85565984249115, -6.114043235778809, 11.381267547607422, -19.814359664916992, 35.13080978393555, -32.89559555053711, 72.97642517089844, -76.250244140625
-2.6274468711839916e-11, 1.4682682752609253, -4.331779956817627, 8.53581428527832, -16.81962013244629, 22.480926513671875, -27.66134262084961, 32.35165023803711
-1.786661982536316, 8.62100601196289, -21.45950698852539, 27.77536964416504, -46.131221771240234, 65.63311767578125, -114.54019165039062, 143.73654174804688
-3.4062514305114746, 14.618793487548828, -31.781038284301758, 53.54472732543945, -71.08818817138672, 68.36418151855469, -101.25670623779297, 105.63274383544922
-5.368634223937988, 20.074920654296875, -44.63854217529297, 67.33952331542969, -69.29435729980469, 58.885223388671875, -19.415618896484375, -21.83871841430664
-7.142812252044678, 25.755083084106445, -40.43486404418945, 47.69417953491211, -25.43655776977539, -10.307713508605957, 71.96355438232422, -91.33134460449219
-8.611457824707031, 27.098159790039062, -44.25885772705078, 31.077960968017578, 15.802385330200195, -52.730220794677734, 67.99665069580078, -61.54023742675781
-9.6493558883667, 26.907203674316406, -29.09023666381836, -1.2056195735931396, 65.05091094970703, -88.68468475341797, 54.47871017456055, 14.422645568847656
-10.808377265930176, 29.10838508605957, -16.681406021118164, -23.768123626708984, 82.55216217041016, -48.35003662109375, -15.05940055847168, 105.41072082519531
-12.49625301361084, 24.722660064697266, -1.17368483543396, -49.96135711669922, 69.3511734008789, -0.14518266916275024, -57.85885238647461, 74.39078521728516
-12.856864929199219, 22.309289932250977, 14.66019058227539, -54.19468307495117, 36.416568756103516, 58.147430419921875, -117.52547454833984, 1.8556265830993652
-13.004234313964844, 14.558816909790039, 26.460596084594727, -47.64918899536133, -12.477460861206055, 81.87683868408203, -24.091129302978516, -129.609130859375
-14.567233085632324, 9.1788330078125, 33.21306610107422, -28.724609375, -59.51355743408203, 55.89241027832031, 41.270572662353516, -72.17771911621094
-13.769500732421875, 2.0611684322357178, 40.27912902832031, -5.537049293518066, -55.05775833129883, 10.685673713684082, 64.27120208740234, -23.02992820739746
-14.381176948547363, -4.715681076049805, 46.41720199584961, 22.937108993530273, -53.25170135498047, -43.71395492553711, 80.8875732421875, 89.25485229492188
-14.45495891571045, -11.171454429626465, 28.55800437927246, 44.45225143432617, -36.15281677246094, -77.99089813232422, -6.02799654006958, 86.41700744628906
-12.809890747070312, -19.22809410095215, 20.947147369384766, 45.69455337524414, 16.51076316833496, -70.16431427001953, -88.05797576904297, 19.09813117980957
-12.406402587890625, -21.670637130737305, 6.146855354309082, 42.82068634033203, 49.38201141357422, -18.989055633544922, -117.6168441772461, -89.60875701904297
-12.037467002868652, -24.075103759765625, -10.825504302978516, 40.275367736816406, 55.41250991821289, 32.9577751159668, -48.585044860839844, -77.78522491455078
-11.365410804748535, -28.098541259765625, -26.617956161499023, 14.402215003967285, 65.70372772216797, 99.0615463256836, 40.010501861572266, -29.67770004272461
-9.90101146697998, -30.456642150878906, -40.16139602661133, -13.22071647644043, 22.817546844482422, 93.39468383789062, 75.6695327758789, 83.89006042480469
-7.972996234893799, -25.6590633392334, -39.33863067626953, -44.4483642578125, -11.845593452453613, 35.04194259643555, 91.7502212524414, 111.25326538085938
-6.674440860748291, -21.06068229675293, -47.081459045410156, -56.894283294677734, -44.57151412963867, -32.17087936401367, 5.230433940887451, 78.83860778808594
-5.437624931335449, -17.756546020507812, -39.598934173583984, -44.47236251831055, -54.12640380859375, -69.21533966064453, -66.49767303466797, -72.3304214477539
-3.6754870414733887, -13.589432716369629, -28.357295989990234, -39.059024810791016, -57.49147415161133, -84.0316162109375, -68.99967956542969, -152.35752868652344
-1.8402076959609985, -5.982998371124268, -11.580716133117676, -16.639379501342773, -31.944936752319336, -37.30731964111328, -59.70943069458008, -60.39179992675781
2.452229044824783e-11, 1.5525494813919067, 4.775750637054443, 9.511848449707031, 15.05214786529541, 26.3359375, 33.569541931152344, 36.475067138671875
1.7589805126190186, 8.777023315429688, 20.88764190673828, 31.45610237121582, 61.60516357421875, 89.1744384765625, 88.91493225097656, 82.16336059570312
3.3845162391662598, 13.441429138183594, 33.94345474243164, 54.16947937011719, 81.01890563964844, 92.00077819824219, 88.20519256591797, 96.38539123535156
5.16768741607666, 19.539527893066406, 43.046302795410156, 58.24874496459961, 61.79422378540039, 37.4220085144043, 20.09893798828125, -21.042898178100586
6.746135234832764, 23.28432273864746, 39.56290054321289, 55.48117446899414, 31.2397403717041, -12.424077987670898, -78.56222534179688, -116.37357330322266
8.133318901062012, 27.916587829589844, 40.21503448486328, 26.282285690307617, -11.803217887878418, -51.28241729736328, -94.12077331542969, -69.56167602539062
10.064881324768066, 26.501218795776367, 33.965572357177734, -1.4621226787567139, -41.675045013427734, -88.37393188476562, -79.15052032470703, 7.751457214355469
11.081298828125, 26.08562469482422, 15.281876564025879, -31.154939651489258, -82.86968231201172, -74.04804992675781, 15.209222793579102, 77.17527770996094
12.199880599975586, 24.749876022338867, 1.0896259546279907, -56.70616149902344, -66.91909790039062, -0.12977100908756256, 102.3758544921875, 79.42693328857422
12.595571517944336, 20.77867317199707, -12.45967960357666, -58.2039680480957, -23.776325225830078, 40.74800491333008, 104.45793914794922, 3.1858325004577637
14.066986083984375, 16.861268997192383, -25.130352020263672, -43.462562561035156, 15.571320533752441, 102.98931884765625, 23.007152557373047, -87.86891174316406
13.321910858154297, 8.245698928833008, -32.87095260620117, -37.37628936767578, 59.319637298583984, 82.2405776977539, -53.15304946899414, -135.0087432861328
14.166308403015137, 1.984116792678833, -36.386260986328125, -4.849798679351807, 83.22518920898438, 11.790853500366211, -77.58296966552734, -16.698802947998047
13.865671157836914, -5.163089275360107, -36.64132308959961, 22.700939178466797, 60.133819580078125, -44.356197357177734, -58.036582946777344, 103.02466583251953
13.450030326843262, -11.601003646850586, -38.245243072509766, 51.49492645263672, 27.34055519104004, -81.57693481445312, 4.0338544845581055, 101.35394287109375
13.245034217834473, -18.07122039794922, -20.837478637695312, 57.93400192260742, -12.264427185058594, -73.92069244384766, 51.57547378540039, 39.57101821899414
12.948686599731445, -23.28468132019043, -7.293316841125488, 55.95203399658203, -40.087852478027344, -24.702974319458008, 102.18045806884766, -96.25907135009766
12.186488151550293, -24.224367141723633, 8.251715660095215, 33.05219268798828, -87.39627838134766, 42.69412612915039, 35.30810546875, -116.52262115478516
11.0950345993042, -27.133052825927734, 21.0477237701416, 12.076680183410645, -73.3439712524414, 56.67926025390625, -40.8690071105957, -58.33857727050781
9.424694061279297, -26.991641998291016, 39.03236389160156, -15.80213451385498, -22.77809715270996, 83.9119644165039, -69.21025848388672, 38.83809280395508
8.19878101348877, -25.089818954467773, 44.74755859375, -38.822669982910156, 11.837068557739258, 33.88716506958008, -64.05622100830078, 102.2321548461914
6.600655555725098, -24.44823455810547, 45.396793365478516, -62.85679626464844, 56.10872268676758, -33.92474365234375, -5.427505970001221, 60.78826141357422
5.364604949951172, -19.297988891601562, 31.355243682861328, -46.76055908203125, 53.115779876708984, -66.80059051513672, 95.73684692382812, -37.48002243041992
3.6604456901550293, -12.396821975708008, 29.272367477416992, -36.08679962158203, 56.06013107299805, -74.26145935058594, 91.81111907958984, -92.06107330322266
1.7400310039520264, -6.096139907836914, 12.233636856079102, -23.353513717651367, 24.199459075927734, -30.50026512145996, 49.97987747192383, -68.01803588867188
-2.5404622849833913e-11, 1.2869248390197754, -3.9879064559936523, 9.155501365661621, -16.671701431274414, 24.84233283996582, -35.310585021972656, 38.98246765136719
-1.7478981018066406, 8.495973587036133, -18.948633193969727, 28.261474609375, -52.366729736328125, 59.39824295043945, -74.19522857666016, 136.85130310058594
-3.4583375453948975, 14.18501091003418, -29.609521865844727, 55.4776611328125, -62.049659729003906, 81.12120056152344, -104.71611785888672, 109.05701446533203
-5.281595706939697, 19.747699737548828, -45.635101318359375, 67.26676177978516, -70.05006408691406, 41.72076416015625, -18.15260887145996, -23.60904312133789
-6.683191776275635, 22.422786712646484, -44.173160552978516, 56.40768051147461, -32.39033889770508, -7.486123085021973, 59.78374481201172, -128.4266815185547
-7.904608726501465, 29.085355758666992, -41.67731857299805, 29.764535903930664, 11.272022247314453, -78.2253646850586, 71.07089233398438, -104.43780517578125
-9.744369506835938, 30.847816467285156, -25.766298294067383, -1.1747050285339355, 49.72504806518555, -106.33207702636719, 44.92072296142578, 8.779329299926758
-10.731462478637695, 25.727813720703125, -15.052889823913574, -33.31544876098633, 72.44537353515625, -68.86454772949219, -18.414684295654297, 90.9892807006836
-11.420507431030273, 25.491683959960938, -1.1969804763793945, -53.85257339477539, 65.44925689697266, -0.10123209655284882, -110.89544677734375, 126.82756805419922
-12.675902366638184, 22.390117645263672, 13.436800956726074, -62.621212005615234, 25.1829833984375, 42.769351959228516, -83.25674438476562, 2.8825137615203857
-13.202126502990723, 15.937984466552734, 26.754518508911133, -59.138832092285156, -16.17734718322754, 60.479984283447266, -39.54277420043945, -127.59817504882812
-14.193431854248047, 9.506515502929688, 39.1345100402832, -33.301631927490234, -54.110435485839844, 78.6685791015625, 60.439701080322266, -99.87571716308594
-14.360432624816895, 2.044675588607788, 44.788883209228516, -6.818892002105713, -78.2286376953125, 10.200479507446289, 88.92725372314453, -18.893461227416992
-14.52938461303711, -4.671153545379639, 34.57845687866211, 20.982603073120117, -69.63310241699219, -61.34922790527344, 91.04332733154297, 56.735145568847656
-13.960596084594727, -11.408486366271973, 30.784032821655273, 42.065765380859375, -28.521848678588867, -106.9646987915039, -5.588594913482666, 93.81889343261719
-13.758508682250977, -15.980353355407715, 21.351476669311523, 44.73019027709961, 12.022103309631348, -89.00562286376953, -89.37553405761719, 37.40604019165039
-12.267167091369629, -21.715585708618164, 5.671591281890869, 53.425994873046875, 52.64711380004883, -20.52705955505371, -98.39803314208984, -64.47831726074219
-11.537213325500488, -25.206844329833984, -10.236157417297363, 39.30754852294922, 70.41864013671875, 46.313621520996094, -50.09348678588867, -67.78269958496094
-10.357232093811035, -25.8886775970459, -27.020038604736328, 12.521280288696289, 74.23865509033203, 85.83800506591797, 27.162120819091797, -46.1476936340332
-9.758871078491211, -28.929595947265625, -33.529022216796875, -17.26980972290039, 22.349456787109375, 88.86024475097656, 124.77928161621094, 46.02018356323242
-8.029108047485352, -27.61557960510254, -38.190895080566406, -40.934974670410156, -14.536038398742676, 40.69545364379883, 102.6855697631836, 136.8238067626953
-7.143930435180664, -22.612062454223633, -47.90780258178711, -50.583133697509766, -43.38182830810547, -34.01215362548828, 5.67686128616333, 65.43257141113281
-5.055811405181885, -19.326669692993164, -37.48421096801758, -50.52659225463867, -73.63421630859375, -96.57013702392578, -67.29447174072266, -36.85572814941406
-3.6861822605133057, -11.732872009277344, -26.6683406829834, -41.192989349365234, -47.168785095214844, -98.17620086669922, -67.44116973876953, -76.06230163574219
-1.8162102699279785, -5.89126443862915, -11.900349617004395, -17.203271865844727, -34.09455871582031, -29.412776947021484, -71.60265350341797, -82.53092193603516
2.5926772881379456e-11, 1.4363852739334106, 4.1382646560668945, 9.236632347106934, 11.854126930236816, 15.322701454162598, 24.148357391357422, 34.19633865356445
1.8231568336486816, 7.789532661437988, 22.21634292602539, 37.958370208740234, 41.253578186035156, 69.80819702148438, 109.05715942382812, 135.4343719482422
3.461832046508789, 16.037979125976562, 35.36359405517578, 50.85984420776367, 75.28533172607422, 65.87364196777344, 96.4883804321289, 109.1960678100586
5.053174018859863, 20.111328125, 41.03788757324219, 67.07382202148438, 61.877933502197266, 56.997982025146484, 25.580533981323242, -15.803711891174316
6.814840793609619, 25.22638511657715, 47.1054573059082, 39.762210845947266, 31.444284439086914, -9.745046615600586, -51.539669036865234, -122.08548736572266
7.925858974456787, 25.91475486755371, 39.44255065917969, 26.306774139404297, -12.487637519836426, -55.01993942260742, -94.42868041992188, -122.63864135742188
9.330461502075195, 26.013601303100586, 29.330631256103516, -1.4849069118499756, -53.682613372802734, -63.00489807128906, -82.10981750488281, 10.858386993408203
11.045609474182129, 27.514862060546875, 19.068281173706055, -27.987030029296875, -73.48706817626953, -44.7467041015625, 13.812528610229492, 119.2109603881836
11.964884757995605, 26.481494903564453, 1.1373473405838013, -46.91828918457031, -67.21944427490234, -0.10328145325183868, 74.66337585449219, 119.89965057373047
12.885787010192871, 19.72243881225586, -16.109228134155273, -56.686309814453125, -34.14302444458008, 51.74967575073242, 77.4037857055664, 2.1781837940216064
13.859315872192383, 15.286230087280273, -32.013641357421875, -48.40428161621094, 14.875849723815918, 63.55611801147461, 36.408546447753906, -102.90203857421875
13.511882781982422, 8.192741394042969, -33.43011474609375, -27.393213272094727, 40.60209274291992, 72.28654479980469, -55.41930389404297, -102.29083251953125
14.360697746276855, 2.301234006881714, -37.45640563964844, -5.576076984405518, 65.42179870605469, 9.28530502319336, -109.8396224975586, -18.765575408935547
14.497111320495605, -5.234924793243408, -45.75051498413086, 26.11799430847168, 51.365806579589844, -46.973533630371094, -75.86664581298828, 111.64188385009766
14.444559097290039, -11.542890548706055, -31.248947143554688, 45.669612884521484, 36.60893249511719, -73.30097198486328, 3.7655189037323, 129.92233276367188
13.692360877990723, -17.381441116333008, -22.60999298095703, 61.44019317626953, -11.857582092285156, -54.548824310302734, 76.97152709960938, 37.55303192138672
