-8.120708465576172, -26.234128952026367, -37.05617904663086, -45.7462272644043, -12.647368431091309, 37.940704345703125, 73.50141143798828, 158.15159606933594
-7.047449588775635, -22.05044937133789, -41.55470657348633, -46.2276496887207, -55.85981369018555, -26.09466552734375, 9.13845157623291, 37.885841369628906
-5.277268886566162, -16.6212158203125, -39.49771499633789, -50.8735237121582, -67.0517807006836, -69.18720245361328, -59.73759841918945, -61.86313247680664
-3.4738478660583496, -13.282596588134766, -24.411117553710938, -49.4571533203125, -66.00782775878906, -97.64781188964844, -96.6155014038086, -116.61360931396484
-1.8522930145263672, -5.810128211975098, -11.850458145141602, -21.68276023864746, -29.14276123046875, -40.642127990722656, -69.53915405273438, -90.01089477539062
3.094335204734122e-11, 1.349689245223999, 4.649045467376709, 6.832940101623535, 11.099067687988281, 22.923336029052734, 30.45520782470703, 36.55283737182617
1.765204906463623, 7.622396945953369, 17.067188262939453, 38.533851623535156, 39.83815002441406, 67.92660522460938, 117.66341400146484, 87.29930114746094
3.536187171936035, 13.463809967041016, 27.801197052001953, 51.240203857421875, 74.43458557128906, 101.95361328125, 68.19831848144531, 48.200538635253906
4.978858470916748, 20.682106018066406, 45.03196334838867, 61.806724548339844, 57.1482048034668, 48.20005416870117, 15.828213691711426, -27.313871383666992
6.929598331451416, 26.549785614013672, 41.02617263793945, 55.322410583496094, 28.796438217163086, -9.31774616241455, -51.71734619140625, -77.40287780761719
8.106727600097656, 25.680387496948242, 35.348533630371094, 29.21894073486328, -10.622218132019043, -62.397098541259766, -66.02603912353516, -79.72087860107422
9.432649612426758, 27.03662872314453, 29.96476936340332, -1.5169013738632202, -59.43874740600586, -76.17189025878906, -80.30548858642578, 12.319600105285645
11.0995454788208, 27.651521682739258, 17.467130661010742, -26.939348220825195, -55.25815963745117, -48.503028869628906, 19.677156448364258, 72.8064956665039
11.829809188842773, 24.914316177368164, 1.1334705352783203, -46.51747131347656, -59.50070571899414, -0.0930483266711235, 94.10519409179688, 89.163818359375
12.205243110656738, 21.472604751586914, -14.153454780578613, -54.085086822509766, -26.200138092041016, 72.58300018310547, 97.25646209716797, 2.7003490924835205
14.003225326538086, 16.6475887298584, -24.627798080444336, -60.52981185913086, 17.140750885009766, 96.09335327148438, 38.055694580078125, -71.22642517089844
13.540434837341309, 9.632102966308594, -34.61142349243164, -37.12773132324219, 60.307010650634766, 61.701622009277344, -59.157535552978516, -126.66091918945312
13.561049461364746, 1.947774887084961, -48.094139099121094, -5.656152248382568, 60.096866607666016, 8.510896682739258, -117.78394317626953, -21.381242752075195
14.375199317932129, -5.435872554779053, -45.447021484375, 23.814495086669922, 64.63920593261719, -37.4065055847168, -97.64199829101562, 114.81697845458984
14.416040420532227, -10.629942893981934, -30.65091323852539, 45.1300163269043, 34.54868698120117, -106.23615264892578, 4.388946533203125, 141.91943359375
13.429119110107422, -17.075096130371094, -19.92061424255371, 49.672637939453125, -10.999375343322754, -71.6468276977539, 91.77473449707031, 25.53681755065918
12.4327974319458, -21.453296661376953, -5.640286445617676, 51.40633010864258, -63.79754638671875, -25.977317810058594, 88.39493560791016, -103.33747100830078
12.134685516357422, -26.96141815185547, 10.61288070678711, 34.624210357666016, -75.3338851928711, 36.58237075805664, 56.009361267089844, -115.31138610839844
10.68482494354248, -29.920827865600586, 26.538063049316406, 11.776765823364258, -64.12791442871094, 76.78366088867188, -38.61418914794922, -51.00051498413086
10.04597282409668, -29.908634185791016, 34.095455169677734, -15.448596954345703, -36.112510681152344, 64.17289733886719, -63.5588493347168, 69.74010467529297
8.001946449279785, -24.42535972595215, 41.764339447021484, -33.602508544921875, 15.782885551452637, 34.44562911987305, -79.9142074584961, 107.7986831665039
7.092457294464111, -21.509260177612305, 42.87977600097656, -53.87480163574219, 45.80411911010742, -22.93474578857422, -9.057931900024414, 39.534488677978516
5.0666351318359375, -19.29461669921875, 36.197914123535156, -46.30419921875, 77.31917572021484, -66.88086700439453, 50.66599655151367, -39.555667877197266
3.422384262084961, -13.572013854980469, 29.461254119873047, -42.80943298339844, 67.62068176269531, -101.28168487548828, 67.8529052734375, -110.62007141113281
1.7495161294937134, -5.990290641784668, 13.264681816101074, -17.249277114868164, 30.436445236206055, -41.23920440673828, 56.90798568725586, -96.13932800292969
-3.241389795460847e-11, 1.3047839403152466, -4.204212188720703, 10.087834358215332, -14.900805473327637, 23.788251876831055, -34.498016357421875, 38.06193161010742
-1.7637906074523926, 8.014897346496582, -21.4738712310791, 28.013402938842773, -64.9636001586914, 77.1658706665039, -78.28036499023438, 76.54620361328125
-3.5070159435272217, 13.999250411987305, -35.0006217956543, 55.346988677978516, -60.71120071411133, 92.53398132324219, -104.89271545410156, 82.32263946533203
-5.464881896972656, 22.36884307861328, -41.16107940673828, 52.512115478515625, -55.38901901245117, 58.55363845825195, -14.923595428466797, -21.092702865600586
-7.016599178314209, 22.26117706298828, -43.32992935180664, 51.41509246826172, -31.55215072631836, -9.944964408874512, 51.4032096862793, -92.84480285644531
-7.958512306213379, 25.086782455444336, -41.216346740722656, 22.336210250854492, 12.867592811584473, -46.47163391113281, 68.0022964477539, -113.35767364501953
-10.015891075134277, 26.62840461730957, -30.30593490600586, -1.3560446500778198, 44.3926887512207, -93.0561294555664, 78.15750122070312, 13.442992210388184
-11.201009750366211, 28.563140869140625, -16.144392013549805, -24.06215476989746, 64.98399353027344, -62.834083557128906, -15.1419095993042, 95.11415100097656
-11.871967315673828, 23.53974723815918, -1.1972118616104126, -50.22679138183594, 72.88265228271484, -0.12284088134765625, -57.48356246948242, 86.59652709960938
-12.39150619506836, 19.95387840270996, 13.635475158691406, -54.03767395019531, 23.13630485534668, 46.573299407958984, -94.03486633300781, 3.392246961593628
-13.753556251525879, 16.414905548095703, 25.40090560913086, -60.45805740356445, -11.212589263916016, 98.31224060058594, -29.595571517944336, -100.2037582397461
-13.78085708618164, 9.456093788146973, 32.23015594482422, -30.71917724609375, -57.04584884643555, 53.49210739135742, 49.15313720703125, -66.7144775390625
-13.7036714553833, 2.1416680812835693, 36.27478790283203, -6.4493794441223145, -76.19593048095703, 8.175737380981445, 67.48947143554688, -16.93770980834961
-13.451208114624023, -4.972772121429443, 42.406002044677734, 25.40513801574707, -47.53397750854492, -37.89598846435547, 74.2293701171875, 78.624267578125
-13.548458099365234, -11.055096626281738, 29.191207885742188, 50.97111129760742, -28.004392623901367, -94.38651275634766, -4.795413494110107, 75.71988677978516
-13.062506675720215, -17.847305297851562, 20.167774200439453, 47.481536865234375, 15.257283210754395, -52.18670654296875, -97.56534576416016, 27.656227111816406
-12.23034954071045, -24.423595428466797, 6.943641185760498, 51.14672088623047, 41.12965774536133, -17.007137298583984, -73.62258911132812, -71.7596435546875
-12.078283309936523, -28.598392486572266, -9.596436500549316, 42.36323165893555, 83.48283386230469, 52.935245513916016, -37.70498275756836, -82.39073181152344
-10.77338695526123, -27.097684860229492, -24.02368927001953, 11.694732666015625, 58.71829605102539, 79.92920684814453, 43.324588775634766, -54.58625030517578
-9.238029479980469, -27.5925350189209, -30.843103408813477, -15.926258087158203, 32.802494049072266, 84.06456756591797, 102.96681213378906, 85.07255554199219
-8.43730640411377, -26.85424041748047, -35.724395751953125, -32.68256378173828, -14.571001052856445, 25.78623390197754, 96.94174194335938, 76.20784759521484
-6.75593376159668, -24.807973861694336, -36.494327545166016, -49.97188949584961, -57.16545104980469, -39.72574996948242, 9.514996528625488, 55.3547248840332
-5.144707679748535, -19.99208641052246, -32.240726470947266, -58.19493865966797, -67.44690704345703, -99.21088409423828, -47.91302490234375, -42.860877990722656
-3.635047197341919, -13.001199722290039, -22.409564971923828, -45.890220642089844, -75.61994171142578, -62.61796188354492, -71.21587371826172, -123.1198501586914
-1.7863982915878296, -5.64497709274292, -10.784586906433105, -18.904621124267578, -26.63273048400879, -52.48174285888672, -45.39958190917969, -45.21300506591797
3.3539667571025333e-11, 1.4775444269180298, 4.66224479675293, 8.573036193847656, 15.780830383300781, 16.980791091918945, 38.06927490234375, 24.38326072692871
1.684159517288208, 7.5999674797058105, 19.01403045654297, 30.792871475219727, 44.87152862548828, 92.91206359863281, 82.85538482666016, 126.42111206054688
3.6376655101776123, 13.556657791137695, 34.22956466674805, 42.404903411865234, 69.90179443359375, 60.748390197753906, 65.27035522460938, 61.98141098022461
5.127346038818359, 18.405908584594727, 36.84049606323242, 62.007266998291016, 68.89128875732422, 51.794525146484375, 19.410640716552734, -20.22209930419922
6.902307033538818, 23.020109176635742, 42.20814895629883, 39.90256881713867, 23.85069465637207, -7.837238788604736, -75.77465057373047, -126.93138122558594
8.066189765930176, 25.690406799316406, 34.73118209838867, 27.837207794189453, -16.374046325683594, -78.92935943603516, -106.26185607910156, -64.34048461914062
9.866829872131348, 29.70925521850586, 34.29698944091797, -1.5942133665084839, -53.51848220825195, -74.74687957763672, -74.48431396484375, 9.749302864074707
11.05795955657959, 28.94694709777832, 15.626199722290039, -25.78897476196289, -77.41136169433594, -53.7373161315918, 12.121756553649902, 122.73474884033203
12.442995071411133, 25.440032958984375, 1.2398858070373535, -42.08061218261719, -48.97514724731445, -0.07960480451583862, 94.50065612792969, 90.84615325927734
13.270759582519531, 19.78801155090332, -13.09013843536377, -50.52544021606445, -23.469884872436523, 55.842708587646484, 90.40411376953125, 1.8698034286499023
13.907876014709473, 16.836503982543945, -25.47658348083496, -42.088069915771484, 12.616713523864746, 85.77442932128906, 41.297088623046875, -104.59175872802734
13.789253234863281, 8.711276054382324, -38.59441375732422, -33.31855773925781, 52.13640594482422, 61.23627471923828, -52.80378723144531, -96.75813293457031
13.91164493560791, 2.0708134174346924, -36.3536262512207, -5.521113872528076, 64.11868286132812, 9.551284790039062, -75.73540496826172, -18.959367752075195
14.358356475830078, -5.2644453048706055, -43.657135009765625, 22.985567092895508, 57.67428207397461, -46.352622985839844, -90.09368896484375, 71.20469665527344
14.076656341552734, -12.120004653930664, -36.93501663208008, 47.43965148925781, 31.405797958374023, -63.49990463256836, 6.281215190887451, 98.33650207519531
14.008072853088379, -19.22020721435547, -21.801408767700195, 60.375205993652344, -16.23415756225586, -74.3810043334961, 87.17237091064453, 41.785926818847656
12.502309799194336, -20.958049774169922, -5.582122802734375, 52.3166618347168, -60.113059997558594, -19.39891815185547, 110.26582336425781, -93.92665100097656
11.519478797912598, -25.151866912841797, 10.42334270477295, 36.516639709472656, -81.67991638183594, 28.587121963500977, 38.0923957824707, -115.30554962158203
11.380636215209961, -27.12885856628418, 23.00981330871582, 13.887968063354492, -66.62854766845703, 97.53312683105469, -37.09266662597656, -60.633140563964844
10.009723663330078, -27.25690269470215, 30.91080093383789, -15.626214027404785, -29.440717697143555, 80.73929595947266, -105.1601791381836, 43.584476470947266
8.003063201904297, -28.680606842041016, 39.707637786865234, -46.2375373840332, 15.947890281677246, 36.4857063293457, -101.91974639892578, 105.07743072509766
6.508957386016846, -25.196969985961914, 39.77200698852539, -63.250572204589844, 52.81193923950195, -34.8312873840332, -9.923072814941406, 58.778324127197266
5.421926975250244, -20.021577835083008, 32.372352600097656, -57.94110870361328, 63.38727569580078, -68.6181411743164, 82.69811248779297, -43.754146575927734
3.3626997470855713, -11.887737274169922, 22.151174545288086, -37.15457534790039, 74.51252746582031, -84.30711364746094, 105.30512237548828, -88.97144317626953
1.7626545429229736, -5.488654613494873, 11.87376880645752, -18.691007614135742, 23.823427200317383, -46.55195236206055, 65.5259780883789, -60.641082763671875
-3.3426029305561045e-11, 1.528612494468689, -4.071922779083252, 6.829905033111572, -11.404077529907227, 22.26592445373535, -26.721572875976562, 37.12815475463867
-1.7779865264892578, 8.31335735321045, -17.872772216796875, 34.01951599121094, -60.589664459228516, 86.60997009277344, -72.75588989257812, 97.54821014404297
-3.5995194911956787, 15.814742088317871, -27.633018493652344, 56.39701461791992, -62.39726638793945, 100.79814910888672, -99.49989318847656, 93.51520538330078
-5.071258544921875, 20.12088966369629, -34.53828430175781, 46.20798110961914, -53.586647033691406, 52.49275207519531, -20.686962127685547, -23.077722549438477
-6.585505485534668, 26.985668182373047, -45.01674270629883, 41.69295120239258, -25.718027114868164, -9.048304557800293, 77.44322967529297, -137.6225128173828
-8.290026664733887, 27.674280166625977, -38.75885772705078, 24.265459060668945, 14.323814392089844, -67.9260025024414, 120.6900405883789, -89.82349395751953
-9.630135536193848, 30.422502517700195, -29.473236083984375, -1.5162997245788574, 63.67470932006836, -71.28184509277344, 65.0013427734375, 14.14474868774414
-10.59230899810791, 29.66145133972168, -15.348295211791992, -27.776451110839844, 72.08138275146484, -43.68409729003906, -20.896520614624023, 114.22766876220703
-11.91883373260498, 26.589637756347656, -1.1413300037384033, -40.7021484375, 56.15810775756836, -0.14413277804851532, -78.2428207397461, 71.70411682128906
-12.870712280273438, 22.621828079223633, 15.748139381408691, -46.202598571777344, 33.38534164428711, 61.46137237548828, -100.51933288574219, 2.9524953365325928
-13.334707260131836, 14.001518249511719, 27.014217376708984, -56.19597625732422, -11.350516319274902, 67.22957611083984, -35.31781005859375, -67.70166778564453
-13.731745719909668, 9.847288131713867, 39.83904266357422, -29.686288833618164, -62.016937255859375, 61.659912109375, 63.345306396484375, -100.54703521728516
-14.22571086883545, 2.3381412029266357, 48.036800384521484, -4.864320755004883, -79.13955688476562, 11.714985847473145, 85.78217315673828, -17.61313819885254
-14.325176239013672, -4.614226818084717, 40.944580078125, 26.436635971069336, -58.00507736206055, -51.036006927490234, 59.36697769165039, 117.84891510009766
-14.141080856323242, -10.88560962677002, 36.1755485534668, 38.01259994506836, -32.931392669677734, -85.8438949584961, -5.02020263671875, 110.98833465576172
-13.184050559997559, -18.442787170410156, 21.119348526000977, 48.1013298034668, 11.14655590057373, -52.111328125, -81.47688293457031, 26.476539611816406
-12.5438814163208, -20.60393714904785, 6.787258148193359, 62.77835464477539, 62.787540435791016, -16.207529067993164, -68.30701446533203, -45.56149673461914
-11.836841583251953, -24.927671432495117, -8.555693626403809, 32.7149658203125, 64.57401275634766, 45.37264633178711, -53.94626998901367, -127.00751495361328
-11.188727378845215, -26.69267463684082, -20.746793746948242, 12.929244995117188, 50.7721061706543, 101.41863250732422, 43.20555114746094, -52.570770263671875
-9.198741912841797, -25.736772537231445, -39.15312194824219, -17.394960403442383, 23.364601135253906, 89.59552764892578, 117.89448547363281, 78.97309112548828
-8.624664306640625, -27.62139320373535, -44.828041076660156, -33.72968673706055, -16.999597549438477, 31.904541015625, 60.5928955078125, 115.74014282226562
-7.1064772605896, -23.89303207397461, -43.277915954589844, -58.151405334472656, -47.64517593383789, -36.250308990478516, 10.168441772460938, 40.05068588256836
-5.400400161743164, -17.083499908447266, -40.07236862182617, -57.58712387084961, -53.76704406738281, -63.4421272277832, -51.89568328857422, -38.14988708496094
-3.368804693222046, -11.186535835266113, -26.584835052490234, -37.097251892089844, -72.6380386352539, -58.85637664794922, -85.9244613647461, -115.10181427001953
-1.8150694370269775, -6.17046594619751, -9.899057388305664, -15.656612396240234, -29.007095336914062, -44.96892166137695, -54.190738677978516, -48.65681076049805
3.20954408883356e-11, 1.445759654045105, 4.2989630699157715, 9.433368682861328, 11.889625549316406, 24.816896438598633, 25.408504486083984, 45.35578918457031
1.8104110956192017, 8.21098804473877, 19.652803421020508, 32.08491134643555, 42.91416549682617, 68.823486328125, 116.85543060302734, 122.9421157836914
3.6305978298187256, 15.178866386413574, 31.253795623779297, 54.439247131347656, 72.0951156616211, 62.88462829589844, 97.41169738769531, 107.35675048828125
5.4101738929748535, 22.037418365478516, 45.96350860595703, 55.0853157043457, 73.1083984375, 38.10093307495117, 22.76930046081543, -18.363731384277344
6.594021797180176, 24.763534545898438, 47.385337829589844, 46.030635833740234, 35.27543640136719, -11.604216575622559, -52.43046569824219, -77.53999328613281
8.367886543273926, 27.36273765563965, 33.74711990356445, 23.217342376708984, -11.831326484680176, -77.42050170898438, -128.17239379882812, -84.99840545654297
9.632089614868164, 26.230079650878906, 31.267417907714844, -1.166657567024231, -52.23574447631836, -59.84169006347656, -58.6115837097168, 13.639915466308594
11.144360542297363, 26.0781307220459, 17.46757698059082, -30.877212524414062, -74.06773376464844, -72.67063903808594, 21.028879165649414, 108.8111343383789
11.3781156539917, 25.97405433654785, 1.0355980396270752, -40.46036911010742, -54.050846099853516, -0.08256077766418457, 60.739070892333984, 71.81044006347656
12.964269638061523, 20.041038513183594, -15.733036041259766, -61.23896026611328, -25.49639320373535, 73.6351318359375, 97.6625747680664, 2.270672082901001
13.38789176940918, 15.7737398147583, -31.695322036743164, -45.97435760498047, 14.847716331481934, 61.32320022583008, 39.400943756103516, -101.7896499633789
13.382290840148926, 9.23132038116455, -42.105831146240234, -35.22343826293945, 49.817283630371094, 70.32734680175781, -47.57145690917969, -101.53485107421875
13.410981178283691, 2.2380318641662598, -43.575469970703125, -6.837985515594482, 65.78845977783203, 7.9038920402526855, -130.00621032714844, -16.280059814453125
13.698812484741211, -5.071441173553467, -43.69196319580078, 17.705289840698242, 59.787532806396484, -59.78487777709961, -78.27452087402344, 58.3112678527832
13.594001770019531, -10.914212226867676, -30.081796646118164, 46.90646743774414, 26.039791107177734, -96.02860260009766, 4.780004978179932, 121.69898986816406
13.626069068908691, -17.284622192382812, -19.797740936279297, 64.85029602050781, -17.24523162841797, -69.4220199584961, 79.61665344238281, 38.110233306884766
12.664249420166016, -22.48137092590332, -7.3530192375183105, 56.17729187011719, -42.76287078857422, -20.541969299316406, 79.48212432861328, -71.78152465820312
12.212947845458984, -26.561613082885742, 9.06867790222168, 33.08889389038086, -67.54235076904297, 47.7657585144043, 52.1599235534668, -103.10993957519531
10.602511405944824, -30.60235595703125, 27.55745506286621, 14.118040084838867, -64.99156951904297, 62.898193359375, -38.527835845947266, -57.224239349365234
9.452260971069336, -26.231857299804688, 32.38338851928711, -12.4843111038208, -31.23639678955078, 71.47688293457031, -72.0412826538086, 53.564369201660156
8.498434066772461, -24.39881706237793, 43.168819427490234, -44.039520263671875, 14.220420837402344, 38.00293731689453, -90.42205047607422, 93.44528198242188
7.0502495765686035, -22.341461181640625, 47.39289474487305, -50.8790283203125, 46.37656784057617, -28.50900650024414, -6.370016574859619, 38.14076232910156
5.24105167388916, -18.741342544555664, 34.58586502075195, -45.325347900390625, 69.5567855834961, -72.34197235107422, 90.74279022216797, -70.71246337890625
3.5452914237976074, -13.374500274658203, 26.190399169921875, -48.542476654052734, 72.16436767578125, -72.91606903076172, 104.29627990722656, -133.22850036621094
1.8073433637619019, -6.146665096282959, 11.849878311157227, -21.048234939575195, 25.78679847717285, -47.265018463134766, 52.97510528564453, -95.46076202392578
-3.3653260733679247e-11, 1.474960207939148, -4.155733585357666, 8.697250366210938, -10.885360717773438, 18.493459701538086, -32.97845458984375, 46.52330017089844
-1.7952898740768433, 7.959828853607178, -19.67622947692871, 30.3763427734375, -57.01262664794922, 84.88438415527344, -81.18895721435547, 121.76880645751953
-3.496983528137207, 15.472034454345703, -33.7897834777832, 56.91303253173828, -56.13105392456055, 75.68438720703125, -82.19708251953125, 66.34455871582031
-5.442797660827637, 18.35059356689453, -36.621185302734375, 46.84405517578125, -66.1129379272461, 46.894771575927734, -26.1590576171875, -34.33672332763672
-7.140600681304932, 22.98601722717285, -44.55131149291992, 55.02444839477539, -36.44086837768555, -11.01074504852295, 59.506927490234375, -102.22355651855469
-8.557490348815918, 24.639938354492188, -39.412109375, 24.77115249633789, 15.25633716583252, -62.27613067626953, 130.80014038085938, -104.03163146972656
-9.737650871276855, 30.67491340637207, -28.5654239654541, -1.525587797164917, 49.10919189453125, -60.44020080566406, 68.6636734008789, 12.075752258300781
-10.941869735717773, 27.3607120513916, -14.781026840209961, -27.018871307373047, 68.68742370605469, -47.201568603515625, -19.219099044799805, 69.0573959350586
-12.2411527633667, 24.526445388793945, -1.238053798675537, -52.348243713378906, 70.89246368408203, -0.1326603889465332, -84.70122528076172, 64.35372161865234
-12.747177124023438, 19.537914276123047, 15.7337646484375, -66.02722930908203, 29.988557815551758, 56.58182907104492, -110.06932067871094, 2.960844039916992
-13.476078987121582, 15.829683303833008, 26.77792739868164, -50.19743728637695, -11.737471580505371, 87.80284881591797, -23.9176025390625, -115.73673248291016
-14.24774169921875, 8.38159465789795, 35.65054702758789, -35.362022399902344, -52.71741485595703, 67.2073745727539, 44.98502731323242, -142.300048828125
-14.01347827911377, 2.0688819885253906, 47.22452926635742, -5.175106048583984, -71.9896011352539, 11.564568519592285, 113.43914031982422, -21.54150390625
-14.796653747558594, -4.688206195831299, 37.47544860839844, 18.23258399963379, -61.042842864990234, -61.92832565307617, 71.94635009765625, 98.120849609375
-14.46354866027832, -10.792256355285645, 35.00516891479492, 46.92952346801758, -26.025815963745117, -67.82703399658203, -5.303725719451904, 108.45233917236328
-12.872697830200195, -17.997880935668945, 18.945423126220703, 62.52817916870117, 11.471654891967773, -61.23974609375, -55.44995880126953, 32.45919418334961
-13.17724895477295, -21.899045944213867, 5.8916802406311035, 44.09701919555664, 55.554683685302734, -24.97646141052246, -120.68962097167969, -68.55940246582031
-12.28751277923584, -24.71038818359375, -9.357248306274414, 40.789608001708984, 70.04524993896484, 34.730552673339844, -56.77607345581055, -131.15362548828125
-10.659374237060547, -27.256032943725586, -24.651660919189453, 14.579815864562988, 54.7196044921875, 63.66896438598633, 28.01973533630371, -38.31594467163086
-9.715564727783203, -30.528972625732422, -30.459272384643555, -14.600762367248535, 34.974613189697266, 83.58113861083984, 104.32606506347656, 50.124942779541016
-8.657684326171875, -25.53704833984375, -38.41056442260742, -36.91328430175781, -11.576358795166016, 24.156021118164062, 56.0941276550293, 151.958984375
-6.808286666870117, -22.002704620361328, -45.48587417602539, -60.44385528564453, -47.40091323852539, -30.135591506958008, 10.116485595703125, 56.16768264770508
-5.388923168182373, -17.090829849243164, -33.79538345336914, -58.935420989990234, -86.82984924316406, -61.79214096069336, -53.922794342041016, -40.73725891113281
-3.5035159587860107, -13.043039321899414, -24.919132232666016, -46.20998001098633, -46.67927932739258, -74.85163116455078, -68.36540222167969, -107.42326354980469
-1.8596084117889404, -5.793812274932861, -11.901206970214844, -17.761825561523438, -28.15817642211914, -42.63270568847656, -59.416866302490234, -73.8063735961914
3.40619026040212e-11, 1.3822338581085205, 4.095315456390381, 9.725319862365723, 16.928253173828125, 19.152944564819336, 28.534732818603516, 42.563072204589844
1.8379724025726318, 8.411731719970703, 22.231937408447266, 40.462982177734375, 49.44089126586914, 66.3251724243164, 116.85955810546875, 131.9468994140625
3.384788990020752, 16.02313804626465, 28.204687118530273, 57.582740783691406, 82.75555419921875, 86.36714935302734, 78.18730163574219, 65.7333755493164
5.064080238342285, 21.73443603515625, 34.42461013793945, 60.920631408691406, 58.813880920410156, 57.390132904052734, 13.709145545959473, -21.305034637451172
7.011847019195557, 22.330533981323242, 36.64594268798828, 55.13285827636719, 32.31977462768555, -10.617559432983398, -76.13926696777344, -142.81124877929688
8.135771751403809, 29.4210205078125, 36.437252044677734, 21.365720748901367, -12.164484977722168, -49.305694580078125, -71.1046142578125, -106.77252960205078
9.649894714355469, 29.912853240966797, 31.653535842895508, -1.109549641609192, -59.10043716430664, -88.9898681640625, -74.01141357421875, 9.432430267333984
10.823944091796875, 29.880107879638672, 15.846837997436523, -32.755714416503906, -59.688926696777344, -56.91221618652344, 16.887842178344727, 135.36521911621094
11.565292358398438, 27.09950828552246, 1.0447607040405273, -48.5496711730957, -46.377403259277344, -0.08248095214366913, 98.41592407226562, 133.09141540527344
12.473082542419434, 22.471233367919922, -13.225269317626953, -52.12361145019531, -23.28577423095703, 41.38117980957031, 102.65596771240234, 3.4515223503112793
13.88830852508545, 14.107582092285156, -30.61702537536621, -52.48434066772461, 15.42401123046875, 77.12361907958984, 31.66459083557129, -105.09708404541016
13.996853828430176, 8.641412734985352, -32.38716506958008, -35.534358978271484, 51.796146392822266, 61.37484359741211, -37.3226432800293, -100.92729949951172
13.792224884033203, 2.0343785285949707, -44.882568359375, -4.650650978088379, 81.05667877197266, 9.198522567749023, -97.9665298461914, -10.5824613571167
14.018241882324219, -4.488149642944336, -43.39020538330078, 26.24342918395996, 56.62189865112305, -42.13421630859375, -80.44886016845703, 108.80027770996094
13.576287269592285, -11.71162223815918, -29.280616760253906, 39.91511917114258, 23.61832046508789, -99.36553192138672, 5.269690036773682, 77.89602661132812
13.017213821411133, -16.57295036315918, -19.323577880859375, 48.6661376953125, -14.992389678955078, -82.01976013183594, 89.7184829711914, 25.46837615966797
12.883613586425781, -23.2571964263916, -6.978806972503662, 60.59404754638672, -59.44646453857422, -19.658485412597656, 68.00397491455078, -62.20737838745117
11.63051986694336, -27.668596267700195, 8.829384803771973, 44.28557205200195, -64.80921936035156, 39.879791259765625, 48.58589553833008, -118.5338363647461
11.018192291259766, -25.723356246948242, 25.23340606689453, 13.897631645202637, -65.08606719970703, 79.26235961914062, -27.51884651184082, -53.02456283569336
10.061017990112305, -29.012432098388672, 37.97807312011719, -13.564484596252441, -32.143341064453125, 96.94499206542969, -94.18383026123047, 54.84941864013672
8.65389347076416, -24.48099136352539, 38.83287811279297, -33.2547721862793, 13.946455955505371, 32.95677185058594, -100.01229858398438, 158.23536682128906
7.055108070373535, -22.805755615234375, 37.10121536254883, -60.225643157958984, 49.38230895996094, -27.257638931274414, -9.172593116760254, 66.2378158569336
5.392322540283203, -16.799829483032227, 38.555606842041016, -61.821746826171875, 64.5076904296875, -84.00931549072266, 76.96949768066406, -67.89806365966797
3.5327601432800293, -12.584824562072754, 27.917865753173828, -43.68198013305664, 47.858158111572266, -99.37628936767578, 111.34302520751953, -69.26751708984375
1.791336178779602, -6.04227876663208, 10.435111045837402, -16.657033920288086, 31.012107849121094, -34.68037033081055, 56.6870002746582, -66.06785583496094
-3.418263241905528e-11, 1.4865961074829102, -3.872767448425293, 9.029723167419434, -12.907827377319336, 19.34757423400879, -31.371919631958008, 35.00384521484375
-1.8065990209579468, 8.544510841369629, -19.260507583618164, 36.94939422607422, -65.1164321899414, 65.31321716308594, -116.77989196777344, 76.49949645996094
-3.689164638519287, 14.221292495727539, -29.83812141418457, 41.977195739746094, -79.5253677368164, 80.67606353759766, -114.3924560546875, 59.02467346191406
-5.4580841064453125, 19.665252685546875, -37.611907958984375, 54.94093322753906, -58.687461853027344, 55.27214431762695, -14.140464782714844, -19.448259353637695
-6.601513385772705, 25.48723602294922, -46.80305099487305, 48.04385757446289, -26.947311401367188, -9.169724464416504, 54.567779541015625, -146.44137573242188
-8.662181854248047, 24.70351791381836, -33.359710693359375, 26.754573822021484, 13.592177391052246, -48.79738235473633, 125.12008666992188, -112.87520599365234
-9.492069244384766, 27.45659828186035, -30.22691535949707, -1.5455504655838013, 54.55900192260742, -89.96925354003906, 50.3252067565918, 6.834473133087158
-11.251174926757812, 28.205078125, -18.00896644592285, -24.695039749145508, 81.60711669921875, -53.51485824584961, -11.23023796081543, 72.22012329101562
-11.778329849243164, 25.261125564575195, -1.0212469100952148, -51.69109344482422, 52.429443359375, -0.1327311396598816, -111.9111557006836, 116.78246307373047
-13.19312572479248, 22.86608123779297, 13.453838348388672, -67.20291137695312, 36.254390716552734, 48.185218811035156, -93.0032730102539, 2.1148078441619873
-13.062689781188965, 15.258678436279297, 24.79709243774414, -60.24238967895508, -10.721830368041992, 85.1214828491211, -28.73257827758789, -73.0976333618164
-14.43932819366455, 9.765847206115723, 42.86331558227539, -26.787918090820312, -39.60212326049805, 74.57902526855469, 53.60474395751953, -102.23787689208984
-13.96682071685791, 2.151798725128174, 37.245059967041016, -5.467522621154785, -54.65748977661133, 11.304281234741211, 122.89488983154297, -11.114034652709961
-14.486282348632812, -4.477766990661621, 43.839256286621094, 24.634798049926758, -49.056312561035156, -44.71409606933594, 88.71701049804688, 75.47411346435547
-14.194007873535156, -12.62816333770752, 37.58495330810547, 45.80411148071289, -26.64240074157715, -90.47856140136719, -4.957172870635986, 88.28250122070312
-13.403034210205078, -18.77457046508789, 20.80655288696289, 50.82345199584961, 12.938987731933594, -57.73843765258789, -72.58611297607422, 27.75377655029297
-13.020191192626953, -23.616676330566406, 6.60990571975708, 44.16515350341797, 55.285491943359375, -16.2615966796875, -71.12289428710938, -95.37355041503906
-12.35793685913086, -25.77016258239746, -10.604813575744629, 36.33292007446289, 78.4308853149414, 48.14939880371094, -40.42924880981445, -108.74851989746094
-11.340836524963379, -30.43341064453125, -22.04922103881836, 11.04223346710205, 63.351036071777344, 78.21932220458984, 52.7276725769043, -54.28784942626953
-9.472369194030762, -25.5975341796875, -33.609222412109375, -17.655006408691406, 28.350494384765625, 56.924678802490234, 85.98912811279297, 50.51736068725586
-8.221966743469238, -27.95102310180664, -36.35932159423828, -45.79423141479492, -13.208827018737793, 29.792251586914062, 63.202247619628906, 93.92129516601562
-6.521376609802246, -21.554983139038086, -37.459842681884766, -51.77397918701172, -64.04924011230469, -33.969642639160156, 9.861771583557129, 46.511539459228516
-5.202391624450684, -16.99330711364746, -39.13413619995117, -53.59889602661133, -86.3307113647461, -76.83641815185547, -55.679298400878906, -51.88673400878906
-3.674276113510132, -12.388019561767578, -23.216510772705078, -48.65232467651367, -54.660377502441406, -96.10112762451172, -90.11930847167969, -152.71493530273438
-1.7927290201187134, -6.08973503112793, -10.00459098815918, -23.402584075927734, -34.60249328613281, -47.19327163696289, -62.567718505859375, -85.75931549072266
3.2001321731423005e-11, 1.3256597518920898, 4.819922924041748, 7.818485260009766, 16.340862274169922, 26.557125091552734, 26.466032028198242, 38.51767349243164
1.774286150932312, 8.396940231323242, 18.551158905029297, 37.16111755371094, 62.306396484375, 69.10822296142578, 64.94745635986328, 129.570068359375
3.5131378173828125, 15.90725040435791, 34.23439025878906, 45.534725189208984, 76.76466369628906, 58.589866638183594, 90.21546936035156, 57.559932708740234
5.028414249420166, 21.56100845336914, 42.471954345703125, 46.37080764770508, 70.86556243896484, 40.043766021728516, 23.883588790893555, -25.651580810546875
7.029006004333496, 26.010839462280273, 42.112030029296875, 54.81078338623047, 33.46942138671875, -12.55684757232666, -40.85573959350586, -120.3538589477539
8.565576553344727, 26.4727725982666, 37.13802719116211, 22.489782333374023, -11.657230377197266, -79.05757904052734, -92.69440460205078, -107.67588806152344
9.766109466552734, 27.57452392578125, 25.55609130859375, -1.3061434030532837, -48.88963317871094, -107.62495422363281, -52.282649993896484, 11.989080429077148
10.397712707519531, 27.85533332824707, 16.09581756591797, -27.863107681274414, -58.57335662841797, -67.43273162841797, 21.27471351623535, 97.93427276611328
12.255536079406738, 26.030109405517578, 1.2160816192626953, -43.81117248535156, -58.54022979736328, -0.13617675006389618, 75.61447143554688, 68.89996337890625
13.00742244720459, 18.84917449951172, -13.316445350646973, -59.383056640625, -34.424644470214844, 60.517967224121094, 84.97268676757812, 2.158015489578247
12.990799903869629, 15.692729949951172, -28.31488800048828, -49.51512908935547, 12.360067367553711, 67.05833435058594, 21.293792724609375, -119.65872955322266
13.961448669433594, 8.80965805053711, -36.22457504272461, -30.80370330810547, 43.613582611083984, 55.765323638916016, -56.88737869262695, -83.8904037475586
14.543341636657715, 2.0708587169647217, -40.90742492675781, -4.612148761749268, 82.9007339477539, 13.078286170959473, -78.22364044189453, -19.532350540161133
13.738383293151855, -4.551416397094727, -45.48158645629883, 20.800779342651367, 71.2210922241211, -61.928810119628906, -97.58787536621094, 94.79426574707031
13.930100440979004, -10.775435447692871, -36.02813720703125, 49.31462860107422, 29.458335876464844, -82.68352508544922, 4.227323532104492, 129.76658630371094
12.901725769042969, -16.380542755126953, -21.06668472290039, 55.30402374267578, -12.849761962890625, -85.56643676757812, 63.91850280761719, 32.2998161315918
13.258788108825684, -20.93205451965332, -5.667757034301758, 46.987030029296875, -53.9011116027832, -22.01907730102539, 101.55785369873047, -57.84271240234375
12.27757740020752, -27.257102966308594, 10.647087097167969, 38.903350830078125, -79.15716552734375, 31.886672973632812, 42.56794357299805, -139.66502380371094
11.049515724182129, -28.995891571044922, 20.879928588867188, 13.064334869384766, -47.94334030151367, 66.90982055664062, -34.07498550415039, -31.75165557861328
9.690084457397461, -26.98274803161621, 32.829994201660156, -15.770805358886719, -29.74155044555664, 62.49139404296875, -89.062255859375, 83.2316665649414
8.669252395629883, -28.93779754638672, 47.158748626708984, -33.308311462402344, 13.082151412963867, 37.97013854980469, -91.17378234863281, 103.12376403808594
6.547348976135254, -20.93427848815918, 40.398990631103516, -50.960018157958984, 50.168521881103516, -31.802825927734375, -7.248017311096191, 37.47683334350586
5.249744415283203, -17.525426864624023, 38.514923095703125, -52.31633758544922, 85.41399383544922, -75.41146087646484, 54.445045471191406, -60.37779235839844
3.4440865516662598, -13.510590553283691, 26.182071685791016, -40.91976547241211, 66.24859619140625, -92.31864166259766, 83.44792938232422, -115.98397064208984
1.8184659481048584, -5.632996082305908, 11.083964347839355, -22.318811416625977, 34.54554748535156, -42.17641830444336, 49.60817337036133, -67.84628295898438
-3.3576769836729525e-11, 1.4076793193817139, -3.9644925594329834, 9.313980102539062, -16.101659774780273, 17.12289810180664, -25.973907470703125, 48.84659957885742
-3.5982601642608643, 16.120718002319336, -36.72926712036133, 48.55043411254883, -76.68572235107422, 71.46427917480469, -90.7038345336914, 61.20720672607422
-4.995400428771973, 21.317537307739258, -37.93553924560547, 49.12770080566406, -55.49143600463867, 51.758235931396484, -16.618450164794922, -32.96287536621094
-6.89335298538208, 26.213504791259766, -46.032779693603516, 42.88229751586914, -24.337221145629883, -9.657456398010254, 50.76638412475586, -81.86643981933594
-8.201472282409668, 29.335254669189453, -34.03392791748047, 30.758914947509766, 12.267997741699219, -53.373870849609375, 121.2142105102539, -112.68004608154297
-9.439988136291504, 26.959917068481445, -33.84823989868164, -1.2424805164337158, 55.00379943847656, -61.54701614379883, 81.41304779052734, 6.972578048706055
-10.380858421325684, 26.744600296020508, -17.541940689086914, -25.62571907043457, 58.431941986083984, -72.74818420410156, -22.785367965698242, 121.26488494873047
-12.433406829833984, 25.40081214904785, -1.0467785596847534, -56.94771957397461, 58.60979461669922, -0.10295267403125763, -85.5569839477539, 122.13909912109375
-12.829617500305176, 19.957422256469727, 15.317756652832031, -50.291015625, 32.725730895996094, 67.65569305419922, -88.9979476928711, 3.3779287338256836
-13.960591316223145, 16.9173641204834, 26.666898727416992, -45.11894226074219, -15.793625831604004, 103.9544906616211, -24.175212860107422, -96.81257629394531
-13.72226619720459, 8.893437385559082, 43.576263427734375, -36.70010757446289, -44.149757385253906, 65.6742935180664, 42.564918518066406, -144.88348388671875
-14.42132568359375, 2.2836577892303467, 39.29086685180664, -5.556915760040283, -70.2042007446289, 11.325356483459473, 108.9020004272461, -23.86418342590332
-14.521713256835938, -4.72821044921875, 43.14105987548828, 24.021106719970703, -61.897342681884766, -37.47154235839844, 90.05316925048828, 98.03973388671875
-13.294493675231934, -11.763273239135742, 28.566516876220703, 44.15582275390625, -32.61750793457031, -91.4343032836914, -5.627190113067627, 117.02033996582031
-13.846902847290039, -18.2686767578125, 21.985004425048828, 58.4057502746582, 16.843050003051758, -62.088680267333984, -92.91643524169922, 20.811473846435547
-12.818615913391113, -24.468929290771484, 5.588247776031494, 44.578487396240234, 47.189308166503906, -25.12807846069336, -72.5237045288086, -62.16706466674805
-11.613001823425293, -27.558042526245117, -8.07888126373291, 44.856597900390625, 68.33177947998047, 46.73858642578125, -47.99144744873047, -136.52362060546875
-11.073345184326172, -26.034788131713867, -22.969812393188477, 11.08373737335205, 70.31834411621094, 88.91248321533203, 35.38945007324219, -43.39638900756836
-9.749773025512695, -29.297653198242188, -29.964208602905273, -12.800137519836426, 27.595495223999023, 90.27210235595703, 66.0586166381836, 68.40525817871094
-8.441812515258789, -28.3858642578125, -40.77705383300781, -37.75148010253906, -15.978017807006836, 35.04476547241211, 69.15192413330078, 68.62519073486328
-7.108386039733887, -21.79411506652832, -38.018577575683594, -48.35504913330078, -57.74979782104492, -38.75202178955078, 8.01102066040039, 76.61356353759766
-5.255875110626221, -17.074827194213867, -40.97964859008789, -55.252166748046875, -78.6686019897461, -60.672813415527344, -77.09426879882812, -37.663875579833984
-3.492631673812866, -12.788161277770996, -27.185102462768555, -49.81367492675781, -70.17560577392578, -72.71671295166016, -86.42228698730469, -153.62835693359375
-1.7266749143600464, -5.407688617706299, -12.299826622009277, -20.099727630615234, -24.384450912475586, -42.12234115600586, -53.99524688720703, -60.710777282714844
3.4043493718494133e-11, 1.3806108236312866, 4.288893222808838, 8.817242622375488, 11.268444061279297, 19.45425796508789, 30.95694923400879, 49.388031005859375
1.7503231763839722, 8.958250999450684, 19.417089462280273, 39.373626708984375, 55.91869354248047, 61.317256927490234, 88.8017578125, 89.69566345214844
3.3899548053741455, 16.22943115234375, 35.76297378540039, 41.5846061706543, 70.14303588867188, 107.61046600341797, 108.65493774414062, 102.17552947998047
5.202178001403809, 21.731008529663086, 39.388343811035156, 57.1712532043457, 65.12444305419922, 45.76359939575195, 22.146120071411133, -31.546260833740234
6.7096171379089355, 26.35171127319336, 43.47332763671875, 53.827964782714844, 30.6610107421875, -13.389228820800781, -61.989906311035156, -67.72412109375
8.58554458618164, 29.042499542236328, 38.8920783996582, 22.702713012695312, -16.7194766998291, -82.06541442871094, -68.16071319580078, -120.96355438232422
10.092321395874023, 28.31070899963379, 31.25440216064453, -1.2718017101287842, -61.75363540649414, -59.695430755615234, -49.419620513916016, 15.175233840942383
11.039417266845703, 29.22001838684082, 16.262218475341797, -24.284658432006836, -72.12330627441406, -49.12984085083008, 18.961585998535156, 83.31766510009766
12.475302696228027, 24.21481704711914, 1.0878045558929443, -48.87584686279297, -68.84910583496094, -0.13434891402721405, 87.1978530883789, 87.09561157226562
12.79133129119873, 22.704803466796875, -13.487157821655273, -51.99342727661133, -30.513647079467773, 41.76815414428711, 75.39952850341797, 2.336489677429199
13.978769302368164, 14.704680442810059, -30.579771041870117, -50.694862365722656, 16.38593292236328, 66.09642791748047, 38.82706069946289, -116.55194091796875
14.365257263183594, 9.116843223571777, -33.17939376831055, -26.292692184448242, 42.1173095703125, 55.08229064941406, -40.17774963378906, -135.04347229003906
13.683403015136719, 2.0371413230895996, -37.448699951171875, -6.42664098739624, 71.46251678466797, 12.089160919189453, -124.39185333251953, -17.116018295288086
13.560117721557617, -5.369958400726318, -39.47764587402344, 17.96430206298828, 65.19989013671875, -50.68828201293945, -64.78656005859375, 99.22331237792969
13.513742446899414, -12.867841720581055, -34.908016204833984, 45.869049072265625, 34.84516143798828, -84.6877670288086, 4.896981239318848, 82.78056335449219
12.957776069641113, -17.68576431274414, -20.374027252197266, 60.162750244140625, -16.2794189453125, -53.80830383300781, 61.481754302978516, 27.313152313232422
12.766291618347168, -23.519685745239258, -7.26784610748291, 45.791603088378906, -54.06489562988281, -23.467470169067383, 92.6130142211914, -57.17570877075195
12.1156587600708, -27.727771759033203, 9.595044136047363, 32.73135757446289, -71.96751403808594, 37.98572540283203, 44.34503173828125, -99.79241943359375
10.97978401184082, -26.515113830566406, 20.847305297851562, 11.234349250793457, -57.36818313598633, 72.49143981933594, -51.56275177001953, -57.59246063232422
9.91572093963623, -29.38896942138672, 30.757165908813477, -14.607993125915527, -34.75651168823242, 90.62715148925781, -120.6496810913086, 60.99046325683594
8.66952896118164, -24.209247589111328, 40.2181510925293, -31.851327896118164, 16.252132415771484, 26.45535659790039, -77.02806854248047, 112.46551513671875
7.109922885894775, -23.34259605407715, 39.19260787963867, -64.38472747802734, 59.466064453125, -26.199310302734375, -9.46273422241211, 66.72787475585938
5.381406784057617, -17.017383575439453, 40.1552848815918, -57.64527893066406, 68.14039611816406, -94.00138854980469, 83.17484283447266, -61.01496887207031
3.643317937850952, -11.94113826751709, 29.617040634155273, -44.65333557128906, 48.926578521728516, -96.97116088867188, 126.79085540771484, -132.80291748046875
1.7993125915527344, -5.228274345397949, 11.623761177062988, -21.480451583862305, 31.16516876220703, -33.196346282958984, 62.90503692626953, -68.30120849609375
-3.390164884931046e-11, 1.2899247407913208, -4.064513683319092, 8.85838794708252, -14.903438568115234, 27.010984420776367, -34.2126579284668, 45.62248229980469
-1.8309458494186401, 8.865973472595215, -18.98116683959961, 35.992862701416016, -40.456634521484375, 73.40288543701172, -65.09431457519531, 131.90155029296875
-3.4163291454315186, 13.650704383850098, -35.87782669067383, 50.37483215332031, -82.34553527832031, 60.385093688964844, -62.708824157714844, 82.57059478759766
-5.162635326385498, 22.36198616027832, -41.91197967529297, 57.22348403930664, -50.657814025878906, 43.44374084472656, -19.244630813598633, -31.33942222595215
-6.962371349334717, 26.713062286376953, -38.60542297363281, 53.68612289428711, -35.07777786254883, -12.442788124084473, 45.494354248046875, -120.15969848632812
-7.9544548988342285, 25.97271728515625, -34.17982864379883, 28.911102294921875, 13.130977630615234, -82.36758422851562, 121.52722930908203, -83.01042175292969
-9.233333587646484, 26.872718811035156, -33.54067611694336, -1.1852260828018188, 63.39218521118164, -65.91087341308594, 70.67549133300781, 9.578277587890625
-10.94096565246582, 28.62928581237793, -15.644021987915039, -26.092483520507812, 75.62464904785156, -55.29314041137695, -17.32332420349121, 107.1033706665039
-11.96536922454834, 26.932785034179688, -0.9567323923110962, -39.51603698730469, 73.88249206542969, -0.08653715252876282, -80.18168640136719, 126.8018798828125
-12.800467491149902, 20.390073776245117, 13.794610977172852, -66.83122253417969, 34.69303512573242, 73.40721893310547, -115.00194549560547, 2.9860472679138184
-13.829475402832031, 14.252019882202148, 27.108327865600586, -50.69951248168945, -16.02731704711914, 75.49510955810547, -30.167552947998047, -82.45980834960938
-13.937950134277344, 8.944069862365723, 41.89932632446289, -26.954545974731445, -50.21943664550781, 54.204833984375, 40.06631088256836, -134.06222534179688
-14.098346710205078, 2.0638363361358643, 37.583770751953125, -5.316643714904785, -68.29363250732422, 8.285527229309082, 102.93804168701172, -14.386067390441895
-14.759779930114746, -4.4710283279418945, 41.849483489990234, 26.500869750976562, -55.63248062133789, -62.54928970336914, 73.66816711425781, 75.52001190185547
-13.74594497680664, -11.299576759338379, 31.094066619873047, 45.3558349609375, -30.494428634643555, -72.63792419433594, -3.8692164421081543, 79.17377471923828
-13.51771068572998, -16.926990509033203, 18.882287979125977, 45.515602111816406, 12.661660194396973, -83.61836242675781, -92.9151611328125, 18.939870834350586
-13.203895568847656, -23.517370223999023, 6.660772323608398, 54.410125732421875, 48.63071060180664, -20.555715560913086, -104.28141784667969, -47.56697463989258
-11.860681533813477, -26.829904556274414, -9.67866039276123, 35.183013916015625, 75.82030487060547, 42.6794319152832, -46.49652099609375, -99.51647186279297
-10.54141902923584, -30.5506534576416, -25.091718673706055, 11.37395191192627, 57.10013198852539, 65.14012145996094, 47.67253875732422, -51.03009796142578
-9.565820693969727, -25.756683349609375, -30.90321922302246, -17.525535583496094, 36.54071044921875, 88.20606231689453, 68.80371856689453, 57.38513946533203
-8.387701034545898, -26.513587951660156, -45.8065071105957, -43.10960006713867, -10.934517860412598, 40.41899871826172, 97.9396743774414, 84.31941986083984
-6.784936428070068, -25.08572006225586, -44.41433334350586, -47.510318756103516, -64.13892364501953, -34.64551544189453, 5.785946846008301, 68.09606170654297
-5.2839131355285645, -18.319576263427734, -33.519126892089844, -46.022003173828125, -78.17595672607422, -54.098228454589844, -68.9597396850586, -64.59640502929688
-3.4349825382232666, -13.009343147277832, -29.306169509887695, -35.932376861572266, -50.97883987426758, -75.07672882080078, -84.84791564941406, -105.0294189453125
-1.7446479797363281, -5.26879358291626, -13.002434730529785, -18.5394287109375, -36.32604217529297, -41.69675827026367, -36.166072845458984, -86.3701171875
3.390981245798841e-11, 1.447571873664856, 4.461039066314697, 9.660300254821777, 17.303958892822266, 25.87381362915039, 38.977439880371094, 53.23360824584961
1.796041488647461, 8.71662712097168, 20.867507934570312, 33.99054718017578, 39.244083404541016, 57.65235137939453, 114.21691131591797, 133.2000732421875
3.3869211673736572, 15.517585754394531, 35.32740783691406, 57.67796325683594, 63.06596755981445, 88.1928939819336, 62.111392974853516, 95.50469207763672
5.277070045471191, 19.850265502929688, 44.27572250366211, 47.63897705078125, 70.93054962158203, 64.25167846679688, 19.21796989440918, -21.76637077331543
6.6267781257629395, 23.697216033935547, 43.681697845458984, 38.24887466430664, 25.109169006347656, -11.723498344421387, -61.98892593383789, -88.26300048828125
8.564717292785645, 25.612300872802734, 34.245731353759766, 22.003103256225586, -14.694828033447266, -70.25721740722656, -128.47695922851562, -59.46107864379883
9.91619873046875, 30.109209060668945, 25.53680992126465, -1.3517260551452637, -54.53364944458008, -91.38800048828125, -50.160255432128906, 15.548481941223145
11.278715133666992, 26.716693878173828, 16.921897888183594, -26.589860916137695, -67.6706314086914, -52.66899490356445, 15.162367820739746, 69.74114990234375
11.38943099975586, 27.042259216308594, 1.1237506866455078, -41.92355728149414, -53.689815521240234, -0.14455477893352509, 78.27835083007812, 99.96046447753906
13.218925476074219, 19.3188533782959, -14.537191390991211, -64.12654876708984, -32.7960205078125, 65.81604766845703, 61.66032791137695, 3.5356342792510986
13.289030075073242, 16.9650936126709, -24.90963363647461, -59.452728271484375, 15.123395919799805, 98.6603775024414, 21.341876983642578, -63.84233856201172
14.555303573608398, 8.496262550354004, -34.07324981689453, -32.795169830322266, 58.18980407714844, 65.15451049804688, -51.32396697998047, -70.07540893554688
14.783254623413086, 2.129115343093872, -44.80978775024414, -6.560979843139648, 75.41637420654297, 12.065813064575195, -122.69931030273438, -15.565042495727539
14.59138011932373, -4.71654748916626, -35.486106872558594, 26.27464485168457, 53.0728645324707, -51.3490104675293, -92.79357147216797, 116.634033203125
13.410359382629395, -11.5735502243042, -30.242965698242188, 43.973106384277344, 26.512042999267578, -100.07613372802734, 5.915782451629639, 118.6083755493164
13.18809986114502, -17.048322677612305, -18.487667083740234, 60.92763137817383, -12.636431694030762, -79.00810241699219, 66.30573272705078, 29.07827377319336
12.945801734924316, -21.9739990234375, -6.787357330322266, 63.81064224243164, -44.036537170410156, -23.429677963256836, 64.24083709716797, -100.8786392211914
12.034083366394043, -28.577821731567383, 9.727612495422363, 43.80342483520508, -59.15134811401367, 47.32670211791992, 50.02478790283203, -70.90245056152344
11.17443561553955, -30.581417083740234, 20.751005172729492, 13.00287914276123, -70.8018569946289, 98.89542388916016, -44.61069107055664, -40.85443878173828
9.797828674316406, -26.69313621520996, 34.00299072265625, -12.544663429260254, -32.979984283447266, 74.28887176513672, -126.84835052490234, 66.2044677734375
8.309791564941406, -25.815271377563477, 40.10279083251953, -41.74465560913086, 16.69774627685547, 23.096345901489258, -81.4293212890625, 111.70414733886719
7.130876064300537, -24.585895538330078, 44.1812858581543, -63.16862106323242, 43.96226501464844, -33.41499710083008, -9.220939636230469, 64.24835205078125
5.464146614074707, -17.22248077392578, 39.56044387817383, -64.36933135986328, 71.33971405029297, -96.38204193115234, 91.48731994628906, -40.579750061035156
3.450305223464966, -11.486614227294922, 26.063899993896484, -50.24640655517578, 69.51506042480469, -98.45329284667969, 97.68806457519531, -133.0552978515625
1.7151798009872437, -5.633652687072754, 9.934798240661621, -19.54867935180664, 30.56587028503418, -43.7683219909668, 61.36164855957031, -89.70489501953125
-3.385252494991775e-11, 1.4044528007507324, -4.802486896514893, 8.357589721679688, -14.5792818069458, 21.408538818359375, -38.19454574584961, 33.132694244384766
-1.7476840019226074, 8.576410293579102, -19.45962905883789, 39.60886001586914, -41.23704147338867, 54.526615142822266, -92.66102600097656, 118.44969177246094
-3.6773366928100586, 15.955130577087402, -27.663122177124023, 60.40917205810547, -55.08983612060547, 105.03947448730469, -79.27438354492188, 70.97480773925781
-5.306041240692139, 20.71358299255371, -40.3148193359375, 61.72935104370117, -48.07469940185547, 48.415061950683594, -22.304637908935547, -20.218172073364258
-6.614414215087891, 24.125871658325195, -41.7975959777832, 50.33732604980469, -29.527029037475586, -10.747157096862793, 44.31446075439453, -100.0657730102539
-8.652107238769531, 24.678102493286133, -39.28969955444336, 24.707996368408203, 10.891307830810547, -77.96442413330078, 113.70012664794922, -117.08295440673828
-10.042816162109375, 26.9792537689209, -31.653390884399414, -1.3600304126739502, 41.17752456665039, -89.65576934814453, 56.75044250488281, 7.461850643157959
-10.993165016174316, 29.596967697143555, -16.99273681640625, -30.443601608276367, 54.68172836303711, -65.41741943359375, -21.988908767700195, 129.5960235595703
-11.670378684997559, 23.680953979492188, -1.0200058221817017, -56.91029739379883, 56.352439880371094, -0.13571995496749878, -106.57875061035156, 93.82356262207031
-12.471416473388672, 20.343095779418945, 16.653640747070312, -61.25572967529297, 22.827985763549805, 50.767391204833984, -99.6207275390625, 2.5822248458862305
-13.568899154663086, 14.266348838806152, 29.83263397216797, -52.377037048339844, -14.931039810180664, 107.21672821044922, -25.4420108795166, -125.01239013671875
-14.539876937866211, 9.5558443069458, 40.521095275878906, -32.85584259033203, -42.163238525390625, 72.3912353515625, 65.41340637207031, -121.51724243164062
-14.286981582641602, 2.2617688179016113, 39.890724182128906, -6.368226051330566, -81.80531311035156, 12.956369400024414, 100.70059967041016, -17.728755950927734
-14.510038375854492, -4.976561546325684, 39.87850570678711, 26.205078125, -70.27569580078125, -36.934593200683594, 74.3568115234375, 62.51055908203125
-14.291534423828125, -10.958757400512695, 28.639427185058594, 40.4373664855957, -23.79430389404297, -60.02271270751953, -6.281463623046875, 91.1046142578125
-13.987146377563477, -16.783987045288086, 21.29555320739746, 57.45515823364258, 17.12595558166504, -69.40418243408203, -92.83431243896484, 35.60852813720703
-12.194391250610352, -24.271739959716797, 6.501556873321533, 42.760009765625, 46.48731994628906, -26.46222496032715, -93.71353149414062, -93.49972534179688
-11.753442764282227, -24.287105560302734, -10.841423034667969, 38.778106689453125, 69.42808532714844, 42.74878692626953, -28.30358123779297, -76.75025939941406
-10.806037902832031, -26.016700744628906, -23.410900115966797, 10.912294387817383, 57.69190979003906, 94.57461547851562, 45.30857849121094, -43.53897476196289
-9.624685287475586, -26.432559967041016, -32.68244934082031, -12.669857025146484, 23.874181747436523, 68.1174087524414, 119.65033721923828, 64.70903778076172
-8.042854309082031, -26.737377166748047, -43.40758514404297, -35.45201110839844, -11.085691452026367, 38.885154724121094, 60.823463439941406, 97.87591552734375
-7.0341386795043945, -22.021638870239258, -44.12543869018555, -61.34302520751953, -49.77652359008789, -23.402652740478516, 9.84142780303955, 46.882713317871094
-5.169558048248291, -16.69626808166504, -41.46281051635742, -51.39679718017578, -72.15912628173828, -62.99977493286133, -93.16626739501953, -62.78537368774414
-3.592945098876953, -11.691486358642578, -23.287561416625977, -44.55106735229492, -61.15176773071289, -63.91339111328125, -129.78587341308594, -89.7995834350586
-1.759200096130371, -6.101387023925781, -11.967599868774414, -22.65707778930664, -28.734359741210938, -46.31139373779297, -56.054969787597656, -43.53883361816406
3.151155378300352e-11, 1.3778107166290283, 4.746816635131836, 8.960453033447266, 12.831809997558594, 26.012781143188477, 36.48308563232422, 33.287017822265625
1.7356749773025513, 8.759946823120117, 18.76371955871582, 34.10074996948242, 39.30155563354492, 83.41126251220703, 114.99535369873047, 101.98826599121094
3.6147472858428955, 16.09912872314453, 33.9378776550293, 47.821311950683594, 77.38153076171875, 85.91339111328125, 117.002685546875, 98.0440902709961
5.108841896057129, 19.201351165771484, 42.029205322265625, 63.883331298828125, 68.79666137695312, 45.655601501464844, 14.112042427062988, -23.453025817871094
7.024674892425537, 23.517921447753906, 45.46118927001953, 52.55274963378906, 36.10027313232422, -9.383149147033691, -60.730873107910156, -94.35814666748047
8.569494247436523, 29.254308700561523, 38.62425994873047, 21.807796478271484, -15.328527450561523, -83.2489242553711, -79.70005798339844, -77.17728424072266
9.36143684387207, 28.741657257080078, 29.1383056640625, -1.6413509845733643, -50.388851165771484, -82.09195709228516, -67.20976257324219, 7.116909503936768
11.25933837890625, 25.16253089904785, 14.271519660949707, -25.961410522460938, -63.12602996826172, -66.46983337402344, 20.644412994384766, 85.87027740478516
11.5655517578125, 24.05196189880371, 1.2019991874694824, -50.94743728637695, -66.21378326416016, -0.11851286888122559, 93.6490478515625, 81.21874237060547
12.948348045349121, 21.215469360351562, -14.780035018920898, -52.22505569458008, -33.850582122802734, 66.40908813476562, 90.2142105102539, 3.1089000701904297
13.110587120056152, 14.5811767578125, -32.04758071899414, -52.221275329589844, 13.609554290771484, 78.15355682373047, 29.50356101989746, -111.64727783203125
13.29191780090332, 8.705409049987793, -36.45106887817383, -31.959882736206055, 48.12752914428711, 68.7032699584961, -60.7384147644043, -105.00179290771484
14.611029624938965, 2.2438907623291016, -47.770851135253906, -5.281014919281006, 57.523494720458984, 10.967985153198242, -123.31463623046875, -12.356561660766602
14.661398887634277, -4.58446741104126, -42.062095642089844, 22.933977127075195, 65.16625213623047, -55.270145416259766, -70.74471282958984, 74.5003433227539
14.025748252868652, -10.990743637084961, -28.90314483642578, 37.927154541015625, 31.744098663330078, -69.09223175048828, 4.539328575134277, 104.71356964111328
13.698638916015625, -18.076946258544922, -21.592830657958984, 45.74055099487305, -15.427231788635254, -83.66120147705078, 100.09606170654297, 31.755178451538086
12.674891471862793, -22.70228385925293, -6.253388404846191, 51.13383483886719, -40.4896125793457, -21.008281707763672, 74.99662780761719, -91.33495330810547
11.740596771240234, -26.523357391357422, 8.096952438354492, 42.891319274902344, -75.22407531738281, 42.544681549072266, 53.54910659790039, -141.9379425048828
10.62714958190918, -30.6278076171875, 20.55758285522461, 10.679251670837402, -56.696773529052734, 67.22150421142578, -41.89012908935547, -48.056129455566406
9.640690803527832, -27.059436798095703, 37.66971969604492, -14.52428913116455, -26.174734115600586, 89.46311950683594, -93.46885681152344, 68.95330810546875
8.272589683532715, -28.316429138183594, 35.715702056884766, -44.395042419433594, 11.407244682312012, 37.93836975097656, -94.9116439819336, 126.81120300292969
6.807220935821533, -21.935955047607422, 44.69789505004883, -53.589080810546875, 46.703521728515625, -38.11349105834961, -7.1646246910095215, 66.39934539794922
5.419195652008057, -19.230520248413086, 38.65773010253906, -57.03126907348633, 80.44309997558594, -59.62165832519531, 82.77670288085938, -52.36378860473633
3.6407253742218018, -12.411779403686523, 29.410390853881836, -45.82815170288086, 59.084712982177734, -65.07208251953125, 100.43860626220703, -142.45651245117188
1.7626246213912964, -5.320707321166992, 12.091333389282227, -18.899402618408203, 25.27190589904785, -51.245819091796875, 37.756221771240234, -77.02137756347656
-3.207831222873381e-11, 1.4199340343475342, -3.995687484741211, 7.057323932647705, -10.674220085144043, 22.457277297973633, -39.05607223510742, 27.960777282714844
-1.7059319019317627, 8.999094009399414, -17.64613914489746, 35.44572067260742, -43.202545166015625, 72.92207336425781, -103.97149658203125, 99.78462219238281
-3.3922150135040283, 14.283599853515625, -36.37641143798828, 45.07151794433594, -75.07535552978516, 79.45797729492188, -89.61663818359375, 86.5861587524414
-5.079458236694336, 19.716693878173828, -38.355201721191406, 60.53535079956055, -56.74131393432617, 57.35103988647461, -22.59263801574707, -27.0720157623291
-6.738549709320068, 24.416561126708984, -42.832359313964844, 45.346343994140625, -32.016807556152344, -11.84600830078125, 78.80717468261719, -76.65135192871094
-8.437516212463379, 28.03812599182129, -38.94084548950195, 28.545185089111328, 14.073691368103027, -64.38233947753906, 132.1019287109375, -71.21975708007812
-9.494661331176758, 26.635746002197266, -32.70561599731445, -1.60183584690094, 42.75891876220703, -104.61616516113281, 85.46295928955078, 12.661299705505371
-10.378425598144531, 27.488595962524414, -15.513360023498535, -23.92013931274414, 76.93683624267578, -41.91345977783203, -21.2658634185791, 92.82756805419922
-12.004623413085938, 24.294340133666992, -1.001787781715393, -40.359413146972656, 73.15592956542969, -0.1407594233751297, -108.19692993164062, 62.635581970214844
-12.82276725769043, 19.422054290771484, 15.878150939941406, -48.179073333740234, 25.81930160522461, 73.67992401123047, -98.65714263916016, 3.9069995880126953
-12.861079216003418, 15.164579391479492, 27.531848907470703, -56.67169952392578, -11.557903289794922, 96.88436889648438, -36.31625747680664, -74.66568756103516
-14.050848007202148, 9.476692199707031, 41.706729888916016, -37.850643157958984, -54.84894943237305, 70.50346374511719, 59.86051559448242, -72.65409088134766
-14.240925788879395, 2.215725898742676, 37.349586486816406, -5.917755126953125, -81.83061981201172, 10.146560668945312, 79.1513442993164, -15.90160083770752
-13.829176902770996, -5.266514778137207, 46.55355453491211, 19.36066436767578, -47.72370147705078, -40.4388313293457, 88.87712860107422, 78.41325378417969
-14.007591247558594, -11.58655071258545, 29.779565811157227, 38.931480407714844, -26.788423538208008, -89.07674407958984, -3.441504955291748, 92.38701629638672
-13.470495223999023, -18.036033630371094, 24.559110641479492, 64.94612884521484, 13.575084686279297, -79.59105682373047, -66.0963363647461, 22.339706420898438
-13.015608787536621, -23.36930274963379, 7.028791904449463, 50.17795181274414, 54.20752716064453, -20.46446418762207, -66.08901977539062, -80.50433349609375
-12.026229858398438, -24.05303955078125, -9.177401542663574, 38.17815017700195, 61.44391632080078, 34.49167251586914, -28.741207122802734, -131.03857421875
-11.141019821166992, -25.31662368774414, -21.145221710205078, 13.42202091217041, 65.35440826416016, 94.14152526855469, 35.67518997192383, -50.41987609863281
-9.959519386291504, -29.661157608032227, -36.41862106323242, -16.061279296875, 32.122108459472656, 63.68718719482422, 123.77557373046875, 66.06731414794922
-8.681198120117188, -28.816633224487305, -41.5195198059082, -47.33784866333008, -12.552013397216797, 27.15350914001465, 62.817352294921875, 117.04985809326172
-7.083454608917236, -21.038776397705078, -42.56258010864258, -52.01923370361328, -42.112754821777344, -25.303638458251953, 6.404855251312256, 70.96468353271484
-5.209880352020264, -19.397632598876953, -38.52973175048828, -60.897804260253906, -68.86249542236328, -81.62406921386719, -53.00697326660156, -56.099082946777344
-3.5385637283325195, -13.320816993713379, -22.184986114501953, -39.299339294433594, -61.35763931274414, -80.30793762207031, -123.89964294433594, -87.12410736083984
-1.8294702768325806, -5.8721723556518555, -12.255064010620117, -22.343517303466797, -29.671184539794922, -51.038124084472656, -43.0152473449707, -48.977439880371094
3.3008155236879944e-11, 1.4227275848388672, 3.788139820098877, 8.01838207244873, 10.777982711791992, 19.774288177490234, 35.827491760253906, 49.954959869384766
1.7091753482818604, 8.592353820800781, 17.672420501708984, 40.36288070678711, 49.6221923828125, 66.83805084228516, 98.84912872314453, 103.3890380859375
3.5579447746276855, 15.866957664489746, 34.627235412597656, 46.449100494384766, 85.99602508544922, 101.4422378540039, 98.47642517089844, 94.99082946777344
5.2606072425842285, 20.24424934387207, 41.477664947509766, 60.5631103515625, 73.87749481201172, 61.401615142822266, 20.13520622253418, -23.647979736328125
6.739104270935059, 26.14059829711914, 46.805362701416016, 55.31841278076172, 31.339244842529297, -8.697516441345215, -79.2056655883789, -136.81698608398438
7.98137092590332, 26.16482925415039, 34.860130310058594, 22.026260375976562, -13.40194320678711, -80.81300354003906, -108.13880920410156, -76.49959564208984
9.770975112915039, 28.609500885009766, 25.46690559387207, -1.3734980821609497, -47.96617889404297, -96.14600372314453, -66.40557861328125, 10.036741256713867
10.505646705627441, 29.421613693237305, 17.124143600463867, -27.21299934387207, -85.4299087524414, -67.59188842773438, 22.890274047851562, 80.5930404663086
11.930445671081543, 25.41581153869629, 1.1506531238555908, -45.04759979248047, -63.609928131103516, -0.11102616786956787, 81.10302734375, 121.19190216064453
12.536913871765137, 22.395254135131836, -16.299131393432617, -46.32078552246094, -29.406938552856445, 46.89610290527344, 99.69720458984375, 3.8067684173583984
13.408924102783203, 13.925189018249512, -25.49875831604004, -55.74098587036133, 12.262709617614746, 74.6623306274414, 32.272945404052734, -82.93544006347656
14.145218849182129, 8.811946868896484, -34.856224060058594, -27.46078872680664, 47.23250961303711, 62.340538024902344, -54.52070999145508, -95.42437744140625
14.11706829071045, 2.3466262817382812, -39.005760192871094, -6.175043106079102, 83.392333984375, 11.31472396850586, -98.21495056152344, -15.04819107055664
14.293533325195312, -4.560519695281982, -45.506378173828125, 24.457252502441406, 61.282447814941406, -57.160396575927734, -91.45830535888672, 87.2938232421875
14.344952583312988, -10.692631721496582, -34.05149459838867, 48.64101791381836, 23.73504066467285, -100.98744201660156, 5.023864269256592, 121.0944595336914
13.418761253356934, -17.67626953125, -24.306032180786133, 46.34006118774414, -12.959197044372559, -76.83301544189453, 58.318965911865234, 33.783390045166016
12.969934463500977, -23.17851448059082, -7.339853286743164, 47.460567474365234, -51.7303466796875, -23.04846954345703, 105.9721908569336, -55.85929870605469
12.3796968460083, -27.61885643005371, 8.88992977142334, 34.57298278808594, -54.06172561645508, 41.964439392089844, 36.303688049316406, -131.647216796875
11.41159439086914, -29.28647232055664, 23.529386520385742, 12.251787185668945, -74.47466278076172, 99.69705200195312, -35.31035614013672, -39.68315124511719
10.141266822814941, -30.378170013427734, 37.11576843261719, -16.41495704650879, -26.46635627746582, 69.93596649169922, -68.1018295288086, 84.23987579345703
8.191885948181152, -28.878446578979492, 40.08134460449219, -44.15808868408203, 15.595952033996582, 28.376628875732422, -74.43895721435547, 86.76921081542969
6.84404993057251, -21.45229721069336, 36.616783142089844, -61.66672897338867, 62.35546875, -26.44793701171875, -8.959478378295898, 36.493412017822266
5.030891418457031, -17.9654541015625, 37.82973861694336, -64.23828887939453, 73.27875518798828, -67.02606201171875, 74.91799926757812, -62.0296745300293
3.3764262199401855, -11.603199005126953, 27.04554557800293, -40.028865814208984, 48.06101989746094, -68.96009826660156, 108.0062484741211, -86.22196960449219
1.7806557416915894, -6.076916694641113, 12.2062349319458, -16.44522476196289, 33.86928939819336, -44.17055130004883, 40.43022155761719, -48.557552337646484
-3.203706397392203e-11, 1.387872338294983, -4.029915809631348, 8.734334945678711, -11.72906494140625, 27.23811912536621, -23.17588233947754, 53.32926940917969
-1.7215967178344727, 7.894033432006836, -21.083044052124023, 37.97108459472656, -41.016944885253906, 90.20022583007812, -97.79230499267578, 138.7145233154297
-3.676680326461792, 13.89264965057373, -35.97296905517578, 48.84394836425781, -70.59468841552734, 67.1258316040039, -107.02519226074219, 92.21411895751953
-5.377131462097168, 21.901832580566406, -36.01900863647461, 45.620689392089844, -70.5552749633789, 64.4685287475586, -22.76300811767578, -29.0538387298584
-6.748318195343018, 26.268407821655273, -42.57719039916992, 48.159828186035156, -35.97040939331055, -13.622821807861328, 62.51100540161133, -145.7842559814453
-8.500104904174805, 28.824291229248047, -42.905399322509766, 28.316614151000977, 17.133907318115234, -47.91147232055664, 73.8348388671875, -73.85546112060547
-9.276801109313965, 28.481769561767578, -27.57328987121582, -1.640316128730774, 55.518524169921875, -82.2793197631836, 63.928993225097656, 10.597649574279785
-11.343531608581543, 24.978368759155273, -17.88600730895996, -27.669511795043945, 87.319091796875, -54.05495834350586, -12.826763153076172, 134.68812561035156
-11.452635765075684, 22.990285873413086, -1.1733390092849731, -44.927101135253906, 49.31675338745117, -0.11372138559818268, -89.28006744384766, 104.23455047607422
-13.136280059814453, 18.914358139038086, 13.857285499572754, -56.83790969848633, 31.810670852661133, 51.2175407409668, -88.77842712402344, 2.537382125854492
-13.697066307067871, 14.001776695251465, 30.671892166137695, -58.95760726928711, -17.237449645996094, 71.2236099243164, -34.9304313659668, -105.0218505859375
-14.434877395629883, 8.929387092590332, 33.242515563964844, -30.58057403564453, -52.238616943359375, 54.40720748901367, 36.98698425292969, -117.7768783569336
-14.219388008117676, 2.2286384105682373, 40.855770111083984, -4.684556484222412, -56.91061019897461, 8.982580184936523, 87.93943786621094, -12.23898696899414
-13.644430160522461, -5.126523971557617, 39.47743606567383, 17.761764526367188, -59.07123947143555, -37.13447952270508, 65.08810424804688, 92.14371490478516
-13.880424499511719, -12.42133617401123, 31.522445678710938, 39.114036560058594, -32.968868255615234, -99.5692367553711, -4.753571510314941, 133.55665588378906
-13.979422569274902, -18.136396408081055, 18.564855575561523, 48.48713302612305, 15.078706741333008, -90.5543212890625, -90.5745849609375, 32.90594482421875
-12.42730712890625, -24.044998168945312, 5.927977085113525, 62.22389221191406, 54.76974105834961, -19.827617645263672, -106.75439453125, -78.95185852050781
-11.97138500213623, -26.423704147338867, -10.178153038024902, 39.3162841796875, 67.5344467163086, 42.862770080566406, -33.165679931640625, -67.8503646850586
-11.368806838989258, -28.653247833251953, -20.719511032104492, 11.809362411499023, 68.34053802490234, 99.37620544433594, 30.031980514526367, -29.960948944091797
-9.302584648132324, -28.80242156982422, -39.5333137512207, -12.97094440460205, 36.399696350097656, 95.60456848144531, 65.67450714111328, 89.45582580566406
-7.904245376586914, -26.356380462646484, -45.46489715576172, -44.19522476196289, -14.453841209411621, 32.452640533447266, 84.78895568847656, 120.5194320678711
-6.490537643432617, -20.94940185546875, -39.32817459106445, -60.36045455932617, -57.37269592285156, -37.365379333496094, 7.920284748077393, 64.7245101928711
-5.232378959655762, -17.99039649963379, -41.616703033447266, -46.839969635009766, -53.21089553833008, -88.59689331054688, -77.89913940429688, -39.490394592285156
-3.614311695098877, -11.273765563964844, -28.408300399780273, -48.25046920776367, -56.73735046386719, -96.00513458251953, -96.925537109375, -99.97898864746094
-1.7500615119934082, -5.222579479217529, -11.181577682495117, -22.074132919311523, -34.703189849853516, -50.89834213256836, -47.39592742919922, -41.45011901855469
3.4801120318839196e-11, 1.3145172595977783, 3.8142433166503906, 6.844558238983154, 16.466501235961914, 21.989269256591797, 30.032812118530273, 43.91422653198242
1.8454017639160156, 8.999329566955566, 17.179468154907227, 39.32886505126953, 63.22200012207031, 90.19331359863281, 86.96595001220703, 152.47364807128906
3.459805488586426, 15.912151336669922, 31.93720817565918, 54.922828674316406, 56.96149444580078, 62.656517028808594, 73.69708251953125, 88.22384643554688
5.202521800994873, 19.005123138427734, 38.370750427246094, 53.19129943847656, 56.6279296875, 36.13669967651367, 21.205341339111328, -21.122005462646484
6.799230098724365, 26.46466064453125, 37.468238830566406, 38.68125915527344, 32.40682601928711, -7.853665351867676, -42.94137191772461, -115.31368255615234
8.289969444274902, 29.52850914001465, 41.69166946411133, 22.190956115722656, -15.688518524169922, -84.20907592773438, -93.69122314453125, -76.68060302734375
9.479501724243164, 26.92228889465332, 26.757274627685547, -1.5924400091171265, -64.13632202148438, -71.89043426513672, -80.69984436035156, 14.906975746154785
11.439217567443848, 27.314420700073242, 14.389966011047363, -23.288299560546875, -80.0379638671875, -75.37022399902344, 11.989738464355469, 78.22306823730469
11.820303916931152, 23.062129974365234, 1.0338079929351807, -44.26468276977539, -49.31024932861328, -0.1400970071554184, 71.79557800292969, 94.95498657226562
13.277092933654785, 21.267841339111328, -15.813738822937012, -65.34764862060547, -27.32428550720215, 64.17941284179688, 69.42811584472656, 3.0767107009887695
13.076040267944336, 14.392317771911621, -31.048202514648438, -51.9157829284668, 12.6624174118042, 107.34271240234375, 27.69915771484375, -57.229373931884766
14.528769493103027, 8.968417167663574, -39.37281036376953, -36.3465461730957, 43.72252655029297, 67.60350799560547, -37.10247802734375, -104.03277587890625
14.283893585205078, 2.2752063274383545, -48.2238655090332, -6.018990516662598, 63.61715316772461, 11.590615272521973, -113.04310607910156, -19.05463218688965
13.468130111694336, -5.184142112731934, -40.33821105957031, 25.50762939453125, 70.852783203125, -42.26515579223633, -78.65425872802734, 95.40067291259766
14.495936393737793, -12.470230102539062, -29.55437660217285, 47.4328498840332, 26.486970901489258, -88.7827377319336, 3.7683582305908203, 86.4577407836914
13.193766593933105, -17.845569610595703, -22.894956588745117, 57.388614654541016, -16.752504348754883, -91.7530746459961, 69.56613159179688, 33.480281829833984
12.18163013458252, -23.646366119384766, -6.666842937469482, 59.43396759033203, -62.501976013183594, -15.892181396484375, 113.28054809570312, -59.602935791015625
12.4915132522583, -23.55579948425293, 10.49061393737793, 41.412994384765625, -77.6928939819336, 33.996726989746094, 57.3647346496582, -69.6200180053711
11.116475105285645, -29.86768913269043, 22.030466079711914, 14.533309936523438, -47.64453887939453, 61.842350006103516, -54.53407287597656, -35.516357421875
9.667129516601562, -25.360544204711914, 37.965576171875, -18.471017837524414, -27.3218936920166, 76.79440307617188, -117.93946075439453, 84.45295715332031
8.553583145141602, -25.29423713684082, 36.49488067626953, -46.369625091552734, 11.615870475769043, 34.753055572509766, -54.93849563598633, 155.9001007080078
6.693528175354004, -21.464895248413086, 36.75349044799805, -55.64411544799805, 49.24657440185547, -22.034475326538086, -8.095108032226562, 55.79634094238281
5.2960615158081055, -20.029512405395508, 35.614593505859375, -52.934974670410156, 67.64249420166016, -57.531639099121094, 87.68408966064453, -63.77136993408203
3.372586488723755, -13.252416610717773, 29.070966720581055, -44.31941223144531, 63.48197937011719, -56.54530715942383, 84.10586547851562, -73.93863677978516
1.8012118339538574, -6.14476203918457, 10.364368438720703, -18.47712516784668, 27.462167739868164, -46.539005279541016, 66.17361450195312, -86.43434143066406
-3.170317827705382e-11, 1.3742201328277588, -3.9784152507781982, 9.509323120117188, -11.740570068359375, 22.593732833862305, -37.46780014038086, 48.87228775024414
-1.7459720373153687, 8.584511756896973, -22.033313751220703, 34.52134323120117, -61.562713623046875, 54.00136184692383, -108.29692840576172, 112.02086639404297
-3.5594048500061035, 16.301198959350586, -35.6820182800293, 57.5749626159668, -72.74346923828125, 59.96947479248047, -117.91203308105469, 84.92594146728516
-4.95080041885376, 19.018081665039062, -45.01682662963867, 50.63591766357422, -56.449974060058594, 62.84944152832031, -14.616384506225586, -33.39197540283203
-6.666544437408447, 25.817859649658203, -37.384578704833984, 45.32076644897461, -33.68702697753906, -8.75158405303955, 83.0522689819336, -116.84564971923828
-8.127852439880371, 26.847103118896484, -37.28702163696289, 29.160812377929688, 14.16191291809082, -54.672943115234375, 129.96588134765625, -99.04193878173828
-9.99400520324707, 31.07974624633789, -28.900951385498047, -1.508663296699524, 50.22119140625, -93.40505981445312, 63.44802474975586, 11.787485122680664
-11.17894458770752, 25.99229621887207, -17.999786376953125, -29.70283317565918, 73.27457427978516, -59.06270980834961, -18.478431701660156, 133.81710815429688
-11.94305419921875, 22.945758819580078, -1.0160688161849976, -56.132911682128906, 68.7022476196289, -0.1194884330034256, -71.54666137695312, 118.42708587646484
-12.979244232177734, 18.98588752746582, 13.470897674560547, -59.146522521972656, 25.654449462890625, 50.94792175292969, -100.37462615966797, 2.377537488937378
-13.04880142211914, 14.811275482177734, 25.985553741455078, -52.20134735107422, -13.376072883605957, 79.34148406982422, -39.556758880615234, -102.87879180908203
-13.647713661193848, 9.106009483337402, 35.26255416870117, -34.14384078979492, -39.55116653442383, 55.54275131225586, 36.17007827758789, -66.35549926757812
-14.763960838317871, 2.1805758476257324, 39.49867248535156, -4.744119644165039, -85.65547943115234, 11.349364280700684, 119.1253662109375, -14.989819526672363
-14.730711936950684, -4.785490036010742, 37.333370208740234, 22.38216209411621, -67.66063690185547, -42.09482955932617, 48.20882034301758, 96.78276824951172
-13.368427276611328, -12.041891098022461, 30.87468147277832, 47.385536193847656, -31.55013084411621, -104.28480529785156, -6.24674654006958, 80.27595520019531
-13.887727737426758, -16.42931365966797, 22.460556030273438, 47.631805419921875, 12.58064079284668, -90.77778625488281, -86.05569458007812, 30.46877098083496
-12.31846809387207, -22.568403244018555, 6.9703545570373535, 43.63258361816406, 53.24747085571289, -23.958251953125, -87.29962158203125, -63.289608001708984
-11.419365882873535, -26.155162811279297, -8.851332664489746, 43.23149871826172, 83.2200927734375, 29.987272262573242, -36.03216552734375, -118.46282196044922
-10.925575256347656, -25.44791603088379, -20.61869239807129, 12.019380569458008, 71.19943237304688, 75.19172668457031, 50.58256530761719, -27.760581970214844
-9.893568992614746, -30.4390811920166, -37.362159729003906, -17.84274673461914, 24.442670822143555, 74.9156265258789, 79.79315948486328, 46.2514762878418
-8.189748764038086, -26.4688777923584, -43.47385787963867, -41.322757720947266, -10.742676734924316, 34.986541748046875, 52.71636199951172, 100.37859344482422
