-13.087696075439453, 14.461921691894531, 28.99480438232422, -51.748451232910156, -17.320228576660156, 60.031341552734375, -40.94647979736328, -126.27410125732422
-13.251708030700684, 8.770065307617188, 35.558223724365234, -35.28731155395508, -48.97813415527344, 59.8363151550293, 53.198299407958984, -94.8059310913086
-13.976384162902832, 2.2922370433807373, 48.039405822753906, -6.23615837097168, -75.86820220947266, 9.870864868164062, 94.85989379882812, -12.02685832977295
-14.680166244506836, -5.196503162384033, 41.214473724365234, 24.50018310546875, -66.42064666748047, -44.705108642578125, 61.276493072509766, 115.27632904052734
-13.225017547607422, -12.499353408813477, 33.29979705810547, 43.75056457519531, -35.37994384765625, -62.922950744628906, -3.3188302516937256, 67.1221923828125
-13.32722282409668, -18.950037002563477, 19.33171272277832, 51.658050537109375, 16.311052322387695, -75.75820922851562, -59.87594985961914, 33.5532112121582
-13.358166694641113, -20.516691207885742, 5.480207920074463, 46.18815231323242, 57.860618591308594, -20.268146514892578, -108.10688018798828, -91.74547576904297
-11.573976516723633, -26.343538284301758, -9.34954833984375, 30.899065017700195, 62.70872116088867, 45.94026184082031, -36.28513717651367, -96.8355484008789
-11.31473159790039, -30.66399383544922, -24.595712661743164, 11.25428581237793, 56.80837631225586, 71.10028839111328, 53.75468444824219, -45.72652816772461
-10.038616180419922, -25.62952423095703, -35.974544525146484, -17.482240676879883, 31.93653106689453, 65.47914123535156, 68.73625946044922, 77.82441711425781
-8.158293724060059, -26.573760986328125, -46.66643142700195, -41.947723388671875, -11.408163070678711, 31.409833908081055, 77.6810073852539, 150.6953125
-6.644475936889648, -22.39484977722168, -37.42267990112305, -54.768550872802734, -43.568546295166016, -23.307039260864258, 5.1837849617004395, 66.26359558105469
-5.4508209228515625, -17.74717140197754, -37.281524658203125, -55.433685302734375, -69.12090301513672, -61.1013298034668, -63.649627685546875, -42.408203125
-3.472930669784546, -13.00279426574707, -26.02730369567871, -44.25442886352539, -73.5113296508789, -99.75599670410156, -111.56564331054688, -76.8192367553711
-1.7124149799346924, -6.080781936645508, -10.402878761291504, -18.4881534576416, -33.69352722167969, -47.47910690307617, -35.88557052612305, -73.35485076904297
9.473739501220102e-12, 1.484211802482605, 3.606499433517456, 8.753816604614258, 14.327247619628906, 19.022756576538086, 32.190250396728516, 25.321094512939453
1.7673238515853882, 8.290364265441895, 21.449951171875, 32.64697265625, 61.814605712890625, 87.39169311523438, 116.52982330322266, 125.67771911621094
3.3858296871185303, 16.308929443359375, 28.666969299316406, 51.75461959838867, 70.00100708007812, 103.85065460205078, 112.32330322265625, 48.915016174316406
5.166975021362305, 18.447172164916992, 45.582759857177734, 55.839866638183594, 57.83308410644531, 39.602745056152344, 23.310747146606445, -19.69474220275879
6.508588790893555, 22.606544494628906, 42.4681282043457, 55.910423278808594, 34.268836975097656, -7.921787261962891, -46.16519546508789, -80.46800231933594
8.142948150634766, 28.236064910888672, 33.499717712402344, 27.799528121948242, -15.132797241210938, -79.61333465576172, -121.44486236572266, -105.43122100830078
9.335944175720215, 26.753812789916992, 30.224802017211914, -1.457249641418457, -45.00297927856445, -73.76780700683594, -60.61159896850586, 6.852899551391602
10.593454360961914, 28.0689640045166, 17.219552993774414, -33.02696990966797, -58.99940872192383, -48.07309341430664, 21.686037063598633, 75.65919494628906
11.682222366333008, 22.718732833862305, 1.085033893585205, -55.31394958496094, -62.9530029296875, -0.0855923593044281, 100.58540344238281, 119.9981460571289
12.674766540527344, 22.38022232055664, -15.944247245788574, -57.232967376708984, -34.33272933959961, 59.130374908447266, 86.677978515625, 2.9712071418762207
13.509909629821777, 15.418744087219238, -29.41058921813965, -47.45705795288086, 10.549707412719727, 96.64926147460938, 33.100650787353516, -123.4081802368164
13.792512893676758, 9.542389869689941, -35.870731353759766, -33.53688049316406, 42.83202362060547, 62.262977600097656, -48.466796875, -111.55785369873047
14.254069328308105, 2.08009672164917, -45.7164192199707, -5.555527210235596, 62.62600326538086, 9.209654808044434, -65.2125473022461, -13.48104190826416
14.300418853759766, -4.71832799911499, -40.73507308959961, 18.391836166381836, 52.85176467895508, -57.33452606201172, -82.10528564453125, 78.54621887207031
13.441309928894043, -11.299818992614746, -37.756370544433594, 49.538421630859375, 23.5061092376709, -107.4021987915039, 4.0323357582092285, 79.0487060546875
13.16929817199707, -18.69582748413086, -20.54576873779297, 45.52336502075195, -17.280620574951172, -80.05467987060547, 58.85712814331055, 22.640207290649414
12.558533668518066, -21.294687271118164, -6.920803546905518, 57.42054748535156, -40.64000701904297, -26.447948455810547, 85.95588684082031, -92.52869415283203
12.197495460510254, -26.07070541381836, 8.995719909667969, 44.404258728027344, -82.44503784179688, 34.098480224609375, 38.71165466308594, -121.39370727539062
11.326571464538574, -28.040233612060547, 25.518817901611328, 15.24438762664795, -68.7655029296875, 73.42582702636719, -39.75222396850586, -52.4424934387207
9.765645027160645, -27.001253128051758, 34.28235626220703, -17.46465301513672, -26.609970092773438, 83.25971221923828, -86.02915954589844, 44.288612365722656
8.266685485839844, -27.847688674926758, 39.89313507080078, -33.37202453613281, 14.210235595703125, 23.4290714263916, -58.7409782409668, 73.96524810791016
6.479357719421387, -21.61671257019043, 36.781768798828125, -43.49089431762695, 41.11045837402344, -35.05928039550781, -7.137247085571289, 70.98040771484375
5.199689865112305, -20.096763610839844, 40.43857955932617, -65.20087432861328, 62.218711853027344, -97.93077087402344, 90.18781280517578, -68.38915252685547
3.4475908279418945, -11.467267036437988, 25.28493309020996, -36.66688919067383, 68.05509185791016, -70.88990020751953, 119.2745132446289, -87.44647216796875
1.8430622816085815, -5.414211273193359, 9.874711036682129, -22.62459373474121, 34.88690948486328, -50.86916732788086, 64.9523696899414, -67.93739318847656
-9.459205987938368e-12, 1.3812565803527832, -4.236855506896973, 8.57994270324707, -10.658742904663086, 26.23679542541504, -32.39767074584961, 53.82674026489258
-1.79912531375885, 9.095332145690918, -18.069576263427734, 35.740386962890625, -40.25005340576172, 72.28848266601562, -64.61859893798828, 150.421875
-3.3990845680236816, 15.473836898803711, -32.64253234863281, 55.18988800048828, -77.81410217285156, 76.42729187011719, -107.00065612792969, 110.90796661376953
-5.1378254890441895, 19.977880477905273, -40.565956115722656, 59.00028991699219, -55.6496467590332, 53.39853286743164, -24.04867935180664, -18.88347053527832
-6.575842380523682, 26.592500686645508, -47.01647186279297, 44.74848556518555, -27.517362594604492, -12.79086685180664, 49.46824264526367, -123.4808578491211
-8.552543640136719, 28.39207649230957, -43.07857131958008, 28.682830810546875, 14.13052749633789, -60.3203010559082, 121.03781127929688, -70.43897247314453
-9.999159812927246, 30.982616424560547, -27.986494064331055, -1.156343936920166, 57.183876037597656, -73.6678237915039, 62.84295654296875, 14.231783866882324
-10.96766471862793, 27.418315887451172, -18.43850326538086, -33.32196044921875, 72.70854949951172, -47.370975494384766, -21.94373321533203, 128.73635864257812
-11.43645191192627, 23.37744903564453, -1.1711252927780151, -46.0064582824707, 58.50853729248047, -0.09334035217761993, -69.1217041015625, 78.36992645263672
-13.203994750976562, 19.185396194458008, 15.968262672424316, -53.57959747314453, 30.891082763671875, 59.58041763305664, -110.82876586914062, 2.1327762603759766
-12.952442169189453, 16.328420639038086, 31.64162254333496, -46.3049430847168, -14.44209098815918, 85.60964965820312, -38.37433624267578, -56.920833587646484
-13.490138053894043, 9.781771659851074, 40.247554779052734, -32.689422607421875, -41.060157775878906, 60.734405517578125, 51.687435150146484, -101.85790252685547
-14.263291358947754, 2.0628502368927, 40.81351089477539, -5.564698696136475, -72.63108825683594, 10.234557151794434, 78.57328796386719, -13.225188255310059
-14.186540603637695, -5.014193058013916, 37.87499237060547, 23.672319412231445, -50.25790786743164, -57.954715728759766, 58.83797836303711, 71.39424896240234
-13.365313529968262, -11.111167907714844, 31.186220169067383, 48.89430236816406, -31.985004425048828, -73.96781921386719, -3.7698349952697754, 109.52366638183594
-12.928731918334961, -16.776657104492188, 18.257705688476562, 61.5354118347168, 14.57779598236084, -84.97696685791016, -101.931884765625, 21.5861873626709
-12.312067985534668, -22.941307067871094, 6.427087783813477, 54.45462417602539, 52.36022186279297, -23.873167037963867, -122.12118530273438, -52.553550720214844
-11.365056037902832, -23.69944190979004, -10.634943962097168, 32.68782043457031, 58.28864288330078, 32.13680648803711, -41.208553314208984, -88.71560668945312
-11.107490539550781, -29.9705867767334, -23.382911682128906, 11.112457275390625, 71.80078125, 70.24970245361328, 34.54822540283203, -51.54551315307617
-9.883557319641113, -28.34504508972168, -37.841285705566406, -14.641108512878418, 33.578277587890625, 77.94293975830078, 98.44227600097656, 80.49112701416016
-8.19228744506836, -26.157997131347656, -39.755558013916016, -44.313297271728516, -12.180001258850098, 31.3001766204834, 69.03033447265625, 138.07635498046875
-6.670496463775635, -23.464502334594727, -46.740745544433594, -51.00999069213867, -40.278682708740234, -22.319047927856445, 6.706850051879883, 42.897544860839844
-5.439847946166992, -19.254907608032227, -31.20746421813965, -54.722801208496094, -65.37487030029297, -89.70270538330078, -72.98432159423828, -65.63683319091797
-3.6188242435455322, -12.324450492858887, -25.706796646118164, -42.67585754394531, -59.2016487121582, -96.10610961914062, -81.21446228027344, -129.260009765625
-1.7223011255264282, -6.027344703674316, -12.014646530151367, -20.178966522216797, -31.3568115234375, -41.30174255371094, -50.565425872802734, -52.64174270629883
9.362188975459151e-12, 1.4691489934921265, 4.743978977203369, 9.257316589355469, 16.27943992614746, 23.166751861572266, 22.39791488647461, 45.150997161865234
1.728437900543213, 8.220555305480957, 18.563385009765625, 34.70112228393555, 39.59176254272461, 91.39933776855469, 80.0130386352539, 135.68893432617188
3.540266513824463, 13.541622161865234, 35.3011360168457, 54.09127426147461, 75.68997955322266, 98.80404663085938, 59.72261047363281, 83.12577819824219
5.31210994720459, 20.6524600982666, 39.819923400878906, 47.915557861328125, 76.53695678710938, 51.32307434082031, 14.291125297546387, -19.38416290283203
7.071726322174072, 24.930665969848633, 36.33335876464844, 40.00395202636719, 34.86192321777344, -9.147839546203613, -71.03746032714844, -121.1256103515625
7.897748947143555, 29.597383499145508, 41.71099090576172, 22.610992431640625, -15.949265480041504, -46.64634704589844, -85.1007080078125, -60.399383544921875
9.42447280883789, 27.139720916748047, 32.98698425292969, -1.626708984375, -51.34288024902344, -97.59583282470703, -76.42961120605469, 15.00025463104248
10.4415283203125, 25.057689666748047, 16.101240158081055, -23.55868148803711, -67.38887023925781, -53.54302978515625, 20.227054595947266, 75.87814331054688
11.491067886352539, 27.06218910217285, 1.0361968278884888, -52.5469970703125, -50.119319915771484, -0.12219955027103424, 97.2554702758789, 71.14630889892578
13.220906257629395, 20.65031623840332, -13.420111656188965, -51.565696716308594, -32.52599334716797, 44.71659851074219, 60.97813415527344, 2.8058760166168213
13.843531608581543, 14.124526023864746, -31.695804595947266, -42.10757827758789, 14.184069633483887, 94.57786560058594, 37.14491653442383, -114.25324249267578
13.2631196975708, 8.183065414428711, -43.5127067565918, -32.03680419921875, 52.98757553100586, 46.94626998901367, -65.04625701904297, -138.50912475585938
13.568703651428223, 2.321498394012451, -42.79021453857422, -5.124686241149902, 59.64068603515625, 8.377435684204102, -64.67440795898438, -17.535783767700195
14.514376640319824, -4.6799187660217285, -34.9182014465332, 19.627243041992188, 66.9613037109375, -54.114959716796875, -75.37469482421875, 51.65446090698242
13.624692916870117, -11.212102890014648, -34.199424743652344, 49.63051986694336, 25.3259334564209, -104.54922485351562, 3.635563850402832, 147.63101196289062
13.220670700073242, -17.21333885192871, -22.56830596923828, 48.54697036743164, -17.51730728149414, -83.54495239257812, 81.56362915039062, 32.06856918334961
12.652190208435059, -21.804519653320312, -5.8472514152526855, 59.836483001708984, -53.17012405395508, -23.701427459716797, 68.75801086425781, -67.93569946289062
11.526606559753418, -24.807863235473633, 10.528117179870605, 36.94727325439453, -78.42304992675781, 31.34905433654785, 57.90891647338867, -101.70275115966797
11.084519386291504, -27.10845184326172, 27.044456481933594, 13.108098983764648, -57.95473861694336, 96.81336212158203, -45.68052673339844, -55.34334945678711
9.691191673278809, -25.527978897094727, 34.067352294921875, -17.93117332458496, -29.69195556640625, 62.82672119140625, -124.49684143066406, 62.77561950683594
8.22751235961914, -27.026325225830078, 42.002017974853516, -32.14777374267578, 14.343378067016602, 32.682594299316406, -84.64226531982422, 150.52197265625
6.833150863647461, -21.75948143005371, 40.149505615234375, -48.264503479003906, 41.231285095214844, -29.8533992767334, -6.763940811157227, 50.24357604980469
5.015556812286377, -17.896257400512695, 32.04158020019531, -54.28490447998047, 84.39974212646484, -77.11656951904297, 93.24178314208984, -52.244144439697266
3.4096615314483643, -11.427154541015625, 22.208772659301758, -36.70802307128906, 75.67252349853516, -86.55667877197266, 129.425048828125, -105.3306655883789
1.804178237915039, -5.520569324493408, 12.99163818359375, -15.94165325164795, 31.93909454345703, -39.62523651123047, 68.69701385498047, -81.74375915527344
-8.957213443183676e-12, 1.3932849168777466, -4.271239280700684, 9.441590309143066, -10.936227798461914, 16.196876525878906, -25.913515090942383, 34.710235595703125
-1.728675365447998, 8.8391752243042, -18.499059677124023, 36.59361267089844, -53.32779312133789, 79.34532165527344, -83.62175750732422, 128.83859252929688
-3.6571576595306396, 16.0922794342041, -36.33816146850586, 56.62312698364258, -74.11316680908203, 105.11721801757812, -88.06615447998047, 66.7336196899414
-5.436013221740723, 19.658735275268555, -42.39419937133789, 47.34245681762695, -74.62814331054688, 50.1459846496582, -15.757312774658203, -19.5576114654541
-6.767266273498535, 24.08535385131836, -42.23225784301758, 52.87999725341797, -35.34831237792969, -11.424038887023926, 74.20484924316406, -120.0053939819336
-7.922726154327393, 28.494243621826172, -35.54031753540039, 29.75141143798828, 16.457956314086914, -46.1811637878418, 72.06185150146484, -98.26275634765625
-9.293356895446777, 26.66941261291504, -32.856319427490234, -1.3241914510726929, 50.53630828857422, -109.96687316894531, 49.319881439208984, 7.531605243682861
-11.104490280151367, 25.619237899780273, -14.811280250549316, -28.548917770385742, 65.50399780273438, -49.5416259765625, -15.017487525939941, 119.2130355834961
-11.606084823608398, 26.923540115356445, -1.0375239849090576, -52.80018997192383, 63.488922119140625, -0.12446626275777817, -68.38137817382812, 89.33073425292969
-13.237499237060547, 21.585176467895508, 13.589869499206543, -65.85633087158203, 26.47258949279785, 40.95806121826172, -60.87875747680664, 3.118243932723999
-13.35052490234375, 15.977731704711914, 30.809816360473633, -43.63432693481445, -12.686993598937988, 96.99052429199219, -28.787761688232422, -88.826171875
-13.798903465270996, 9.028246879577637, 35.140380859375, -32.82538604736328, -54.14412307739258, 72.9515380859375, 54.49236297607422, -125.16851043701172
-13.949479103088379, 2.137403726577759, 39.064449310302734, -6.647642135620117, -82.44369506835938, 10.765714645385742, 110.76789093017578, -14.51579761505127
-13.466421127319336, -5.354130268096924, 39.65293502807617, 22.683141708374023, -62.25318908691406, -64.38599395751953, 72.12913513183594, 74.69364166259766
-14.427788734436035, -10.774274826049805, 30.370899200439453, 45.83528518676758, -33.093177795410156, -67.4495620727539, -5.094152450561523, 105.73057556152344
-13.75374698638916, -19.267301559448242, 19.008129119873047, 50.93300247192383, 12.411596298217773, -82.9427261352539, -70.94255828857422, 35.89444351196289
-13.141502380371094, -24.169092178344727, 6.97563362121582, 43.39598846435547, 64.63455963134766, -17.432523727416992, -81.0091323852539, -76.25272369384766
-12.45810317993164, -23.968887329101562, -10.229146003723145, 39.12133026123047, 66.10930633544922, 38.83272933959961, -41.74903106689453, -113.98735046386719
-10.960824012756348, -27.6079158782959, -23.816200256347656, 12.692931175231934, 59.18846130371094, 56.74371337890625, 33.90709686279297, -28.409534454345703
-9.638107299804688, -27.4620361328125, -39.328758239746094, -17.315570831298828, 27.994993209838867, 77.15171813964844, 85.55712890625, 69.93470001220703
-8.650520324707031, -25.017488479614258, -41.371971130371094, -33.10883712768555, -11.982909202575684, 32.364349365234375, 104.30377197265625, 154.2098846435547
-7.058594703674316, -22.614240646362305, -46.60158157348633, -58.036800384521484, -50.63605880737305, -30.751392364501953, 8.473236083984375, 42.60076904296875
-5.31922721862793, -19.716468811035156, -41.14162826538086, -50.388641357421875, -83.66166687011719, -69.18788146972656, -53.224613189697266, -45.24800109863281
-3.422595262527466, -12.915754318237305, -24.46793556213379, -43.561832427978516, -66.6465835571289, -101.86238861083984, -124.19808197021484, -78.70372772216797
-1.7110939025878906, -5.782786846160889, -11.139318466186523, -18.860483169555664, -31.67355728149414, -41.67408752441406, -41.544281005859375, -81.77601623535156
8.876564414062038e-12, 1.481766700744629, 3.678006172180176, 9.433216094970703, 11.315407752990723, 26.7542724609375, 28.103994369506836, 26.572917938232422
1.6965376138687134, 8.329215049743652, 20.358409881591797, 40.36955261230469, 64.5740966796875, 71.37413024902344, 63.80536651611328, 148.57931518554688
3.5960445404052734, 15.240535736083984, 32.36941909790039, 59.555572509765625, 72.1327133178711, 81.44922637939453, 101.000732421875, 73.58304595947266
5.019186019897461, 22.107025146484375, 42.99113082885742, 49.603431701660156, 75.7444076538086, 51.38504409790039, 20.158933639526367, -26.81244468688965
6.652463912963867, 22.52202033996582, 48.170143127441406, 54.061622619628906, 32.049957275390625, -11.661979675292969, -53.69738006591797, -94.53996276855469
8.062414169311523, 26.668025970458984, 33.91156768798828, 26.1256103515625, -15.148913383483887, -52.71523666381836, -102.4251937866211, -90.205078125
10.156885147094727, 27.53087615966797, 29.264965057373047, -1.3112760782241821, -48.78089904785156, -105.57512664794922, -64.33811950683594, 14.341665267944336
10.758478164672852, 28.604639053344727, 17.370807647705078, -32.848907470703125, -78.84373474121094, -53.99589157104492, 13.492366790771484, 61.584449768066406
12.174341201782227, 22.477903366088867, 1.0412144660949707, -40.57065200805664, -68.82952880859375, -0.12334277480840683, 85.27020263671875, 67.55403137207031
12.634421348571777, 20.21851921081543, -16.544605255126953, -52.761009216308594, -24.5188045501709, 53.42306900024414, 117.822509765625, 3.494121551513672
14.087183952331543, 15.638957023620605, -32.10531234741211, -46.78386688232422, 17.238666534423828, 109.00674438476562, 26.078842163085938, -77.2829360961914
14.34469985961914, 9.174598693847656, -42.49622344970703, -28.421375274658203, 56.45090103149414, 63.40793228149414, -63.565940856933594, -121.13404846191406
14.184576988220215, 2.029446601867676, -36.80537033081055, -5.86314058303833, 68.8571548461914, 7.638306140899658, -82.78569793701172, -14.962174415588379
14.243542671203613, -5.372982025146484, -34.57862091064453, 19.877897262573242, 64.90342712402344, -55.621341705322266, -83.04161071777344, 110.24551391601562
13.411614418029785, -12.60985279083252, -28.41950798034668, 45.2158317565918, 28.36817169189453, -105.26283264160156, 4.375204086303711, 83.94791412353516
12.86874008178711, -18.8242244720459, -21.923179626464844, 65.11453247070312, -14.584527969360352, -89.34517669677734, 89.67340850830078, 32.445838928222656
12.6099214553833, -24.67360496520996, -5.983232021331787, 50.32655334472656, -64.66277313232422, -16.54667854309082, 116.2009506225586, -98.9610595703125
12.184786796569824, -24.35849380493164, 9.62385082244873, 34.51761245727539, -82.42619323730469, 31.11104393005371, 50.66972351074219, -105.82311248779297
11.39713191986084, -29.18008041381836, 25.44797706604004, 12.620048522949219, -69.83180236816406, 81.43424987792969, -33.566978454589844, -38.91626739501953
9.541728973388672, -25.34050941467285, 40.332191467285156, -15.667081832885742, -32.561065673828125, 56.78755187988281, -114.39387512207031, 59.38505172729492
7.898345470428467, -25.633419036865234, 43.36051940917969, -32.651615142822266, 12.298612594604492, 28.966041564941406, -65.07105255126953, 156.1897430419922
6.912309169769287, -22.304595947265625, 44.94963073730469, -49.86994171142578, 57.75339889526367, -32.374366760253906, -7.224737167358398, 51.428592681884766
5.082917213439941, -18.09408950805664, 38.31837844848633, -44.93998718261719, 71.95963287353516, -63.50615692138672, 82.42853546142578, -43.46840286254883
3.5263559818267822, -11.779814720153809, 28.530349731445312, -37.1633415222168, 54.88617706298828, -76.78785705566406, 104.88825225830078, -86.69544219970703
1.8344545364379883, -5.350923538208008, 11.07644271850586, -20.50865936279297, 23.02657699584961, -42.143009185791016, 47.21294021606445, -67.00846862792969
-9.417378335485616e-12, 1.5068728923797607, -4.762231826782227, 6.849335193634033, -12.630331993103027, 17.087886810302734, -21.54228401184082, 37.19232940673828
-1.8115763664245605, 7.924525260925293, -18.99405860900879, 36.947349548339844, -44.00653076171875, 88.24656677246094, -64.07317352294922, 135.23728942871094
-3.42724609375, 14.03221321105957, -29.930776596069336, 50.15755081176758, -64.45277404785156, 94.71055603027344, -97.95112609863281, 63.11199188232422
-5.400423049926758, 21.663333892822266, -38.60774612426758, 45.211708068847656, -68.45740509033203, 38.82638168334961, -21.29283332824707, -19.568607330322266
-7.152221202850342, 24.525819778442383, -41.81476593017578, 46.26627731323242, -26.012439727783203, -8.399469375610352, 63.461997985839844, -115.65654754638672
-8.585948944091797, 24.901630401611328, -44.159217834472656, 24.02280044555664, 13.609329223632812, -75.3890380859375, 113.67194366455078, -90.79161834716797
-9.927248001098633, 30.712158203125, -31.90475082397461, -1.3152902126312256, 42.46782302856445, -66.38568115234375, 81.5930404663086, 15.432236671447754
-11.079042434692383, 25.041950225830078, -18.813875198364258, -28.86304473876953, 60.962425231933594, -69.06485748291016, -12.70890998840332, 63.79658889770508
-11.492337226867676, 24.71436882019043, -0.9875308275222778, -42.0669059753418, 59.83454513549805, -0.14491117000579834, -81.32069396972656, 77.1468734741211
-12.787114143371582, 21.91136932373047, 12.53284740447998, -52.70850372314453, 28.817136764526367, 53.35908126831055, -107.50870513916016, 3.7690927982330322
-13.338383674621582, 14.34625244140625, 25.36009979248047, -59.14534378051758, -14.324930191040039, 84.28394317626953, -36.63975524902344, -71.46247100830078
-14.355632781982422, 9.62308120727539, 42.22226333618164, -30.304344177246094, -57.22736740112305, 62.02256774902344, 50.670745849609375, -109.6989974975586
-14.818731307983398, 2.1849541664123535, 38.8696403503418, -6.339548587799072, -70.52516174316406, 8.436869621276855, 116.1034927368164, -14.16833209991455
-14.103708267211914, -4.805226802825928, 37.47136688232422, 18.12700080871582, -61.36770248413086, -41.54368209838867, 75.46905517578125, 116.10771179199219
-14.271611213684082, -12.868509292602539, 36.892208099365234, 47.287872314453125, -27.83066749572754, -61.83784484863281, -3.6600756645202637, 143.75462341308594
-13.80477237701416, -18.372772216796875, 24.33966064453125, 58.6983757019043, 10.997747421264648, -86.66730499267578, -74.84785461425781, 19.746618270874023
-12.162681579589844, -20.810033798217773, 6.545530796051025, 47.11956024169922, 46.62238693237305, -18.63296127319336, -78.6863021850586, -65.95390319824219
-12.499985694885254, -27.466110229492188, -10.525596618652344, 37.8701286315918, 73.46060943603516, 29.109527587890625, -43.38595199584961, -104.67510986328125
-10.814186096191406, -26.47955322265625, -20.66651153564453, 14.11427116394043, 69.28636932373047, 80.55528259277344, 28.319454193115234, -50.01090621948242
-9.883394241333008, -27.506113052368164, -38.27322769165039, -13.362610816955566, 34.120758056640625, 89.05245971679688, 77.8328857421875, 60.83902359008789
-8.281694412231445, -25.765548706054688, -41.14620590209961, -33.70040512084961, -12.569604873657227, 34.65412521362305, 60.63570785522461, 104.85694122314453
-6.789895057678223, -22.221017837524414, -43.199432373046875, -51.43622970581055, -54.71515655517578, -31.715606689453125, 8.94344711303711, 36.81637191772461
-5.047834873199463, -17.416345596313477, -35.71000671386719, -44.43903350830078, -85.36675262451172, -73.71261596679688, -51.771366119384766, -39.7943115234375
-3.527224540710449, -11.367865562438965, -22.856143951416016, -48.812808990478516, -62.35177993774414, -100.84749603271484, -72.86114501953125, -93.7071304321289
-1.769002079963684, -6.180413722991943, -10.730398178100586, -21.38951873779297, -25.42807388305664, -37.84943771362305, -36.95549392700195, -86.91210174560547
9.580118816299166e-12, 1.3794211149215698, 3.7180802822113037, 9.005776405334473, 10.916426658630371, 15.359574317932129, 33.95787811279297, 29.91873550415039
1.7813669443130493, 8.162943840026855, 21.39251708984375, 28.420921325683594, 62.62428283691406, 71.00115966796875, 84.00472259521484, 117.06327819824219
3.6178340911865234, 15.927023887634277, 35.624969482421875, 59.39349365234375, 87.6181869506836, 73.04598999023438, 87.5182113647461, 62.112972259521484
5.356517791748047, 20.272315979003906, 45.8150520324707, 54.5764274597168, 59.12605667114258, 38.91325759887695, 17.995086669921875, -25.671438217163086
7.110526084899902, 25.509368896484375, 45.496543884277344, 43.745079040527344, 33.72930145263672, -8.42043685913086, -73.44493865966797, -148.54159545898438
8.356728553771973, 28.896326065063477, 37.858699798583984, 24.553882598876953, -10.62832260131836, -69.8555679321289, -104.78013610839844, -76.38880920410156
9.317188262939453, 26.079574584960938, 28.04463768005371, -1.307944416999817, -59.22663116455078, -65.84221649169922, -60.73927688598633, 14.168688774108887
10.749167442321777, 30.06684684753418, 18.431259155273438, -29.37464141845703, -74.23870849609375, -68.00358581542969, 13.69062328338623, 118.90218353271484
12.367035865783691, 22.80714225769043, 1.143596887588501, -38.9235725402832, -60.7918586730957, -0.11916221678256989, 75.15757751464844, 90.74064636230469
12.903010368347168, 19.354286193847656, -15.037728309631348, -65.85890197753906, -29.55141830444336, 58.70878982543945, 84.61815643310547, 3.595705032348633
12.933597564697266, 16.90620231628418, -31.1546573638916, -45.862831115722656, 16.809951782226562, 77.1627426147461, 32.97311019897461, -125.9130630493164
14.514208793640137, 9.593537330627441, -32.48185729980469, -32.137386322021484, 62.39628982543945, 59.04646301269531, -60.72939682006836, -99.39796447753906
14.676770210266113, 2.2098171710968018, -46.535255432128906, -5.065527439117432, 58.69142150878906, 12.741823196411133, -84.72642517089844, -16.5616397857666
13.560992240905762, -4.906368732452393, -37.79316711425781, 21.55628204345703, 64.8890380859375, -35.84358596801758, -67.85511779785156, 115.75392150878906
13.2141752243042, -12.593460083007812, -36.61689758300781, 37.049869537353516, 22.25428581237793, -100.68949127197266, 3.6655995845794678, 91.0657730102539
13.216574668884277, -16.83816146850586, -23.948070526123047, 58.15531921386719, -12.363327980041504, -69.6680679321289, 65.1374282836914, 26.11102867126465
13.264758110046387, -23.6003475189209, -7.032717227935791, 54.17824935913086, -57.40535354614258, -23.495712280273438, 91.32994842529297, -64.22315216064453
11.89168930053711, -27.015514373779297, 9.584465980529785, 38.62556838989258, -57.712806701660156, 48.28545379638672, 52.94935989379883, -146.747802734375
11.248558044433594, -26.975805282592773, 25.873565673828125, 11.196974754333496, -51.43024444580078, 96.71450805664062, -37.601470947265625, -58.484092712402344
9.558231353759766, -26.894254684448242, 34.0966682434082, -15.67436695098877, -29.047130584716797, 95.69511413574219, -112.15511322021484, 59.81953430175781
8.601415634155273, -27.857702255249023, 45.94013214111328, -32.12279510498047, 10.896084785461426, 33.8436393737793, -67.26799774169922, 131.32472229003906
7.128154277801514, -21.00351905822754, 37.72466278076172, -44.682525634765625, 56.8670654296875, -36.685359954833984, -5.0293450355529785, 50.950016021728516
4.976140975952148, -20.064830780029297, 39.64345169067383, -45.780128479003906, 59.83909225463867, -76.30433654785156, 60.53856658935547, -66.84537506103516
3.4999046325683594, -13.090836524963379, 28.340194702148438, -42.408203125, 64.4557113647461, -88.490966796875, 127.17053985595703, -71.16252899169922
1.8543566465377808, -5.87734317779541, 10.758177757263184, -21.10362434387207, 26.63114356994629, -44.13249206542969, 67.99840545654297, -79.25907135009766
-9.364628864028113e-12, 1.5282951593399048, -4.418544769287109, 8.549817085266113, -13.67775821685791, 23.760557174682617, -27.880538940429688, 40.19016647338867
-1.860788106918335, 8.058050155639648, -18.5757999420166, 32.61904525756836, -41.79975509643555, 64.31011962890625, -103.58030700683594, 151.36746215820312
-3.639789581298828, 16.275413513183594, -30.371166229248047, 42.16093063354492, -55.93879318237305, 103.00000762939453, -95.94200134277344, 57.490501403808594
-4.959671497344971, 18.41117286682129, -38.20319747924805, 64.57720947265625, -50.09789276123047, 52.95634460449219, -14.833971977233887, -19.822406768798828
-6.594295501708984, 22.594806671142578, -46.43088150024414, 39.68148422241211, -31.724525451660156, -10.129387855529785, 62.19307327270508, -100.06838989257812
-8.052949905395508, 25.57802391052246, -43.031333923339844, 22.564863204956055, 12.719934463500977, -69.98238372802734, 110.24146270751953, -121.11229705810547
-9.458022117614746, 30.09621810913086, -26.535175323486328, -1.2782436609268188, 58.423240661621094, -96.1427001953125, 79.15103912353516, 11.84705924987793
-11.284326553344727, 25.432687759399414, -17.75382423400879, -30.373056411743164, 54.6512336730957, -70.79694366455078, -23.110376358032227, 115.20352935791016
-12.11324405670166, 23.466991424560547, -1.2119367122650146, -53.0847282409668, 64.43204498291016, -0.14298582077026367, -102.4832992553711, 61.01167678833008
-13.163459777832031, 20.879011154174805, 14.92257308959961, -63.410552978515625, 23.36855697631836, 46.79291915893555, -79.85455322265625, 3.257878303527832
-13.34664249420166, 15.17620849609375, 28.682138442993164, -59.06996536254883, -17.471641540527344, 106.22830963134766, -28.53739356994629, -120.77506256103516
-14.490791320800781, 9.118266105651855, 35.40343475341797, -30.796642303466797, -42.54167556762695, 75.42628479003906, 57.1894416809082, -67.33837127685547
-13.447488784790039, 2.1272475719451904, 36.12464141845703, -6.091778755187988, -70.83536529541016, 10.988078117370605, 78.06182098388672, -17.352014541625977
-13.937512397766113, -5.002540111541748, 37.55030822753906, 24.277223587036133, -65.375244140625, -60.882442474365234, 49.26289367675781, 89.60124969482422
-13.81689167022705, -12.724323272705078, 32.4216194152832, 39.89250946044922, -26.116472244262695, -82.96595001220703, -6.281175136566162, 107.22758483886719
-13.620077133178711, -17.26166343688965, 21.9902400970459, 65.83723449707031, 14.30851936340332, -65.52934265136719, -93.27656555175781, 25.121318817138672
-12.738241195678711, -22.735273361206055, 6.635194778442383, 61.82810974121094, 60.94450378417969, -24.254619598388672, -77.46703338623047, -100.3871078491211
-12.5104341506958, -26.373388290405273, -10.757518768310547, 43.64080047607422, 56.036476135253906, 38.79185104370117, -39.54203796386719, -148.59088134765625
-10.66356086730957, -30.723108291625977, -27.22760581970215, 10.920502662658691, 76.31835174560547, 93.63982391357422, 54.75068664550781, -57.60079574584961
-9.603408813476562, -26.81864356994629, -33.50657653808594, -17.89116096496582, 22.05605697631836, 97.95112609863281, 75.25727081298828, 75.51226806640625
-8.642380714416504, -28.689455032348633, -36.62568664550781, -36.917724609375, -11.173371315002441, 23.339202880859375, 108.33873748779297, 69.878662109375
-6.552110195159912, -23.995269775390625, -41.113616943359375, -54.47947692871094, -54.701656341552734, -29.837583541870117, 6.885985374450684, 71.62061309814453
-5.3082275390625, -18.36909294128418, -40.235687255859375, -53.699581146240234, -87.22000122070312, -73.70177459716797, -60.71455383300781, -52.724979400634766
-3.686399459838867, -11.73941707611084, -26.012853622436523, -44.01899719238281, -74.96885681152344, -62.28879928588867, -81.37984466552734, -113.13633728027344
-1.824123501777649, -5.220886707305908, -11.370469093322754, -20.825794219970703, -24.80470085144043, -38.93024444580078, -38.353912353515625, -82.66669464111328
9.17097821295787e-12, 1.3775200843811035, 4.748231410980225, 8.06414794921875, 11.474926948547363, 25.235462188720703, 22.929107666015625, 30.386568069458008
1.8391348123550415, 7.8315958976745605, 21.034507751464844, 35.66159439086914, 40.90596389770508, 55.51471710205078, 97.4850082397461, 118.12652587890625
3.4116623401641846, 13.680756568908691, 36.67572784423828, 60.2211799621582, 63.019744873046875, 76.0926513671875, 77.38479614257812, 95.16678619384766
5.433812618255615, 18.971200942993164, 37.498321533203125, 52.22395706176758, 75.92379760742188, 39.10530090332031, 17.340116500854492, -29.900758743286133
7.014955520629883, 25.068859100341797, 41.164817810058594, 43.742820739746094, 28.642536163330078, -11.088951110839844, -69.2574234008789, -84.80043029785156
8.029804229736328, 26.485633850097656, 42.76143264770508, 24.824893951416016, -16.42365074157715, -50.628353118896484, -68.80589294433594, -62.069496154785156
9.802571296691895, 30.815492630004883, 26.18638038635254, -1.5924140214920044, -43.5205192565918, -102.65338134765625, -85.47013092041016, 14.701904296875
10.864920616149902, 27.2427921295166, 16.919864654541016, -26.46279525756836, -76.76866149902344, -65.99173736572266, 16.964075088500977, 141.02359008789062
12.494342803955078, 23.624164581298828, 1.0460231304168701, -56.750701904296875, -66.03387451171875, -0.10856331884860992, 93.41207885742188, 117.74835205078125
12.224577903747559, 19.0325984954834, -16.233139038085938, -52.789188385009766, -33.54034423828125, 41.322837829589844, 61.12936019897461, 2.586418390274048
13.409320831298828, 16.907638549804688, -32.11029052734375, -57.46253967285156, 14.108344078063965, 67.26702117919922, 27.25715446472168, -61.56863784790039
14.139912605285645, 9.563794136047363, -42.8593635559082, -38.296783447265625, 55.13154220581055, 77.95579528808594, -51.46841049194336, -131.58018493652344
13.823774337768555, 2.0989794731140137, -38.64033889770508, -5.697584629058838, 73.76691436767578, 12.513068199157715, -86.75595092773438, -21.864110946655273
13.820418357849121, -4.6985673904418945, -39.02835464477539, 22.589393615722656, 60.69783020019531, -57.52333450317383, -87.83151245117188, 82.96356201171875
13.835922241210938, -12.605704307556152, -35.44213104248047, 46.200462341308594, 31.901548385620117, -88.3746109008789, 3.476343870162964, 124.79078674316406
13.333791732788086, -18.779571533203125, -21.803312301635742, 59.006446838378906, -14.60444164276123, -74.61070251464844, 73.0462875366211, 42.301544189453125
13.278620719909668, -22.375211715698242, -5.714236736297607, 57.782955169677734, -53.975425720214844, -15.846095085144043, 88.71273803710938, -66.24286651611328
12.046866416931152, -23.988126754760742, 10.75158405303955, 35.52713394165039, -65.76940155029297, 51.60354232788086, 43.89984130859375, -80.28324890136719
10.764256477355957, -26.531818389892578, 21.520397186279297, 11.531786918640137, -68.82431030273438, 85.13581848144531, -30.570785522460938, -38.35890197753906
9.94451904296875, -27.97895050048828, 37.13478469848633, -12.912131309509277, -23.18311882019043, 77.5873031616211, -121.6089859008789, 79.38756561279297
8.52553939819336, -26.56570053100586, 39.673770904541016, -39.758731842041016, 12.971166610717773, 22.433048248291016, -55.844444274902344, 135.64535522460938
6.80702018737793, -23.84340476989746, 38.91925048828125, -52.17073059082031, 58.477203369140625, -27.05514907836914, -8.805020332336426, 39.35084533691406
5.429951190948486, -17.868940353393555, 35.57122802734375, -44.96921157836914, 66.70000457763672, -74.38150787353516, 67.81243896484375, -44.21138381958008
3.5418710708618164, -11.499473571777344, 24.836570739746094, -45.563720703125, 57.08037185668945, -94.79121398925781, 125.39140319824219, -151.41282653808594
1.7813827991485596, -5.449410915374756, 9.89327335357666, -19.386362075805664, 36.04764175415039, -46.360721588134766, 67.1871109008789, -64.29781341552734
-9.714044672815003e-12, 1.4968500137329102, -4.434426784515381, 8.225333213806152, -11.41193962097168, 22.244762420654297, -33.04552459716797, 50.652584075927734
-1.7253341674804688, 8.453221321105957, -20.684717178344727, 29.54892349243164, -62.528682708740234, 88.92695617675781, -121.08993530273438, 132.409423828125
-3.5864830017089844, 15.46927261352539, -36.35055160522461, 44.87156677246094, -76.13834381103516, 95.80209350585938, -74.84862518310547, 76.6841049194336
-5.334417343139648, 21.04609489440918, -42.27690124511719, 54.04671096801758, -63.658058166503906, 41.1470832824707, -19.62964630126953, -18.019725799560547
-6.708117485046387, 24.626073837280273, -39.69463348388672, 39.42447280883789, -33.19232940673828, -10.322778701782227, 79.4918441772461, -64.88929748535156
-7.938648700714111, 26.075641632080078, -42.20697021484375, 30.24758529663086, 15.447739601135254, -79.77261352539062, 82.54573822021484, -76.24238586425781
-9.832219123840332, 28.458173751831055, -29.080829620361328, -1.2883203029632568, 53.265419006347656, -78.04625701904297, 53.272457122802734, 8.526193618774414
-10.800670623779297, 25.87964630126953, -18.411334991455078, -28.324703216552734, 59.59883499145508, -59.10851287841797, -13.535017967224121, 61.02205276489258
-12.439314842224121, 23.154924392700195, -0.9802428483963013, -44.742679595947266, 71.54383087158203, -0.12662215530872345, -70.70600128173828, 106.79059600830078
-13.414740562438965, 20.784936904907227, 15.496969223022461, -54.1482048034668, 31.600994110107422, 58.50507736206055, -114.87582397460938, 4.055183410644531
-13.869036674499512, 15.934194564819336, 28.098970413208008, -42.493927001953125, -14.839823722839355, 62.38562774658203, -33.23671340942383, -113.41828155517578
-13.461888313293457, 8.957554817199707, 34.33197021484375, -34.313358306884766, -63.13730239868164, 61.4130744934082, 41.36074447631836, -139.20982360839844
-13.807079315185547, 1.9366233348846436, 41.278194427490234, -4.712159156799316, -76.69576263427734, 9.888113975524902, 85.72671508789062, -15.0285062789917
-13.937824249267578, -4.812370777130127, 43.88959884643555, 24.7603759765625, -64.9086685180664, -63.974361419677734, 79.20970153808594, 108.62755584716797
-13.54094409942627, -10.606776237487793, 34.807945251464844, 49.062442779541016, -34.88391876220703, -83.13800048828125, -3.5575335025787354, 111.61772155761719
-12.878992080688477, -18.5661678314209, 18.810218811035156, 53.99127197265625, 13.382043838500977, -53.416072845458984, -91.02110290527344, 40.40610885620117
-13.042203903198242, -20.47117042541504, 6.27406120300293, 46.48834991455078, 47.63132095336914, -24.4276065826416, -79.3614730834961, -62.766136169433594
-12.308270454406738, -27.384973526000977, -9.959510803222656, 31.6625919342041, 67.95118713378906, 32.81706619262695, -57.4058723449707, -88.43869018554688
-10.844863891601562, -28.3400821685791, -26.344011306762695, 11.387749671936035, 46.37992858886719, 64.80331420898438, 54.5861930847168, -29.286399841308594
-9.263786315917969, -29.817340850830078, -31.61295509338379, -17.91087532043457, 28.466432571411133, 61.93914794921875, 76.22759246826172, 50.893699645996094
-8.623775482177734, -27.843952178955078, -36.845489501953125, -42.04362106323242, -11.196276664733887, 37.42195510864258, 78.38880920410156, 124.27845001220703
-5.063518047332764, -19.25213623046875, -33.00171661376953, -65.51787567138672, -85.6419448852539, -76.91693878173828, -52.09604263305664, -37.570430755615234
-3.3861868381500244, -12.787117004394531, -22.562786102294922, -45.86234664916992, -64.47566986083984, -87.40682220458984, -126.34394836425781, -156.450927734375
-1.7133865356445312, -5.920803070068359, -11.76950454711914, -16.974288940429688, -26.582216262817383, -43.94413375854492, -45.173465728759766, -80.5844497680664
9.58584340376989e-12, 1.3116099834442139, 3.894962787628174, 8.849699974060059, 16.53974151611328, 20.098819732666016, 32.76932144165039, 32.65523910522461
1.701040267944336, 8.895328521728516, 17.5974063873291, 28.246841430664062, 50.08220291137695, 71.4372329711914, 64.3067626953125, 77.27147674560547
3.6660354137420654, 14.95356559753418, 29.158390045166016, 52.270511627197266, 66.07562255859375, 80.18160247802734, 93.89326477050781, 90.47251892089844
5.053401470184326, 20.928930282592773, 41.696163177490234, 63.59360885620117, 50.2518424987793, 43.20964813232422, 21.493915557861328, -16.428220748901367
6.664392471313477, 24.756729125976562, 47.23256301879883, 46.12655258178711, 27.967288970947266, -9.30603313446045, -60.2072639465332, -136.6894989013672
7.953896999359131, 29.38649559020996, 43.04656219482422, 21.96772003173828, -16.006542205810547, -46.68054962158203, -116.78067779541016, -103.78888702392578
9.385001182556152, 26.065288543701172, 31.4854679107666, -1.5224418640136719, -42.66263198852539, -82.83389282226562, -75.76087188720703, 9.927042961120605
10.660338401794434, 25.92642593383789, 16.282562255859375, -31.42449951171875, -59.91357421875, -56.5694465637207, 16.213762283325195, 74.09761810302734
11.816713333129883, 23.741680145263672, 1.2269107103347778, -40.003990173339844, -72.40264892578125, -0.08497188985347748, 106.15655517578125, 119.24633026123047
12.467292785644531, 21.567855834960938, -15.877986907958984, -57.65290069580078, -27.45660972595215, 41.377906799316406, 91.04132843017578, 3.876061201095581
13.211058616638184, 14.285388946533203, -25.598840713500977, -42.916587829589844, 12.104680061340332, 99.53021240234375, 23.221586227416992, -70.86099243164062
13.829754829406738, 8.929886817932129, -33.244388580322266, -31.551166534423828, 63.488529205322266, 61.819602966308594, -66.23811340332031, -91.95978546142578
14.456560134887695, 1.977561354637146, -37.13915252685547, -6.201505184173584, 57.08023452758789, 9.777329444885254, -88.37540435791016, -13.204291343688965
13.651802062988281, -5.033031940460205, -40.92988204956055, 23.906553268432617, 70.63196563720703, -35.79229736328125, -98.69086456298828, 96.65940856933594
13.911243438720703, -10.972039222717285, -31.36570167541504, 43.668487548828125, 24.474538803100586, -94.99755859375, 4.109429359436035, 76.37001037597656
12.778947830200195, -17.335783004760742, -23.924673080444336, 50.68292236328125, -12.795924186706543, -74.9172592163086, 84.22693634033203, 41.22322082519531
12.982247352600098, -22.244762420654297, -5.616248607635498, 62.64638900756836, -54.8409309387207, -18.441213607788086, 102.02790069580078, -57.51445770263672
12.170278549194336, -28.267499923706055, 8.605663299560547, 35.564205169677734, -62.42583084106445, 44.954837799072266, 30.77984619140625, -135.15704345703125
10.845491409301758, -30.76365089416504, 22.371572494506836, 10.804217338562012, -62.9565315246582, 72.14643096923828, -40.14784622192383, -56.501461029052734
9.752030372619629, -30.32281494140625, 32.541709899902344, -16.63315200805664, -30.558237075805664, 75.61893463134766, -103.8564453125, 46.23281478881836
8.403443336486816, -26.174997329711914, 43.51054763793945, -41.61802291870117, 12.706648826599121, 24.604238510131836, -91.95204162597656, 74.76949310302734
6.495181560516357, -21.897348403930664, 38.3302001953125, -46.09790802001953, 51.363739013671875, -36.55679702758789, -4.99764347076416, 45.03472900390625
5.193823337554932, -16.820077896118164, 31.77684783935547, -64.94747161865234, 66.31037139892578, -84.75424194335938, 70.8411865234375, -68.94956970214844
3.595325469970703, -11.172221183776855, 28.157896041870117, -37.85511779785156, 61.825279235839844, -99.2464828491211, 86.76232147216797, -149.92091369628906
1.7621339559555054, -5.856522560119629, 12.072134017944336, -18.10482406616211, 35.452880859375, -51.91154861450195, 42.71690368652344, -48.68768310546875
-9.147167398526612e-12, 1.4381041526794434, -3.726245403289795, 9.699027061462402, -12.005575180053711, 20.495325088500977, -19.78842544555664, 54.121822357177734
-1.71554434299469, 7.807277679443359, -20.730300903320312, 32.21281051635742, -57.846431732177734, 68.33351135253906, -59.646297454833984, 149.62579345703125
-3.562729835510254, 14.029926300048828, -30.659549713134766, 46.900146484375, -55.42558288574219, 58.7319450378418, -77.09087371826172, 65.35794830322266
-4.9628376960754395, 19.427722930908203, -40.35586166381836, 61.56275177001953, -67.32500457763672, 61.991329193115234, -21.616355895996094, -24.020591735839844
-6.947307109832764, 24.838985443115234, -48.29874038696289, 40.1285400390625, -25.479310989379883, -9.920677185058594, 46.38862609863281, -111.57658386230469
-8.458511352539062, 29.65647315979004, -42.87299346923828, 25.42295265197754, 12.227110862731934, -59.29033660888672, 108.81700897216797, -56.067623138427734
-9.862533569335938, 30.378406524658203, -26.800399780273438, -1.240281105041504, 61.27244186401367, -88.2098617553711, 77.28929138183594, 8.089734077453613
-10.688277244567871, 25.992130279541016, -18.27138900756836, -28.79203224182129, 77.46603393554688, -70.11959838867188, -16.950824737548828, 94.64300537109375
-11.682244300842285, 22.776588439941406, -0.9660398364067078, -51.42714309692383, 70.30142211914062, -0.14222411811351776, -61.74721145629883, 96.72866821289062
-12.822537422180176, 21.169221878051758, 14.233597755432129, -58.478885650634766, 22.438247680664062, 66.01280212402344, -64.7363510131836, 2.069302797317505
-13.757145881652832, 16.85420036315918, 30.934661865234375, -58.3552360534668, -14.901298522949219, 67.63436889648438, -42.055519104003906, -63.778316497802734
-14.476234436035156, 8.401590347290039, 33.5406608581543, -38.26212692260742, -55.294822692871094, 85.07796478271484, 44.169185638427734, -87.85107421875
-14.188911437988281, 2.0753014087677, 40.79353713989258, -6.6949143409729, -61.35602569580078, 11.655741691589355, 98.15196228027344, -18.91103172302246
-14.110943794250488, -4.683678150177002, 37.55687713623047, 19.11214828491211, -72.89509582519531, -51.670894622802734, 64.51373291015625, 52.84930419921875
-14.076982498168945, -11.362140655517578, 37.69246292114258, 42.32261276245117, -24.59048080444336, -68.76143646240234, -5.6849846839904785, 141.9288787841797
-13.433723449707031, -18.754764556884766, 18.567781448364258, 66.92835998535156, 10.599297523498535, -79.43805694580078, -72.43241119384766, 19.675411224365234
-13.008842468261719, -23.71820831298828, 6.287133693695068, 50.547821044921875, 59.51692581176758, -26.055240631103516, -69.8133316040039, -66.8924331665039
-12.17565631866455, -26.772245407104492, -9.249924659729004, 33.42735290527344, 74.91171264648438, 42.873146057128906, -29.175914764404297, -102.03828430175781
-10.835775375366211, -28.974964141845703, -26.35807991027832, 10.318161010742188, 47.11447525024414, 75.92497253417969, 43.04307174682617, -36.21611404418945
-9.428086280822754, -29.401611328125, -31.6832275390625, -17.064735412597656, 28.851394653320312, 76.09209442138672, 127.82648468017578, 89.45903778076172
-8.11140251159668, -24.85016441345215, -38.90206527709961, -36.354461669921875, -16.988943099975586, 27.74765968322754, 58.15036392211914, 110.53150177001953
-6.728894233703613, -22.473615646362305, -41.44851303100586, -44.15400314331055, -60.917747497558594, -32.24419403076172, 7.084741592407227, 34.33696365356445
-5.401346683502197, -18.740215301513672, -35.895057678222656, -52.439640045166016, -74.99080657958984, -93.06429290771484, -81.1612777709961, -56.654178619384766
-3.4822192192077637, -13.329607009887695, -22.797508239746094, -41.177738189697266, -67.90357971191406, -61.625022888183594, -101.50668334960938, -134.87242126464844
-1.8415818214416504, -5.492513179779053, -11.1738920211792, -23.00383949279785, -33.4796028137207, -46.52239990234375, -39.57368469238281, -47.3527946472168
9.777142637168446e-12, 1.4668160676956177, 3.668891668319702, 8.555217742919922, 14.440186500549316, 18.43729019165039, 36.99095153808594, 26.432329177856445
1.7195417881011963, 8.140497207641602, 20.834888458251953, 30.011465072631836, 63.59979248046875, 80.58634185791016, 110.10807800292969, 80.39779663085938
3.5058727264404297, 15.150375366210938, 34.397647857666016, 59.34243392944336, 59.153778076171875, 87.8345718383789, 114.51703643798828, 72.81183624267578
5.080432891845703, 22.0306453704834, 45.89076614379883, 67.29414367675781, 75.07178497314453, 63.99720764160156, 14.890979766845703, -24.104440689086914
7.0442352294921875, 23.28261947631836, 37.83399963378906, 42.0719108581543, 36.00830841064453, -12.2971830368042, -48.90849304199219, -80.23712921142578
8.497408866882324, 28.920400619506836, 38.5236701965332, 23.447750091552734, -10.612702369689941, -81.8241958618164, -101.73323822021484, -116.2230453491211
9.20341968536377, 26.5954532623291, 30.755739212036133, -1.1855274438858032, -58.24737548828125, -63.31330490112305, -74.92298126220703, 10.882140159606934
10.561697959899902, 27.360593795776367, 15.49557876586914, -28.58937644958496, -64.60693359375, -53.037567138671875, 21.24222183227539, 80.48375701904297
11.377710342407227, 26.013813018798828, 1.0682697296142578, -56.83380126953125, -65.73175048828125, -0.07950951904058456, 81.95549011230469, 78.03970336914062
12.367809295654297, 21.419546127319336, -13.306798934936523, -47.69752502441406, -30.01645278930664, 72.06430053710938, 85.90946197509766, 4.218913555145264
13.321340560913086, 16.860652923583984, -32.28901290893555, -53.519371032714844, 10.947449684143066, 99.40343475341797, 33.45225524902344, -119.33565521240234
14.198524475097656, 8.625810623168945, -42.924842834472656, -27.383140563964844, 41.805870056152344, 66.89453887939453, -41.050106048583984, -140.3069610595703
14.347841262817383, 2.176800489425659, -43.06071472167969, -4.97165060043335, 62.07276916503906, 9.124483108520508, -94.63612365722656, -12.689658164978027
13.826021194458008, -4.452439785003662, -37.92342758178711, 21.87598991394043, 50.36597442626953, -42.93531036376953, -74.05474853515625, 76.77769470214844
14.007465362548828, -12.702320098876953, -32.1676025390625, 48.580814361572266, 23.51381492614746, -60.38302993774414, 3.200423240661621, 83.10282135009766
13.508861541748047, -18.296558380126953, -20.925668716430664, 59.52975082397461, -11.814443588256836, -58.26389694213867, 83.18510437011719, 34.54085922241211
12.981916427612305, -22.361085891723633, -6.275622367858887, 59.69856643676758, -51.569358825683594, -25.118221282958984, 106.04310607910156, -75.09132385253906
12.011910438537598, -25.695852279663086, 8.477997779846191, 33.34552001953125, -87.17799377441406, 50.072288513183594, 42.21200942993164, -97.2751235961914
11.411031723022461, -28.4820613861084, 26.125316619873047, 15.214860916137695, -76.00654602050781, 101.43119812011719, -46.438636779785156, -49.1748161315918
9.659518241882324, -30.701900482177734, 36.82069396972656, -18.236358642578125, -30.74399757385254, 78.83460998535156, -66.96640014648438, 59.38768768310547
8.270926475524902, -25.565387725830078, 37.70725631713867, -42.613189697265625, 12.697641372680664, 27.682598114013672, -95.96598052978516, 89.10222625732422
6.483994960784912, -21.983280181884766, 46.260719299316406, -48.65070343017578, 47.601261138916016, -38.16422653198242, -7.960971832275391, 73.22782135009766
5.090339660644531, -19.311569213867188, 39.1753044128418, -49.19880294799805, 84.57745361328125, -54.32564163208008, 64.20236206054688, -60.7926025390625
3.4807775020599365, -12.785456657409668, 29.541261672973633, -35.76984405517578, 66.9618911743164, -77.35548400878906, 87.30052185058594, -94.12442779541016
1.7500437498092651, -5.51071310043335, 12.46225643157959, -20.653972625732422, 26.18299674987793, -40.4007568359375, 66.43065643310547, -45.98826599121094
-9.46594018447211e-12, 1.3051968812942505, -4.24221134185791, 9.124465942382812, -15.788217544555664, 27.064390182495117, -34.14959716796875, 27.80911636352539
-1.8114054203033447, 8.699230194091797, -17.00218963623047, 32.323177337646484, -63.66252517700195, 85.95466613769531, -109.51439666748047, 111.94129943847656
-3.348201274871826, 15.262984275817871, -27.636531829833984, 57.272464752197266, -71.93208312988281, 104.19898986816406, -105.15542602539062, 72.63158416748047
-5.442600250244141, 19.19982147216797, -44.79269790649414, 66.99520111083984, -67.09983825683594, 46.42204284667969, -23.158979415893555, -31.447303771972656
-6.797356605529785, 25.309370040893555, -44.13533401489258, 55.7514762878418, -34.167144775390625, -8.692026138305664, 64.180908203125, -105.10276794433594
-8.243181228637695, 29.682151794433594, -42.41807174682617, 20.855335235595703, 16.27942657470703, -51.72092056274414, 99.7445297241211, -77.88543701171875
-9.372868537902832, 30.712907791137695, -33.56780242919922, -1.6321288347244263, 57.987640380859375, -62.859676361083984, 66.1624984741211, 9.295037269592285
-11.01608943939209, 30.204885482788086, -19.1064453125, -32.828575134277344, 77.58321380615234, -41.401851654052734, -20.05997085571289, 78.83969116210938
-12.483152389526367, 24.518798828125, -1.0948911905288696, -43.92161178588867, 58.0263557434082, -0.08172698318958282, -94.96952819824219, 66.84123229980469
-12.905006408691406, 21.701513290405273, 13.594503402709961, -50.49114990234375, 24.69887924194336, 74.76416778564453, -110.79419708251953, 3.4775516986846924
-12.98052978515625, 16.413604736328125, 31.60918426513672, -56.73160171508789, -12.683197021484375, 64.15416717529297, -25.134611129760742, -130.4778594970703
-13.243491172790527, 9.159220695495605, 42.27953338623047, -34.55686950683594, -51.817203521728516, 77.13744354248047, 40.18846893310547, -76.3621597290039
-14.215749740600586, 2.281999111175537, 47.62278747558594, -6.4088029861450195, -77.77392578125, 10.400565147399902, 74.01040649414062, -12.941682815551758
-14.295035362243652, -5.3844380378723145, 41.60710144042969, 26.195919036865234, -74.8910140991211, -58.660606384277344, 55.882179260253906, 55.8476676940918
-13.868293762207031, -11.609468460083008, 30.000389099121094, 50.40675354003906, -31.36701202392578, -97.41594696044922, -4.215022563934326, 107.38009643554688
-13.371066093444824, -18.572561264038086, 19.006649017333984, 63.12023162841797, 14.045149803161621, -55.10050582885742, -86.72378540039062, 24.19995880126953
-13.216047286987305, -24.599624633789062, 6.70053243637085, 43.77127456665039, 56.79570770263672, -24.855512619018555, -125.26309967041016, -92.83684539794922
-12.473334312438965, -27.575353622436523, -10.734307289123535, 36.61093521118164, 65.59534454345703, 39.66119384765625, -49.43800735473633, -103.12125396728516
-10.449164390563965, -30.359722137451172, -21.97217559814453, 13.289779663085938, 47.589969635009766, 64.94512939453125, 48.96367645263672, -36.22815704345703
-9.65345287322998, -28.06291389465332, -30.250728607177734, -16.857501983642578, 33.1158447265625, 93.79520416259766, 65.80427551269531, 56.89251708984375
-7.99124002456665, -25.634477615356445, -40.751468658447266, -40.57303237915039, -11.882363319396973, 31.929061889648438, 85.71078491210938, 142.44778442382812
-6.7725419998168945, -22.603565216064453, -45.1466178894043, -63.87925720214844, -57.25602722167969, -30.251001358032227, 9.751072883605957, 62.28889846801758
-5.300731182098389, -16.5655460357666, -36.47156524658203, -58.99589157104492, -78.47206115722656, -67.3233642578125, -49.884037017822266, -53.89169692993164
-3.636951208114624, -12.207733154296875, -24.118515014648438, -35.406455993652344, -67.50668334960938, -81.8973617553711, -76.779296875, -153.47711181640625
-1.7951816320419312, -5.510036468505859, -10.670851707458496, -19.808496475219727, -27.46647071838379, -44.665626525878906, -46.91164016723633, -62.33939743041992
9.176413101608105e-12, 1.3128302097320557, 4.697418689727783, 8.238714218139648, 13.09311580657959, 26.482044219970703, 31.162099838256836, 36.88187789916992
1.779558777809143, 7.716920375823975, 21.74753189086914, 28.061721801757812, 44.23213577270508, 58.70532989501953, 83.02165985107422, 96.20372772216797
3.354860544204712, 15.469482421875, 33.89061737060547, 49.24593734741211, 57.6963996887207, 96.76189422607422, 95.27571105957031, 90.73399353027344
5.242504596710205, 22.349233627319336, 37.15806198120117, 50.78428268432617, 69.33650970458984, 40.163394927978516, 20.647632598876953, -27.76520538330078
6.815410137176514, 25.109081268310547, 42.319122314453125, 41.96438980102539, 25.98590087890625, -11.051206588745117, -78.80948638916016, -103.91807556152344
8.68764591217041, 29.944028854370117, 43.90483093261719, 21.04450225830078, -13.734590530395508, -63.20100784301758, -87.03838348388672, -88.67631530761719
9.599431037902832, 25.728967666625977, 33.029911041259766, -1.4824448823928833, -42.05357360839844, -77.4676513671875, -46.956581115722656, 14.123872756958008
10.829000473022461, 24.80695343017578, 18.000802993774414, -23.965709686279297, -71.42323303222656, -50.576751708984375, 19.949600219726562, 69.07588195800781
12.455052375793457, 27.066007614135742, 1.0054265260696411, -39.03954315185547, -55.497886657714844, -0.10683272778987885, 114.9720458984375, 122.47985076904297
12.466330528259277, 19.001567840576172, -14.572633743286133, -62.05912780761719, -26.965871810913086, 66.1461410522461, 104.95079040527344, 3.9497783184051514
13.174067497253418, 16.259201049804688, -28.033954620361328, -41.186370849609375, 16.478702545166016, 86.69200897216797, 38.3227653503418, -84.9168701171875
13.817665100097656, 8.750060081481934, -33.48674011230469, -28.688936233520508, 45.89783477783203, 71.32319641113281, -48.5844612121582, -85.24641418457031
13.971407890319824, 1.9327404499053955, -47.46770095825195, -6.80592679977417, 66.10565948486328, 9.23941707611084, -78.19427490234375, -23.995737075805664
14.546566009521484, -4.951293468475342, -35.02041244506836, 20.09635353088379, 61.05264663696289, -44.36729431152344, -90.50118255615234, 87.99176025390625
14.090538024902344, -12.057167053222656, -33.274444580078125, 41.02385711669922, 23.363183975219727, -75.28607940673828, 5.088563919067383, 130.56446838378906
13.916418075561523, -16.121252059936523, -23.11949348449707, 53.252506256103516, -11.539939880371094, -88.7564926147461, 88.132080078125, 20.011333465576172
12.652719497680664, -20.835426330566406, -6.0151190757751465, 62.82718276977539, -64.60584259033203, -19.813644409179688, 108.87057495117188, -83.32695007324219
12.402719497680664, -27.1961727142334, 8.630328178405762, 38.285099029541016, -72.03588104248047, 49.972320556640625, 52.39838409423828, -115.1519546508789
10.536980628967285, -28.767744064331055, 25.334531784057617, 14.254117965698242, -50.908042907714844, 93.89630126953125, -40.95893859863281, -29.28696632385254
9.786847114562988, -29.532318115234375, 38.70806884765625, -15.928089141845703, -23.041297912597656, 87.3508529663086, -110.78150177001953, 78.53723907470703
8.241253852844238, -27.63031005859375, 39.163612365722656, -32.422508239746094, 11.748209953308105, 38.1265754699707, -81.17241668701172, 83.23164367675781
6.656883716583252, -22.761798858642578, 47.52397918701172, -55.659637451171875, 58.62091064453125, -29.032920837402344, -9.600872039794922, 45.180503845214844
4.966269493103027, -19.765840530395508, 41.296077728271484, -44.3692512512207, 63.227325439453125, -72.02685546875, 95.80937957763672, -40.6586799621582
3.393869638442993, -11.435657501220703, 26.635913848876953, -46.37445068359375, 61.86781311035156, -66.24324035644531, 119.34953308105469, -105.41597747802734
1.6870677471160889, -5.241508960723877, 12.238875389099121, -19.97509002685547, 23.811100006103516, -53.05180358886719, 72.14926147460938, -59.57511520385742
-9.21002597104037e-12, 1.4882746934890747, -3.919463634490967, 8.593106269836426, -15.854873657226562, 20.739229202270508, -20.1385555267334, 36.77804946899414
-1.6903972625732422, 7.8367180824279785, -18.641559600830078, 28.649242401123047, -56.77206802368164, 75.04905700683594, -68.876953125, 72.06367492675781
-3.6428792476654053, 13.954034805297852, -35.34800338745117, 52.67221450805664, -66.66058349609375, 98.19132232666016, -117.19587707519531, 108.99649810791016
-5.241990566253662, 21.610408782958984, -44.82528305053711, 57.71007537841797, -70.61820983886719, 41.17405319213867, -18.27338218688965, -18.018966674804688
-6.906716823577881, 23.617788314819336, -46.52789306640625, 40.01521301269531, -23.242046356201172, -11.051314353942871, 68.59762573242188, -145.35501098632812
-8.234514236450195, 26.04647445678711, -42.52617645263672, 30.33002281188965, 13.748766899108887, -49.68616485595703, 102.0782470703125, -72.20332336425781
-9.518990516662598, 28.5148983001709, -30.458110809326172, -1.4722611904144287, 63.511749267578125, -103.70864868164062, 67.58538055419922, 13.098026275634766
-10.665088653564453, 25.200441360473633, -15.753606796264648, -26.623382568359375, 76.3049087524414, -42.086997985839844, -22.412891387939453, 111.09847259521484
-11.415306091308594, 26.060213088989258, -1.2245267629623413, -40.46494674682617, 62.53067398071289, -0.08198975771665573, -86.01068878173828, 71.681396484375
-12.607611656188965, 19.415054321289062, 14.564645767211914, -58.98431396484375, 31.36908531188965, 63.54072189331055, -91.91151428222656, 3.1691794395446777
-13.31999683380127, 14.04841423034668, 30.836198806762695, -58.28342056274414, -16.8098201751709, 84.2022476196289, -40.78703308105469, -58.07243728637695
-14.179754257202148, 9.786969184875488, 36.92481231689453, -36.215293884277344, -50.6270866394043, 85.0217056274414, 46.88911819458008, -110.5087890625
-14.186118125915527, 1.9777617454528809, 39.95886993408203, -5.4784836769104, -79.79049682617188, 11.16108512878418, 102.4832992553711, -12.322549819946289
-13.692962646484375, -4.940637111663818, 46.678184509277344, 18.149784088134766, -53.58509826660156, -59.1976203918457, 86.8021469116211, 117.42045593261719
-13.65485668182373, -11.327141761779785, 36.30765914916992, 48.15890884399414, -27.652103424072266, -75.50079345703125, -5.364644527435303, 93.59620666503906
-13.527799606323242, -18.928375244140625, 22.53672981262207, 62.090328216552734, 10.61751937866211, -81.39798736572266, -101.70633697509766, 34.53654479980469
-13.380359649658203, -22.323322296142578, 7.135066032409668, 57.725074768066406, 42.419979095458984, -19.8347225189209, -89.56932830810547, -68.6613540649414
-11.823802947998047, -24.92690658569336, -9.328482627868652, 43.8167724609375, 68.56437683105469, 50.569480895996094, -53.186668395996094, -147.3623504638672
-10.87409496307373, -27.094974517822266, -22.031919479370117, 13.483748435974121, 71.10667419433594, 77.62886047363281, 28.574331283569336, -32.46724319458008
-9.287817001342773, -27.920629501342773, -33.423160552978516, -12.346522331237793, 32.6150016784668, 70.80301666259766, 121.67910766601562, 47.95955276489258
-8.339393615722656, -28.78343963623047, -46.87373733520508, -42.41775131225586, -15.451053619384766, 30.168331146240234, 96.20603942871094, 100.26390075683594
-6.528351306915283, -22.44399070739746, -47.0712890625, -48.662052154541016, -56.757232666015625, -34.7402458190918, 5.845414638519287, 56.773712158203125
-5.40911865234375, -16.630496978759766, -31.71416664123535, -56.66822814941406, -77.25572204589844, -54.05344772338867, -89.50826263427734, -70.2674331665039
-3.5891284942626953, -12.948538780212402, -22.626211166381836, -40.01563262939453, -56.210914611816406, -103.7879867553711, -111.90878295898438, -136.5894775390625
-1.7750248908996582, -6.045926570892334, -10.351031303405762, -22.410526275634766, -31.01226234436035, -30.950693130493164, -46.46046829223633, -87.62966918945312
1.0157548413491924e-11, 1.372450351715088, 4.612552642822266, 8.753901481628418, 14.656275749206543, 16.63045310974121, 31.984914779663086, 34.02851486206055
1.8328300714492798, 7.798734664916992, 21.888410568237305, 35.37287902832031, 49.17182159423828, 84.1414566040039, 117.64575958251953, 105.45706939697266
3.478999376296997, 14.634861946105957, 31.5660400390625, 54.444671630859375, 66.24878692626953, 75.80072021484375, 117.05640411376953, 89.256103515625
5.019370079040527, 19.84447479248047, 34.95372009277344, 57.57814025878906, 76.15821075439453, 50.128231048583984, 17.066974639892578, -22.634296417236328
7.028188705444336, 23.630733489990234, 37.09023666381836, 38.18058776855469, 32.880836486816406, -11.804258346557617, -71.7369155883789, -122.84864807128906
8.479767799377441, 28.136661529541016, 44.16489791870117, 25.909650802612305, -14.025907516479492, -55.748741149902344, -68.92362213134766, -70.08568572998047
9.793811798095703, 28.20478630065918, 32.54014587402344, -1.6427620649337769, -58.114105224609375, -87.98146057128906, -42.42703628540039, 12.445931434631348
10.385254859924316, 25.16544532775879, 16.9414005279541, -30.66551399230957, -69.35112762451172, -60.223876953125, 15.5282564163208, 65.31629180908203
12.161731719970703, 26.60940933227539, 1.1634197235107422, -53.8143310546875, -69.82263946533203, -0.10379103571176529, 90.08948516845703, 123.1856460571289
13.35908317565918, 21.55074119567871, -13.045061111450195, -51.14500427246094, -27.087749481201172, 52.87079620361328, 65.05731201171875, 3.1822195053100586
13.619046211242676, 15.684175491333008, -30.05108070373535, -44.355255126953125, 16.555448532104492, 99.07673645019531, 38.96366500854492, -130.78578186035156
13.238581657409668, 8.516889572143555, -36.21272659301758, -26.481353759765625, 42.16579818725586, 74.23722839355469, -44.074005126953125, -95.70789337158203
14.247101783752441, 2.1460108757019043, -41.371456146240234, -6.62605619430542, 77.51535034179688, 12.609759330749512, -75.25830078125, -12.760672569274902
14.462259292602539, -5.189540863037109, -40.54193115234375, 24.72486686706543, 51.37110900878906, -38.41664123535156, -53.09720230102539, 99.0831527709961
14.367847442626953, -11.07290267944336, -37.778526306152344, 45.3273811340332, 24.161834716796875, -91.40636444091797, 5.715488910675049, 107.75413513183594
13.347498893737793, -17.393260955810547, -24.52484130859375, 49.97557830810547, -17.11821174621582, -80.4374008178711, 92.10213470458984, 32.19906997680664
12.258566856384277, -24.85004234313965, -6.653586387634277, 51.014076232910156, -63.065391540527344, -15.529646873474121, 116.8350830078125, -87.90618896484375
11.881753921508789, -24.180164337158203, 9.653021812438965, 36.56626892089844, -55.445556640625, 29.11026954650879, 54.835205078125, -146.1129608154297
10.662840843200684, -28.17198371887207, 26.804813385009766, 13.160399436950684, -67.18527221679688, 64.11019134521484, -49.82760238647461, -55.406532287597656
9.747347831726074, -29.133541107177734, 36.96605682373047, -15.301827430725098, -22.236764907836914, 70.34956359863281, -88.28704071044922, 43.61814880371094
8.287510871887207, -26.335317611694336, 37.069297790527344, -46.74800109863281, 16.98859977722168, 34.201175689697266, -97.94808197021484, 147.67388916015625
7.106662750244141, -22.624170303344727, 47.36129379272461, -53.977970123291016, 42.08613204956055, -35.82782745361328, -8.38028335571289, 42.2921257019043
5.23039436340332, -18.165008544921875, 37.80754852294922, -64.20861053466797, 66.08285522460938, -63.10554122924805, 75.61488342285156, -40.88783264160156
3.4014453887939453, -12.846920013427734, 25.218017578125, -34.26052474975586, 76.2353515625, -81.39163970947266, 86.51466369628906, -156.70327758789062
1.7452939748764038, -6.116451263427734, 10.250157356262207, -18.147720336914062, 24.72345733642578, -47.72319030761719, 71.57022857666016, -75.88723754882812
-1.0180963710970659e-11, 1.4403743743896484, -3.636552572250366, 9.425983428955078, -16.495174407958984, 21.243011474609375, -33.227333068847656, 35.66807556152344
-1.78231942653656, 8.451017379760742, -21.913835525512695, 30.972578048706055, -56.70049285888672, 54.72026824951172, -99.4018325805664, 114.53313446044922
-3.387646198272705, 14.963301658630371, -27.963516235351562, 42.72083282470703, -59.1815299987793, 104.85143280029297, -56.976051330566406, 64.31411743164062
-5.383354187011719, 21.6564998626709, -35.26317596435547, 62.086978912353516, -67.8034896850586, 62.9511604309082, -26.838096618652344, -24.098899841308594
-6.518789768218994, 24.2838191986084, -44.93598175048828, 55.184478759765625, -29.94251823425293, -12.019165992736816, 69.01110076904297, -111.12722778320312
-8.714350700378418, 26.504806518554688, -41.02572250366211, 24.855361938476562, 10.566444396972656, -62.995887756347656, 96.8409652709961, -64.1579818725586
-9.917606353759766, 30.08479881286621, -27.40030860900879, -1.5427985191345215, 64.19922637939453, -71.37957000732422, 42.77642822265625, 7.106245994567871
-11.26679515838623, 27.52012062072754, -14.404953956604004, -33.57559585571289, 73.744873046875, -59.44126892089844, -22.89899253845215, 133.69517517089844
-11.420883178710938, 24.867095947265625, -1.0505656003952026, -53.89552307128906, 58.91533279418945, -0.11124183237552643, -114.66358184814453, 62.02539825439453
-12.727423667907715, 19.022356033325195, 16.545028686523438, -57.9675178527832, 26.134218215942383, 75.36247253417969, -88.35999298095703, 2.222118854522705
-13.741257667541504, 16.470428466796875, 27.856365203857422, -45.402225494384766, -11.039361953735352, 72.19449615478516, -34.650306701660156, -63.3527946472168
-13.634520530700684, 9.36062240600586, 35.494510650634766, -38.022525787353516, -51.04207992553711, 73.12387084960938, 49.795204162597656, -68.8523178100586
-13.708313941955566, 2.032998561859131, 48.22031784057617, -6.4954681396484375, -64.00003814697266, 9.62834358215332, 109.1594009399414, -18.33709144592285
-14.531862258911133, -4.57305383682251, 42.558589935302734, 24.648324966430664, -47.7442741394043, -51.11966323852539, 69.59810638427734, 76.93795013427734
-14.034590721130371, -11.714619636535645, 36.544132232666016, 49.165504455566406, -32.70610427856445, -72.21648406982422, -6.000926494598389, 147.581787109375
-13.808393478393555, -18.806425094604492, 20.47102165222168, 65.3794937133789, 15.444786071777344, -72.79791259765625, -103.26274108886719, 31.92593765258789
-13.000754356384277, -21.205760955810547, 6.905742168426514, 55.78602600097656, 54.71643829345703, -22.34029769897461, -117.59803771972656, -86.2783203125
-11.473487854003906, -24.706815719604492, -9.372756958007812, 43.33938217163086, 74.16712951660156, 47.85011672973633, -49.12301254272461, -152.5581817626953
-10.6383056640625, -30.37700653076172, -22.048063278198242, 10.984103202819824, 69.74411010742188, 92.25943756103516, 29.411293029785156, -31.998018264770508
-9.93567943572998, -30.23931121826172, -35.97551727294922, -16.0896053314209, 29.492504119873047, 71.03459167480469, 103.5575180053711, 60.400909423828125
-8.72297191619873, -25.893192291259766, -43.203887939453125, -45.974246978759766, -16.468902587890625, 32.5720329284668, 58.01939010620117, 109.70724487304688
-6.726802825927734, -22.000286102294922, -36.853675842285156, -44.454673767089844, -39.417789459228516, -23.258695602416992, 5.892124652862549, 35.61521530151367
-5.34871768951416, -17.51612091064453, -39.66604995727539, -50.34904861450195, -64.80162811279297, -67.17283630371094, -63.091121673583984, -59.840457916259766
-3.6799542903900146, -11.599090576171875, -22.49087905883789, -44.69301223754883, -58.549129486083984, -94.1490707397461, -112.90706634521484, -107.74755859375
-1.6862236261367798, -5.593169689178467, -10.912964820861816, -18.747941970825195, -23.911922454833984, -45.026981353759766, -48.55865478515625, -80.80433654785156
9.603572277694372e-12, 1.4055198431015015, 4.644508361816406, 7.040894985198975, 13.939536094665527, 15.504382133483887, 33.57927322387695, 53.2614631652832
1.8064810037612915, 7.960090160369873, 19.24782943725586, 34.797706604003906, 46.33671569824219, 88.22388458251953, 118.42643737792969, 97.69908905029297
3.451228380203247, 15.176846504211426, 33.926979064941406, 52.32913589477539, 74.4695816040039, 103.71771240234375, 108.28593444824219, 63.694881439208984
5.365326881408691, 22.240421295166016, 38.09126281738281, 60.5886116027832, 47.67814636230469, 62.147132873535156, 15.519271850585938, -32.53854751586914
6.755171298980713, 25.12788963317871, 46.20583724975586, 48.80485153198242, 31.506357192993164, -11.836427688598633, -69.27385711669922, -79.17037200927734
8.076019287109375, 28.711849212646484, 35.216304779052734, 30.0869083404541, -13.728665351867676, -66.45342254638672, -109.53822326660156, -57.51676559448242
9.278290748596191, 28.407468795776367, 32.22608184814453, -1.1219689846038818, -43.49877166748047, -107.7210464477539, -58.23408126831055, 6.994414329528809
11.404670715332031, 28.179698944091797, 17.257251739501953, -32.14047622680664, -75.61167907714844, -57.67411804199219, 19.91582679748535, 132.18087768554688
11.433488845825195, 24.175819396972656, 1.1423540115356445, -52.94126892089844, -48.10814666748047, -0.08256370574235916, 96.30228424072266, 92.6878890991211
12.529888153076172, 21.207931518554688, -13.793900489807129, -52.795040130615234, -32.72810745239258, 60.341163635253906, 76.53030395507812, 3.097163677215576
13.359907150268555, 15.453213691711426, -27.42478370666504, -41.485252380371094, 13.754188537597656, 63.00907516479492, 42.96066665649414, -58.254425048828125
13.413351058959961, 9.830513954162598, -35.22611999511719, -35.51506042480469, 60.746971130371094, 68.02914428710938, -35.2608528137207, -110.96321868896484
14.608158111572266, 2.2461254596710205, -44.20488357543945, -6.487458229064941, 74.95523834228516, 8.421030044555664, -102.75465393066406, -11.406664848327637
13.738880157470703, -4.820095539093018, -43.51796340942383, 25.97772979736328, 75.21845245361328, -48.00896453857422, -52.040916442871094, 85.22650146484375
14.457489967346191, -11.147870063781738, -31.514699935913086, 53.09088134765625, 26.92272186279297, -97.16545104980469, 3.17236590385437, 142.3666534423828
13.607308387756348, -19.10325813293457, -21.64763641357422, 64.71794128417969, -12.781749725341797, -76.07728576660156, 61.56702423095703, 36.87842559814453
13.29099178314209, -20.762094497680664, -6.92025899887085, 57.82466125488281, -56.796260833740234, -23.99776268005371, 129.17385864257812, -45.1735954284668
11.620240211486816, -24.495553970336914, 10.651034355163574, 38.50815200805664, -86.77874755859375, 29.023967742919922, 34.32639694213867, -67.16780090332031
10.563353538513184, -30.201374053955078, 25.05524253845215, 12.669970512390137, -74.26001739501953, 75.88557434082031, -37.70473861694336, -56.90925598144531
9.710816383361816, -29.678346633911133, 32.7518310546875, -14.360280990600586, -27.963224411010742, 88.91180419921875, -119.27152252197266, 47.376461029052734
8.1170072555542, -25.077781677246094, 40.23478698730469, -42.41342544555664, 13.247538566589355, 29.072072982788086, -68.3328628540039, 154.35708618164062
6.7339091300964355, -21.128917694091797, 44.52355194091797, -59.21704864501953, 44.613502502441406, -34.940879821777344, -9.425042152404785, 50.792659759521484
5.363353252410889, -19.630538940429688, 37.6362190246582, -59.55844497680664, 69.23072052001953, -64.7363052368164, 57.56913757324219, -32.00967025756836
3.3681142330169678, -12.510132789611816, 27.717529296875, -38.39242935180664, 57.58894729614258, -76.3319091796875, 85.2375717163086, -90.83716583251953
1.7547765970230103, -5.577239513397217, 10.359701156616211, -16.620439529418945, 22.21669578552246, -49.654850006103516, 57.77639389038086, -69.19918060302734
-9.511470604184336e-12, 1.4823498725891113, -4.743907451629639, 7.648970127105713, -16.282882690429688, 24.196260452270508, -30.10487937927246, 42.99163818359375
-1.7310787439346313, 8.453535079956055, -21.30706024169922, 36.32090759277344, -62.479488372802734, 67.69039154052734, -81.36285400390625, 120.22551727294922
-3.4133410453796387, 15.685667037963867, -33.543617248535156, 54.694393157958984, -86.27311706542969, 106.99374389648438, -102.51237487792969, 105.70378112792969
-5.189267635345459, 21.338947296142578, -36.82286071777344, 50.706825256347656, -73.23035430908203, 35.10539245605469, -26.010982513427734, -16.58296775817871
-6.564310073852539, 25.068931579589844, -40.70016860961914, 53.54423141479492, -28.490386962890625, -10.226027488708496, 58.912322998046875, -139.27342224121094
-8.485220909118652, 26.716463088989258, -35.72651290893555, 28.29500389099121, 16.715200424194336, -47.76506805419922, 105.76622009277344, -58.40491485595703
-9.474534034729004, 28.114858627319336, -31.791725158691406, -1.2196861505508423, 58.60733413696289, -62.863311767578125, 78.15562438964844, 12.542840957641602
-11.038508415222168, 29.621944427490234, -18.811786651611328, -28.83780860900879, 87.62569427490234, -72.23250579833984, -22.665382385253906, 119.31458282470703
-11.35334300994873, 24.09427261352539, -1.219996452331543, -41.69139099121094, 49.486083984375, -0.08351723849773407, -95.68449401855469, 74.2001953125
-12.521475791931152, 20.976139068603516, 16.72903823852539, -52.93342971801758, 31.955322265625, 60.13740539550781, -75.35880279541016, 3.714945077896118
-13.747828483581543, 13.918417930603027, 31.657983779907227, -42.61750793457031, -17.013992309570312, 107.50370025634766, -21.022056579589844, -86.56243133544922
