-5.1393164030022476e-11, 1.4905414581298828, -4.725986480712891, 9.063440322875977, -12.349751472473145, 15.310206413269043, -28.1944580078125, 24.671749114990234
-1.7134835720062256, 8.817874908447266, -17.80425262451172, 31.349443435668945, -39.913543701171875, 54.0527229309082, -110.03583526611328, 133.33331298828125
-3.4470105171203613, 14.499017715454102, -30.111352920532227, 61.951419830322266, -53.517112731933594, 80.39081573486328, -117.00523376464844, 68.82475280761719
-5.334832668304443, 18.999526977539062, -35.94969177246094, 55.331668853759766, -49.67210006713867, 61.5565185546875, -17.994394302368164, -25.800405502319336
-6.9885172843933105, 26.532560348510742, -37.691951751708984, 47.634735107421875, -24.339290618896484, -9.632427215576172, 68.50391387939453, -86.61587524414062
-8.474830627441406, 25.02407455444336, -36.07815933227539, 24.24306297302246, 14.046101570129395, -80.52478790283203, 86.30377197265625, -69.91541290283203
-9.402514457702637, 27.63951301574707, -31.303258895874023, -1.2316423654556274, 62.67604064941406, -69.52626037597656, 81.52250671386719, 8.878875732421875
-11.069483757019043, 28.722496032714844, -15.871588706970215, -26.163734436035156, 87.79621124267578, -58.46223449707031, -11.78941822052002, 113.1716079711914
-11.566073417663574, 24.360017776489258, -0.9941717386245728, -52.23762130737305, 71.42279052734375, -0.12924621999263763, -71.17078399658203, 80.1164321899414
-13.306306838989258, 19.61557388305664, 16.742263793945312, -55.53083419799805, 31.669673919677734, 65.44605255126953, -122.4249038696289, 2.6236324310302734
-14.092547416687012, 14.445708274841309, 29.66839027404785, -50.78614807128906, -15.812661170959473, 98.67683410644531, -31.762723922729492, -70.91677856445312
-13.954366683959961, 8.87177848815918, 33.0766716003418, -30.708961486816406, -49.49299621582031, 73.24356079101562, 46.936790466308594, -138.76318359375
-14.422654151916504, 2.1163485050201416, 36.46007537841797, -5.9537434577941895, -55.95021438598633, 10.917154312133789, 93.99623107910156, -22.916101455688477
-14.543211936950684, -4.791733741760254, 38.82807540893555, 22.559511184692383, -75.72830963134766, -54.52787399291992, 88.69438934326172, 112.8542251586914
-13.964303016662598, -12.40118408203125, 34.75739288330078, 49.59150314331055, -23.55561637878418, -107.4005355834961, -5.200656890869141, 90.07292938232422
-12.905810356140137, -17.214096069335938, 21.346729278564453, 66.02650451660156, 14.885589599609375, -50.654266357421875, -83.19396209716797, 21.522966384887695
-12.162541389465332, -22.977609634399414, 6.094099044799805, 49.71148681640625, 46.34488296508789, -18.745393753051758, -66.39225769042969, -91.4829330444336
-11.983641624450684, -25.521902084350586, -8.475552558898926, 34.158172607421875, 58.0018310546875, 47.971031188964844, -29.102155685424805, -90.39095306396484
-10.523199081420898, -30.111934661865234, -21.66103744506836, 10.627738952636719, 50.28173065185547, 100.27291870117188, 27.359241485595703, -30.59620475769043
-9.305959701538086, -30.461301803588867, -31.927391052246094, -16.600364685058594, 32.643497467041016, 93.88776397705078, 101.43054962158203, 83.5431137084961
-8.420581817626953, -24.83030891418457, -41.46512222290039, -45.62100601196289, -16.608375549316406, 38.071372985839844, 87.1711654663086, 108.91593170166016
-6.79210090637207, -24.512128829956055, -39.99296569824219, -49.05866622924805, -44.2122917175293, -27.264381408691406, 7.236372947692871, 71.64042663574219
-5.056183815002441, -17.287364959716797, -35.62654495239258, -54.05310821533203, -53.842586517333984, -98.0739974975586, -73.05165100097656, -45.09309387207031
-3.5633277893066406, -13.476587295532227, -26.35064125061035, -48.993499755859375, -50.391422271728516, -104.38392639160156, -102.51812744140625, -130.6709747314453
-1.7477648258209229, -5.915099143981934, -10.873372077941895, -21.230215072631836, -27.116519927978516, -28.805034637451172, -54.15726089477539, -67.69650268554688
5.2241211356829353e-11, 1.4039732217788696, 3.6946656703948975, 8.790234565734863, 17.00461196899414, 14.877359390258789, 31.293333053588867, 48.368263244628906
1.7223877906799316, 8.120820999145508, 18.603620529174805, 35.46232223510742, 62.355770111083984, 85.5027084350586, 60.35401153564453, 103.22747039794922
3.5328447818756104, 15.461777687072754, 27.315021514892578, 58.29963684082031, 60.06400680541992, 65.88612365722656, 86.9817123413086, 56.41069412231445
5.407194137573242, 22.02311134338379, 34.335453033447266, 60.06735610961914, 69.07395935058594, 52.43714904785156, 24.603816986083984, -29.195119857788086
6.864738464355469, 23.10260772705078, 40.775936126708984, 46.9564208984375, 28.558021545410156, -7.799321174621582, -51.71490478515625, -143.18096923828125
8.371292114257812, 28.136749267578125, 39.478057861328125, 27.542078018188477, -14.630833625793457, -57.5311393737793, -117.75846862792969, -109.52400970458984
9.615189552307129, 28.66450309753418, 33.14277648925781, -1.628920078277588, -39.225196838378906, -85.592529296875, -69.40290069580078, 12.237277030944824
10.927252769470215, 26.13840103149414, 15.710083961486816, -33.850223541259766, -57.61431121826172, -49.01488494873047, 15.034799575805664, 67.49163818359375
11.346610069274902, 27.24523162841797, 1.1767382621765137, -50.794071197509766, -60.286949157714844, -0.10431789606809616, 65.83729553222656, 63.89695358276367
13.224462509155273, 21.53169822692871, -14.04632568359375, -47.97801208496094, -25.157772064208984, 42.807273864746094, 89.33966064453125, 3.046383857727051
14.034948348999023, 15.98442554473877, -27.76398468017578, -55.1419677734375, 16.37339973449707, 84.4433822631836, 31.895038604736328, -129.89820861816406
13.426875114440918, 9.41244888305664, -34.17875671386719, -31.15188217163086, 40.44179916381836, 65.18920135498047, -47.9627685546875, -123.13156127929688
14.556833267211914, 2.075395107269287, -44.203346252441406, -6.12766695022583, 68.85039520263672, 12.933698654174805, -67.74883270263672, -19.403444290161133
13.489249229431152, -4.551403045654297, -37.44221496582031, 23.39443588256836, 53.9178581237793, -52.993064880371094, -97.79224395751953, 55.73295593261719
13.223052024841309, -12.322157859802246, -30.165868759155273, 48.51509475708008, 22.10637092590332, -70.65975189208984, 4.696066856384277, 148.34930419921875
13.732772827148438, -17.355979919433594, -21.932462692260742, 56.826515197753906, -12.558155059814453, -81.83497619628906, 81.08137512207031, 27.417949676513672
12.897799491882324, -21.200502395629883, -6.369226932525635, 45.41903305053711, -39.801902770996094, -19.814210891723633, 67.28296661376953, -79.1971206665039
11.373123168945312, -27.555330276489258, 9.782659530639648, 43.000823974609375, -67.40662384033203, 40.88475799560547, 49.95088195800781, -78.96881103515625
11.24009895324707, -27.036388397216797, 23.769672393798828, 12.930681228637695, -73.14299011230469, 86.75360870361328, -31.198104858398438, -57.22932434082031
9.232931137084961, -30.102766036987305, 36.62004852294922, -17.230300903320312, -27.530567169189453, 63.14552307128906, -62.78994369506836, 79.02360534667969
8.170952796936035, -24.57406234741211, 35.55497360229492, -35.39524459838867, 16.688642501831055, 31.50136947631836, -79.07271575927734, 122.04534912109375
7.102662086486816, -23.235130310058594, 45.63527297973633, -63.91743469238281, 48.2088623046875, -38.38105392456055, -6.3780341148376465, 34.924739837646484
5.165194988250732, -17.381881713867188, 35.63130187988281, -56.99236297607422, 79.06898498535156, -64.94657135009766, 92.27312469482422, -55.8589973449707
3.4292399883270264, -12.308281898498535, 23.435335159301758, -36.956565856933594, 76.90827178955078, -72.04942321777344, 126.29203796386719, -127.91966247558594
1.6928330659866333, -5.449073791503906, 12.408860206604004, -19.40387725830078, 32.08179473876953, -50.54573059082031, 46.583744049072266, -46.44406509399414
-5.0568906700965144e-11, 1.538501262664795, -4.868221282958984, 9.658670425415039, -11.3330659866333, 19.35917854309082, -34.524986267089844, 45.44153594970703
-1.7236740589141846, 8.019780158996582, -17.478622436523438, 28.995546340942383, -41.021636962890625, 77.07791900634766, -85.39739227294922, 117.79173278808594
-3.546790838241577, 13.625693321228027, -27.887561798095703, 45.87810134887695, -78.54296112060547, 94.87533569335938, -113.10372161865234, 71.15522766113281
-5.142852783203125, 19.14601707458496, -37.196311950683594, 66.83323669433594, -71.22357940673828, 41.98734664916992, -15.559480667114258, -25.905101776123047
-7.125432968139648, 25.870758056640625, -40.69316101074219, 47.32427978515625, -30.201229095458984, -13.189038276672363, 51.92282485961914, -98.25935363769531
-8.037345886230469, 25.16526222229004, -33.98654556274414, 30.690942764282227, 17.319774627685547, -70.4451675415039, 119.89797973632812, -98.74381256103516
-9.74464225769043, 30.06476593017578, -27.991979598999023, -1.4315791130065918, 44.62110900878906, -89.46015167236328, 67.6715087890625, 11.837315559387207
-11.10506820678711, 25.171009063720703, -16.86270523071289, -27.523536682128906, 67.5311279296875, -56.016944885253906, -17.795427322387695, 136.36598205566406
-11.626127243041992, 22.865398406982422, -1.0003963708877563, -45.484291076660156, 58.34991455078125, -0.14144161343574524, -63.79924392700195, 80.6266098022461
-12.390409469604492, 22.539459228515625, 16.165760040283203, -67.0077896118164, 26.51296043395996, 41.377593994140625, -90.78723907470703, 3.102149248123169
-13.217140197753906, 16.441688537597656, 31.434926986694336, -50.15660858154297, -13.155048370361328, 94.19532775878906, -26.276227951049805, -77.69889068603516
-13.290202140808105, 8.89155101776123, 35.22160339355469, -29.514144897460938, -63.1954345703125, 67.00634765625, 62.348697662353516, -95.89802551269531
-13.860540390014648, 2.30110764503479, 41.40410614013672, -6.664583206176758, -74.19593811035156, 11.332054138183594, 85.0935287475586, -22.16280746459961
-13.989933013916016, -4.589709281921387, 42.9442138671875, 22.067081451416016, -68.94731140136719, -42.707420349121094, 79.04054260253906, 56.74075698852539
-13.819497108459473, -11.435256004333496, 29.787446975708008, 35.83150863647461, -35.49628829956055, -89.33006286621094, -4.768898963928223, 93.73408508300781
-13.691132545471191, -17.54891586303711, 21.924936294555664, 65.39832305908203, 12.284735679626465, -78.70892333984375, -85.32106018066406, 31.30853271484375
-13.414902687072754, -22.819013595581055, 7.13347864151001, 61.331207275390625, 41.543701171875, -21.869693756103516, -106.1008071899414, -67.40641021728516
-12.114990234375, -28.735816955566406, -9.733428955078125, 44.953369140625, 77.99341583251953, 51.31393814086914, -28.433555603027344, -156.15048217773438
-11.135555267333984, -27.649625778198242, -24.34633445739746, 15.116235733032227, 58.38707733154297, 78.59918975830078, 38.2245979309082, -34.93560028076172
-9.759922981262207, -27.06861686706543, -31.51947784423828, -14.056402206420898, 23.20517921447754, 77.572265625, 93.05270385742188, 79.78941345214844
-8.029104232788086, -28.244190216064453, -35.938663482666016, -37.4898681640625, -13.647123336791992, 27.383148193359375, 55.822608947753906, 105.87557220458984
-6.707336902618408, -23.068387985229492, -42.128665924072266, -44.298160552978516, -60.89128875732422, -34.25808334350586, 8.154338836669922, 74.5448226928711
-5.343627452850342, -17.774024963378906, -31.041826248168945, -62.13333511352539, -82.96329498291016, -57.73040771484375, -53.58840560913086, -39.66001510620117
-3.539323091506958, -13.20644474029541, -25.7055721282959, -38.614749908447266, -72.69959259033203, -94.14454650878906, -104.13050842285156, -144.8742218017578
-1.7809059619903564, -5.379443168640137, -11.497469902038574, -20.41633415222168, -25.124496459960938, -50.11742401123047, -42.55973815917969, -55.37099838256836
5.067712915973743e-11, 1.4490684270858765, 4.563329219818115, 7.187195777893066, 13.204728126525879, 21.364501953125, 33.128883361816406, 32.66703414916992
1.729840636253357, 7.648436546325684, 21.082380294799805, 39.78094482421875, 45.17848587036133, 56.656673431396484, 92.15081787109375, 137.713623046875
3.606794595718384, 13.409588813781738, 35.505470275878906, 44.85757064819336, 59.644962310791016, 99.24893951416016, 112.97998809814453, 58.01976776123047
5.1942009925842285, 21.294189453125, 34.421390533447266, 52.3931884765625, 74.31887817382812, 60.794090270996094, 13.060962677001953, -32.71055221557617
6.81844425201416, 23.327619552612305, 40.178348541259766, 48.03767395019531, 32.04111862182617, -10.71703052520752, -41.80412673950195, -71.53360748291016
8.14003849029541, 25.70127296447754, 33.21030044555664, 27.15737533569336, -17.216583251953125, -72.67473602294922, -116.55030059814453, -55.35934066772461
9.665839195251465, 26.538406372070312, 28.793031692504883, -1.1662352085113525, -64.52252960205078, -67.99678802490234, -63.02519607543945, 6.823124885559082
10.81128215789795, 24.9384708404541, 18.3557071685791, -27.67646026611328, -60.813743591308594, -70.64282989501953, 21.61390495300293, 70.75120544433594
12.13567066192627, 24.059349060058594, 1.1228443384170532, -41.716312408447266, -64.1995849609375, -0.08964002132415771, 98.94466400146484, 103.4233169555664
12.734624862670898, 22.722640991210938, -15.6629056930542, -58.829498291015625, -34.86221694946289, 57.41776657104492, 72.13504791259766, 2.7662875652313232
13.79955005645752, 15.850749969482422, -24.140470504760742, -51.88156509399414, 11.688376426696777, 92.09800720214844, 26.499534606933594, -101.72824096679688
13.294206619262695, 8.3609619140625, -40.865325927734375, -33.39842224121094, 40.98958206176758, 62.142417907714844, -68.91902923583984, -98.44268035888672
13.961833000183105, 2.0307698249816895, -39.20612716674805, -5.686702728271484, 75.06529998779297, 12.423726081848145, -95.74555206298828, -24.04810333251953
13.915315628051758, -5.23672342300415, -35.6042594909668, 24.476518630981445, 53.269752502441406, -43.75508499145508, -97.53236389160156, 92.77607727050781
13.888978004455566, -10.559720039367676, -29.652202606201172, 35.75609588623047, 25.19599723815918, -96.4610366821289, 4.226473808288574, 92.11952209472656
12.868446350097656, -16.828092575073242, -20.043052673339844, 51.08073425292969, -14.867229461669922, -76.36128997802734, 105.6092300415039, 38.8256721496582
12.946670532226562, -21.412395477294922, -5.5696001052856445, 49.0169563293457, -58.70023727416992, -25.5766658782959, 119.3202133178711, -56.831600189208984
11.37790298461914, -25.600454330444336, 8.74877643585205, 31.4105281829834, -63.91381072998047, 36.18950653076172, 41.802371978759766, -70.28982543945312
10.43990707397461, -26.998571395874023, 25.49947166442871, 13.978528022766113, -53.000247955322266, 74.90998077392578, -39.149658203125, -43.36329650878906
9.838738441467285, -26.116943359375, 34.0505485534668, -15.631743431091309, -25.76374626159668, 95.76301574707031, -122.46066284179688, 80.29158782958984
8.57565689086914, -23.790542602539062, 38.58921432495117, -32.19425964355469, 13.653166770935059, 32.13318634033203, -105.36774444580078, 157.68165588378906
6.63232421875, -21.769092559814453, 46.114418029785156, -58.09740447998047, 50.97880172729492, -37.880672454833984, -5.626518726348877, 47.38743209838867
5.435306072235107, -17.11627960205078, 31.987112045288086, -60.83513641357422, 66.38284301757812, -66.24552917480469, 69.03120422363281, -64.30217742919922
3.3863954544067383, -11.270217895507812, 23.108844757080078, -47.43625259399414, 62.22946548461914, -67.2190170288086, 65.1330337524414, -122.56974792480469
1.7978562116622925, -5.505465030670166, 13.044085502624512, -19.861230850219727, 23.210981369018555, -47.963226318359375, 43.66594696044922, -68.0260238647461
-5.002488007166406e-11, 1.3045010566711426, -4.238053321838379, 8.260371208190918, -11.136130332946777, 23.284793853759766, -19.9274845123291, 33.634010314941406
-1.805654525756836, 7.867081165313721, -22.06023597717285, 37.37199783325195, -44.08498001098633, 76.05695343017578, -104.41961669921875, 150.4256134033203
-3.565706491470337, 15.170038223266602, -35.91167068481445, 42.214900970458984, -77.69832611083984, 86.51264190673828, -111.51868438720703, 76.2587890625
-5.2418999671936035, 20.57606315612793, -36.13835144042969, 49.08458709716797, -69.84647369384766, 48.75893783569336, -18.491199493408203, -21.36084747314453
-6.566427230834961, 23.94774627685547, -46.88131332397461, 53.742218017578125, -25.175233840942383, -12.840895652770996, 81.81092071533203, -126.65039825439453
-7.971612453460693, 28.043533325195312, -35.97565841674805, 26.103370666503906, 12.413348197937012, -66.1622085571289, 76.73985290527344, -70.1742172241211
-9.617826461791992, 26.437664031982422, -28.10593032836914, -1.219887137413025, 51.518123626708984, -79.53236389160156, 84.33380889892578, 14.169513702392578
-10.532754898071289, 28.433582305908203, -17.626169204711914, -28.42970848083496, 77.73204803466797, -65.68626403808594, -21.15443229675293, 105.42194366455078
-12.335224151611328, 25.191755294799805, -1.1574472188949585, -46.16215133666992, 57.12318801879883, -0.09417629987001419, -81.27933502197266, 71.9830551147461
-13.298506736755371, 19.606128692626953, 13.083456993103027, -50.56663131713867, 33.99116516113281, 64.85787963867188, -98.99132537841797, 3.355208158493042
-13.838592529296875, 16.287525177001953, 26.864879608154297, -49.24846267700195, -16.112794876098633, 106.86233520507812, -24.388507843017578, -113.80902099609375
-14.332819938659668, 9.019261360168457, 40.3689079284668, -34.16028594970703, -49.11239242553711, 68.0756607055664, 66.93891143798828, -94.34349060058594
-14.44254207611084, 2.064483642578125, 43.68124771118164, -6.117208480834961, -56.57692337036133, 9.655142784118652, 107.63802337646484, -17.434064865112305
-13.639082908630371, -5.334819316864014, 41.37260818481445, 18.41010856628418, -49.345191955566406, -63.33298110961914, 90.5332260131836, 58.731590270996094
-13.98115348815918, -11.389619827270508, 36.006683349609375, 43.297000885009766, -30.218002319335938, -103.47247314453125, -5.867514133453369, 145.3408966064453
-12.998381614685059, -16.666744232177734, 23.388620376586914, 65.42098236083984, 15.130915641784668, -89.86441040039062, -76.32767486572266, 18.900463104248047
-12.456226348876953, -21.027942657470703, 5.519216537475586, 61.44384002685547, 50.59934997558594, -18.640316009521484, -99.50543975830078, -58.13259506225586
-11.73015308380127, -25.206249237060547, -8.323505401611328, 36.34807586669922, 66.236572265625, 40.06599044799805, -45.71393966674805, -153.57192993164062
-10.588738441467285, -29.361600875854492, -22.952322006225586, 11.517851829528809, 57.673301696777344, 60.43614959716797, 44.964412689208984, -48.29764175415039
-9.773422241210938, -29.382413864135742, -36.91072463989258, -16.200056076049805, 23.26412582397461, 64.32979583740234, 84.93848419189453, 53.00388717651367
-7.995830535888672, -24.9166316986084, -43.84290313720703, -39.67796325683594, -15.850865364074707, 33.67448425292969, 86.3380355834961, 68.61365509033203
-7.042165756225586, -22.960115432739258, -47.538970947265625, -52.96092987060547, -59.65587615966797, -25.116683959960938, 8.571521759033203, 38.41065979003906
-5.354179859161377, -18.48483657836914, -36.711219787597656, -59.7890739440918, -56.37633514404297, -63.25054168701172, -54.57280349731445, -34.7480354309082
-3.371596097946167, -12.00113296508789, -25.31230926513672, -44.43604278564453, -67.95702362060547, -103.27079772949219, -112.55297088623047, -68.94346618652344
-1.7946332693099976, -5.798713684082031, -11.318256378173828, -19.5595760345459, -26.638822555541992, -32.56294250488281, -35.50810623168945, -94.91006469726562
5.0830076259167356e-11, 1.3475673198699951, 4.00739860534668, 7.244953632354736, 11.633834838867188, 19.58136558532715, 21.283601760864258, 25.276594161987305
1.7844171524047852, 7.661590576171875, 22.03026008605957, 27.923770904541016, 54.70892333984375, 55.692115783691406, 100.81878662109375, 110.69971466064453
3.52968692779541, 14.043107032775879, 34.580116271972656, 59.88730239868164, 84.67198944091797, 61.69645309448242, 60.177730560302734, 68.0191879272461
5.3794355392456055, 20.367765426635742, 34.580528259277344, 58.61308288574219, 64.71765899658203, 60.942291259765625, 20.087173461914062, -35.163734436035156
6.969598770141602, 24.400800704956055, 44.37265396118164, 47.51047897338867, 36.2923698425293, -13.320279121398926, -40.74314498901367, -80.41204071044922
8.462279319763184, 29.9045467376709, 38.973079681396484, 21.019622802734375, -16.545644760131836, -73.70854187011719, -88.20569610595703, -120.90389251708984
9.557689666748047, 25.571657180786133, 27.934885025024414, -1.102384328842163, -46.80054473876953, -97.8642349243164, -75.99828338623047, 13.347625732421875
11.377015113830566, 26.57609748840332, 15.466840744018555, -28.121097564697266, -57.430198669433594, -56.89850997924805, 21.816221237182617, 92.12198638916016
12.171733856201172, 27.436355590820312, 1.1226557493209839, -42.49735641479492, -60.132205963134766, -0.10544916987419128, 66.66472625732422, 78.78872680664062
12.784955978393555, 21.24648094177246, -16.666370391845703, -47.9802131652832, -30.353132247924805, 46.01603698730469, 112.16828918457031, 3.826181650161743
13.763815879821777, 15.713069915771484, -32.43000793457031, -57.161128997802734, 11.505922317504883, 107.83426666259766, 30.707183837890625, -65.31568908691406
14.250152587890625, 8.349264144897461, -40.014041900634766, -28.585376739501953, 44.64351272583008, 81.77862548828125, -46.736141204833984, -97.01386260986328
14.32483959197998, 2.2317891120910645, -39.07444381713867, -6.00774621963501, 75.66842651367188, 12.793033599853516, -127.08181762695312, -16.78801155090332
14.23129653930664, -5.1932172775268555, -45.788841247558594, 18.73084259033203, 61.028602600097656, -40.99382019042969, -96.54862213134766, 97.34895324707031
14.107710838317871, -12.534552574157715, -37.61157989501953, 44.183406829833984, 34.98649215698242, -88.02704620361328, 5.751700401306152, 85.50052642822266
13.856918334960938, -18.365100860595703, -22.630722045898438, 65.36590576171875, -12.88589859008789, -89.77552795410156, 61.76939392089844, 40.84850311279297
12.176562309265137, -20.628185272216797, -6.9321136474609375, 44.53448486328125, -55.10969161987305, -21.124523162841797, 123.51435089111328, -58.717769622802734
11.96527099609375, -24.9548282623291, 8.953962326049805, 35.12749481201172, -75.99981689453125, 34.561546325683594, 54.945133209228516, -92.44258880615234
11.12976360321045, -27.11351776123047, 27.222484588623047, 13.346652030944824, -60.92698669433594, 87.56836700439453, -46.09075164794922, -52.210514068603516
9.6500244140625, -30.023591995239258, 31.649906158447266, -15.85933780670166, -27.948638916015625, 66.25093841552734, -127.05744934082031, 76.772705078125
8.183412551879883, -25.161209106445312, 44.84918975830078, -38.593528747558594, 10.690014839172363, 28.125995635986328, -66.76638793945312, 80.93848419189453
6.498859882354736, -22.48404312133789, 46.93903732299805, -48.69367599487305, 58.249473571777344, -38.14271545410156, -8.296055793762207, 60.921871185302734
5.069430828094482, -19.9896240234375, 38.834129333496094, -49.83430480957031, 78.98001098632812, -80.54869842529297, 52.05037307739258, -52.042789459228516
3.408770799636841, -12.679351806640625, 21.984817504882812, -40.633705139160156, 55.867366790771484, -61.31390380859375, 117.06704711914062, -134.25991821289062
1.7356293201446533, -5.434678554534912, 11.755558967590332, -16.2886905670166, 35.855010986328125, -35.20781707763672, 56.9135856628418, -88.3901596069336
-5.0258904676914185e-11, 1.2915349006652832, -4.521144390106201, 8.389233589172363, -10.579099655151367, 16.000093460083008, -35.103538513183594, 30.792621612548828
-1.787674903869629, 8.491130828857422, -17.793733596801758, 41.15312957763672, -45.94034957885742, 88.25312805175781, -89.09248352050781, 141.72476196289062
-3.643678903579712, 14.408705711364746, -35.02208709716797, 46.129398345947266, -56.76777267456055, 88.32543182373047, -59.920318603515625, 100.8737564086914
-4.9567952156066895, 18.546497344970703, -39.80088424682617, 55.09006881713867, -53.91088104248047, 40.98119354248047, -23.667720794677734, -24.034713745117188
-6.919020175933838, 24.538000106811523, -36.90962219238281, 46.910011291503906, -36.28178024291992, -8.812594413757324, 69.0361557006836, -132.8424072265625
-8.490338325500488, 29.143362045288086, -43.91680908203125, 25.148456573486328, 15.246180534362793, -72.04319763183594, 69.90943908691406, -65.0214614868164
-9.318282127380371, 29.66172218322754, -33.96566390991211, -1.1671779155731201, 43.44655990600586, -64.22915649414062, 56.652862548828125, 6.870726585388184
-11.083975791931152, 26.59942054748535, -14.461463928222656, -28.442514419555664, 79.29963684082031, -59.761966705322266, -19.15245819091797, 66.33700561523438
-12.322211265563965, 27.218063354492188, -1.2239127159118652, -46.19886016845703, 49.110408782958984, -0.09192539751529694, -95.7369384765625, 118.32886505126953
-13.020524024963379, 22.422231674194336, 14.11573600769043, -64.51917266845703, 29.07514762878418, 74.43983459472656, -95.35307312011719, 2.9974663257598877
-13.02857780456543, 14.384472846984863, 31.536977767944336, -44.15280532836914, -11.11935043334961, 108.55708312988281, -41.925567626953125, -96.84095001220703
-14.080090522766113, 9.620220184326172, 37.09780502319336, -30.589405059814453, -64.91508483886719, 74.48446655273438, 42.16653823852539, -140.59921264648438
-14.434553146362305, 2.048666477203369, 36.0164909362793, -6.711636543273926, -63.476600646972656, 12.382781982421875, 113.02919006347656, -21.570940017700195
-13.677531242370605, -4.47130823135376, 41.44736099243164, 23.497114181518555, -49.249210357666016, -55.8541374206543, 90.10591125488281, 81.4351806640625
-14.547253608703613, -11.242147445678711, 32.26108169555664, 48.76693344116211, -22.10802459716797, -74.10935974121094, -4.864856243133545, 94.81714630126953
-13.662309646606445, -19.514028549194336, 19.261844635009766, 60.722434997558594, 11.52437686920166, -91.53890991210938, -88.11851501464844, 23.704055786132812
-12.511955261230469, -21.202272415161133, 5.792646884918213, 44.64797592163086, 52.81364822387695, -21.322370529174805, -87.83853149414062, -66.0157699584961
-12.304783821105957, -26.242420196533203, -9.151832580566406, 35.20301055908203, 55.54393005371094, 31.34856605529785, -57.22510528564453, -92.44699096679688
-11.412498474121094, -28.065513610839844, -27.3682918548584, 13.427401542663574, 48.79514694213867, 68.34033203125, 49.263427734375, -32.184818267822266
-9.284214973449707, -27.304719924926758, -38.1222038269043, -16.645912170410156, 35.631507873535156, 78.01461791992188, 101.88227844238281, 68.18386840820312
-8.670251846313477, -27.689542770385742, -46.55070877075195, -42.58218765258789, -12.373298645019531, 23.3718318939209, 80.19895935058594, 101.95130920410156
-6.604873180389404, -24.362594604492188, -45.37688446044922, -57.83546447753906, -50.30416488647461, -31.818147659301758, 9.487396240234375, 40.094093322753906
-5.3033671379089355, -18.23735237121582, -38.702640533447266, -49.619258880615234, -78.85994720458984, -66.12232971191406, -70.29496002197266, -62.25350570678711
-3.5161521434783936, -12.339282035827637, -29.03618049621582, -45.816673278808594, -57.0985221862793, -80.43783569335938, -110.04869079589844, -69.4073257446289
-1.798717975616455, -5.729673385620117, -12.125396728515625, -16.05942726135254, -23.6396484375, -38.60419845581055, -64.90960693359375, -44.76448059082031
4.856814256326558e-11, 1.3943681716918945, 4.015363693237305, 9.614422798156738, 17.418010711669922, 19.540023803710938, 37.68677520751953, 35.17755126953125
1.715479850769043, 9.007920265197754, 18.49872398376465, 27.50497817993164, 63.81282424926758, 85.39446258544922, 109.56305694580078, 89.28605651855469
3.6586380004882812, 14.271827697753906, 30.404693603515625, 52.87677001953125, 55.66203308105469, 92.20970153808594, 76.15274810791016, 67.4682846069336
5.403867721557617, 20.94002914428711, 43.391998291015625, 51.901859283447266, 62.56965637207031, 51.51224136352539, 18.166643142700195, -22.672340393066406
6.792845726013184, 25.760101318359375, 42.54560089111328, 40.75442886352539, 33.13636016845703, -13.169124603271484, -75.85173034667969, -108.89266204833984
8.619556427001953, 29.47199821472168, 38.13317108154297, 30.86280632019043, -11.87175464630127, -48.00490951538086, -76.07096862792969, -115.26224517822266
10.104680061340332, 25.56633949279785, 30.526201248168945, -1.3731818199157715, -61.431121826171875, -81.85082244873047, -73.17733001708984, 10.05669116973877
10.353463172912598, 27.30632781982422, 15.855301856994629, -30.383108139038086, -87.02938842773438, -71.34136962890625, 18.401918411254883, 88.7957763671875
11.922781944274902, 26.822765350341797, 1.0941407680511475, -50.96319580078125, -70.47764587402344, -0.12160298228263855, 111.81863403320312, 79.12690734863281
12.608240127563477, 21.120180130004883, -12.765382766723633, -66.7706069946289, -26.87628746032715, 58.17915725708008, 84.99834442138672, 2.122772693634033
13.49891185760498, 16.9661865234375, -24.536598205566406, -45.172203063964844, 15.76978874206543, 73.71209716796875, 29.514528274536133, -87.14757537841797
13.930079460144043, 9.578617095947266, -34.786170959472656, -29.583879470825195, 42.45964431762695, 59.23750305175781, -39.55190658569336, -125.35276794433594
14.813909530639648, 2.0759339332580566, -44.987239837646484, -6.3853759765625, 62.65351867675781, 8.064943313598633, -119.029296875, -23.25843620300293
13.426166534423828, -4.9550557136535645, -34.8040771484375, 22.979278564453125, 55.34049606323242, -50.5641975402832, -81.7316665649414, 101.05390167236328
13.948580741882324, -12.065653800964355, -31.351882934570312, 39.78038024902344, 22.934350967407227, -72.07987976074219, 5.424224853515625, 115.01656341552734
14.08770751953125, -17.96858024597168, -20.705289840698242, 59.63160705566406, -10.769204139709473, -58.267574310302734, 58.9579963684082, 38.23969650268555
13.38385009765625, -24.686796188354492, -6.06781005859375, 60.66939163208008, -41.05799102783203, -26.07618522644043, 113.80177307128906, -60.41514587402344
11.493266105651855, -26.58172607421875, 10.687131881713867, 30.98845863342285, -59.87462615966797, 41.10000991821289, 33.706817626953125, -86.48558807373047
10.47657585144043, -30.25065040588379, 21.704978942871094, 12.952421188354492, -76.63603973388672, 63.73210906982422, -47.47998046875, -36.75972366333008
9.340252876281738, -29.681245803833008, 35.39855194091797, -15.75656509399414, -23.33563232421875, 98.91080474853516, -126.26636505126953, 87.41182708740234
8.174792289733887, -26.95536994934082, 39.19841766357422, -33.66856002807617, 11.253491401672363, 32.1881103515625, -101.1955795288086, 90.2066421508789
6.8533501625061035, -24.622440338134766, 37.00129318237305, -47.37009048461914, 61.070457458496094, -30.171823501586914, -5.764898300170898, 41.709075927734375
5.069066524505615, -16.867412567138672, 41.54727554321289, -64.03450012207031, 75.20207977294922, -86.11459350585938, 79.52104187011719, -69.99897766113281
3.565688371658325, -13.448812484741211, 25.900230407714844, -40.386985778808594, 58.38897705078125, -62.54560470581055, 68.33541870117188, -69.88679504394531
1.7509444952011108, -6.171675205230713, 10.058799743652344, -17.170513153076172, 28.8493709564209, -43.41811752319336, 55.50642776489258, -84.40550994873047
-5.287291784950021e-11, 1.4394912719726562, -4.43009614944458, 10.071669578552246, -14.648052215576172, 20.33931541442871, -34.50815200805664, 32.27861404418945
-1.7340209484100342, 7.803103923797607, -18.9834041595459, 28.329593658447266, -62.36688995361328, 72.53321838378906, -90.94844055175781, 151.8892822265625
-3.479316473007202, 15.263967514038086, -29.717041015625, 54.51533889770508, -74.50660705566406, 98.24080657958984, -95.98094940185547, 104.25119018554688
-5.182633399963379, 21.71279525756836, -44.51430892944336, 52.32419204711914, -64.3980484008789, 54.332942962646484, -18.784631729125977, -17.41410255432129
-7.151135444641113, 27.02048683166504, -36.50304412841797, 41.93513107299805, -34.52812194824219, -12.960310935974121, 62.63874053955078, -135.4462432861328
-8.385005950927734, 28.820627212524414, -36.43632507324219, 24.701213836669922, 15.338077545166016, -46.757686614990234, 79.80802154541016, -71.65058898925781
-9.922396659851074, 30.648231506347656, -33.0361442565918, -1.5592273473739624, 62.593475341796875, -103.86626434326172, 59.30145263671875, 10.396652221679688
-10.35800838470459, 28.559123992919922, -15.315040588378906, -30.507343292236328, 64.85353088378906, -48.26362609863281, -12.940325736999512, 90.97571563720703
-11.927709579467773, 26.583677291870117, -0.92974853515625, -56.940208435058594, 57.49148941040039, -0.08974948525428772, -101.24433898925781, 126.75971984863281
-12.73455810546875, 21.872243881225586, 12.938684463500977, -65.68791198730469, 22.287334442138672, 61.553348541259766, -62.66872787475586, 3.5125064849853516
-13.811118125915527, 15.856033325195312, 28.88753890991211, -45.735816955566406, -11.04383659362793, 85.08892822265625, -30.12322425842285, -113.09854888916016
-13.20417594909668, 8.204298973083496, 34.98406982421875, -28.261396408081055, -56.156097412109375, 74.20006561279297, 68.55860137939453, -80.36714172363281
-13.702754974365234, 2.1652297973632812, 37.86137771606445, -6.664336204528809, -75.12591552734375, 10.187074661254883, 111.75236511230469, -22.607563018798828
-13.975871086120605, -5.205536365509033, 41.248626708984375, 18.9813175201416, -76.51306915283203, -52.10871887207031, 64.76909637451172, 103.82901763916016
-14.002538681030273, -11.734553337097168, 31.1503849029541, 40.017826080322266, -24.087600708007812, -75.81371307373047, -3.1382291316986084, 112.5689697265625
-13.354141235351562, -16.263565063476562, 24.581989288330078, 65.81459045410156, 13.016295433044434, -51.878814697265625, -60.10378646850586, 33.7873420715332
-12.873577117919922, -22.87347984313965, 6.916679382324219, 57.410648345947266, 54.279571533203125, -19.153764724731445, -109.30435943603516, -66.7423095703125
-11.505424499511719, -24.767595291137695, -9.753767967224121, 30.698627471923828, 57.17784881591797, 43.813350677490234, -50.97636032104492, -68.60281372070312
-11.300604820251465, -28.077280044555664, -24.15486717224121, 12.753518104553223, 59.44114303588867, 58.473167419433594, 28.194255828857422, -49.32530975341797
-9.470908164978027, -25.299116134643555, -38.0272331237793, -13.614994049072266, 34.32537841796875, 69.74757385253906, 94.79877471923828, 49.791908264160156
-8.156625747680664, -29.05548667907715, -35.60785675048828, -44.56139373779297, -15.374186515808105, 27.430828094482422, 92.2192611694336, 128.68385314941406
-6.492912292480469, -24.509714126586914, -37.17263412475586, -47.678855895996094, -59.95097732543945, -24.228788375854492, 8.202102661132812, 39.62158203125
-5.241658687591553, -19.1129093170166, -38.58866500854492, -51.3986701965332, -62.84980773925781, -60.823272705078125, -90.80608367919922, -55.30342102050781
-3.361693859100342, -13.36323070526123, -23.727914810180664, -35.31963348388672, -58.938758850097656, -81.981689453125, -91.13439178466797, -112.91205596923828
-1.8316696882247925, -5.393658638000488, -12.595637321472168, -18.235931396484375, -27.58405876159668, -43.84488296508789, -50.06636428833008, -93.8822021484375
5.0757828495839874e-11, 1.5127533674240112, 3.7096364498138428, 9.804981231689453, 14.41150188446045, 25.23836898803711, 19.13082504272461, 45.865299224853516
1.752834439277649, 8.946645736694336, 18.9825496673584, 29.520917892456055, 55.423343658447266, 73.18641662597656, 82.10897827148438, 73.8282699584961
3.5601248741149902, 15.591879844665527, 29.183162689208984, 55.97396469116211, 74.63825988769531, 89.98348236083984, 82.6025161743164, 106.34981536865234
5.074533462524414, 22.1706600189209, 41.34193420410156, 54.015907287597656, 75.7489013671875, 54.33259582519531, 25.835519790649414, -22.2303524017334
6.824911117553711, 23.346885681152344, 39.36613082885742, 47.21302795410156, 27.470972061157227, -13.10623550415039, -70.22122192382812, -76.42813873291016
8.549694061279297, 29.83152961730957, 35.844051361083984, 25.03833770751953, -14.512428283691406, -79.66690826416016, -130.28074645996094, -121.12510681152344
9.626154899597168, 27.916860580444336, 27.709758758544922, -1.5217351913452148, -50.62969207763672, -64.36804962158203, -82.23464965820312, 7.621378421783447
10.982780456542969, 25.222063064575195, 15.336318969726562, -30.720048904418945, -79.2401123046875, -54.19762420654297, 14.924077033996582, 85.49571228027344
11.502140045166016, 25.41736602783203, 1.2106704711914062, -56.12800979614258, -56.58269500732422, -0.11333521455526352, 63.2652473449707, 74.91015625
13.205657958984375, 20.80530548095703, -13.228538513183594, -59.423011779785156, -32.38655090332031, 61.03192901611328, 94.93011474609375, 2.363008499145508
13.356377601623535, 15.946114540100098, -25.400251388549805, -47.884525299072266, 13.186528205871582, 73.26670837402344, 24.52901268005371, -119.8455810546875
14.58285140991211, 9.92699146270752, -43.29032897949219, -32.723506927490234, 44.010719299316406, 75.29032897949219, -49.634765625, -138.51467895507812
14.650602340698242, 2.331577777862549, -43.10112762451172, -6.274443626403809, 81.30355834960938, 7.967697620391846, -102.46150207519531, -13.765664100646973
13.993430137634277, -5.345415115356445, -39.227901458740234, 21.35402488708496, 64.23045349121094, -54.0224609375, -81.16950225830078, 79.62667846679688
13.92122745513916, -12.775189399719238, -38.31922912597656, 42.83995056152344, 36.04910659790039, -82.72626495361328, 5.583402633666992, 87.42840576171875
14.100025177001953, -16.024932861328125, -19.461599349975586, 55.27880096435547, -13.291022300720215, -51.642433166503906, 64.73455810546875, 25.72722816467285
12.668567657470703, -24.29625701904297, -7.322361946105957, 57.969093322753906, -51.486454010009766, -19.66447639465332, 127.28414916992188, -56.719696044921875
11.802948951721191, -23.990299224853516, 8.872722625732422, 44.94820022583008, -59.98257827758789, 35.764095306396484, 47.82892608642578, -155.7980194091797
10.732637405395508, -25.35777473449707, 23.151287078857422, 10.584848403930664, -53.13215637207031, 89.00379180908203, -30.030513763427734, -52.06975173950195
9.99104118347168, -29.6889591217041, 34.77510452270508, -12.774322509765625, -22.580446243286133, 98.25163269042969, -68.8561019897461, 50.30988311767578
8.055414199829102, -24.367902755737305, 44.55771255493164, -46.22036361694336, 13.304383277893066, 29.516674041748047, -76.92979431152344, 145.98028564453125
6.524636745452881, -23.04807472229004, 37.32242202758789, -44.11887741088867, 42.210208892822266, -27.878812789916992, -8.042154312133789, 58.19917297363281
5.163786888122559, -16.485307693481445, 31.375478744506836, -61.41940689086914, 77.49445343017578, -68.98735046386719, 70.85798645019531, -52.08473205566406
3.6658103466033936, -13.200809478759766, 25.733074188232422, -43.687801361083984, 71.83382415771484, -75.27335357666016, 89.45645904541016, -154.8044891357422
1.7600044012069702, -5.499586582183838, 12.911540031433105, -19.117765426635742, 33.832679748535156, -29.113723754882812, 70.27415466308594, -44.52909851074219
-4.979404735760973e-11, 1.4094535112380981, -3.6427645683288574, 9.679544448852539, -12.562749862670898, 27.068254470825195, -36.497737884521484, 24.1615047454834
-3.5739119052886963, 13.937749862670898, -33.9555778503418, 49.307857513427734, -79.0706558227539, 93.52495574951172, -87.41938781738281, 49.691986083984375
-5.1431965827941895, 21.620670318603516, -36.166507720947266, 45.75900650024414, -73.04389953613281, 64.924072265625, -19.64079475402832, -17.197364807128906
-7.102395057678223, 23.828231811523438, -36.958011627197266, 53.23519515991211, -27.841585159301758, -12.03707504272461, 60.63489532470703, -105.71189880371094
-7.952755928039551, 25.33816909790039, -36.37971878051758, 26.511343002319336, 14.413016319274902, -71.75338745117188, 131.01766967773438, -109.90592193603516
-9.379424095153809, 31.03699493408203, -33.61613464355469, -1.4499844312667847, 60.29077911376953, -96.064208984375, 76.38957214355469, 13.334221839904785
-11.37717056274414, 26.9055233001709, -16.825510025024414, -31.32331657409668, 60.04908752441406, -45.12327194213867, -23.035974502563477, 135.42071533203125
-11.691929817199707, 26.86945152282715, -1.037622332572937, -43.37429428100586, 62.08743667602539, -0.12211955338716507, -96.92448425292969, 86.51847839355469
-12.770597457885742, 22.862428665161133, 15.435678482055664, -57.40220642089844, 32.948333740234375, 51.3013916015625, -106.36762237548828, 3.699768304824829
-12.964821815490723, 15.377744674682617, 26.46849250793457, -51.40971374511719, -14.411358833312988, 100.3637466430664, -32.74175262451172, -72.34994506835938
-13.498074531555176, 9.02425479888916, 38.2984619140625, -29.029800415039062, -53.496097564697266, 49.105918884277344, 43.5567626953125, -139.963134765625
-14.47239875793457, 2.171186685562134, 45.1616325378418, -5.36784553527832, -54.7751350402832, 7.704470157623291, 109.50994110107422, -12.591255187988281
-14.558465003967285, -5.404260635375977, 46.13591766357422, 22.438194274902344, -62.65510559082031, -63.957237243652344, 85.89981842041016, 106.59661865234375
-13.511738777160645, -12.19809341430664, 37.349674224853516, 46.94731521606445, -31.849163055419922, -88.48609924316406, -4.486131191253662, 96.1082992553711
-13.168377876281738, -16.18437957763672, 19.56309700012207, 47.95418167114258, 12.546899795532227, -90.06555938720703, -87.40885162353516, 38.94707489013672
-12.48327922821045, -24.117412567138672, 6.731196403503418, 46.07358169555664, 39.63829040527344, -19.205158233642578, -94.34123992919922, -81.64552307128906
-12.408119201660156, -25.82345199584961, -8.615263938903809, 38.82180404663086, 82.42095184326172, 50.63308334350586, -34.17007064819336, -131.47763061523438
-11.008390426635742, -29.30219268798828, -20.714839935302734, 14.745887756347656, 76.8224868774414, 99.62694549560547, 31.528358459472656, -34.81745529174805
-9.258254051208496, -30.623685836791992, -31.400903701782227, -15.621196746826172, 36.032737731933594, 94.10548400878906, 103.94463348388672, 84.21002197265625
-8.313857078552246, -26.830535888671875, -45.86616134643555, -35.057098388671875, -12.167089462280273, 35.578819274902344, 95.31523895263672, 126.90372467041016
-6.50191068649292, -24.033050537109375, -46.17421340942383, -56.83383560180664, -44.51667022705078, -23.9998836517334, 9.294440269470215, 41.785240173339844
-5.266873359680176, -16.80352020263672, -40.72793960571289, -54.61913299560547, -71.31764221191406, -98.69695281982422, -88.15254211425781, -64.12448120117188
-3.367673635482788, -12.362726211547852, -26.99810791015625, -44.571231842041016, -55.75749588012695, -89.0259017944336, -115.18801879882812, -95.59944152832031
-1.8367263078689575, -5.32883358001709, -12.21512508392334, -21.99410629272461, -33.79891586303711, -46.87288284301758, -68.4515609741211, -73.45982360839844
5.294036042879924e-11, 1.5070149898529053, 3.9097094535827637, 7.921180725097656, 14.804862022399902, 26.98618507385254, 34.90377426147461, 27.09187126159668
1.6983568668365479, 8.729724884033203, 21.33603286743164, 38.43074035644531, 43.75395584106445, 59.39506530761719, 67.01374816894531, 145.0248260498047
3.4836606979370117, 15.330431938171387, 33.56829071044922, 41.78126907348633, 65.71532440185547, 63.89989471435547, 86.99287414550781, 70.33921813964844
4.967465877532959, 20.524036407470703, 35.41730880737305, 45.38248062133789, 67.70427703857422, 40.28853225708008, 20.120729446411133, -17.44384002685547
7.031491756439209, 23.726966857910156, 46.12971496582031, 52.50904846191406, 27.69236946105957, -13.178648948669434, -48.568519592285156, -78.97557067871094
8.519001007080078, 27.0228271484375, 42.580345153808594, 27.178367614746094, -13.050612449645996, -83.84122467041016, -119.26863861083984, -114.04957580566406
10.074095726013184, 30.84343147277832, 33.345367431640625, -1.5755939483642578, -62.638938903808594, -91.13468170166016, -80.36743927001953, 13.260530471801758
10.36012077331543, 29.140962600708008, 16.142314910888672, -25.909555435180664, -69.10604095458984, -47.58411407470703, 18.582937240600586, 99.86245727539062
11.592402458190918, 26.27871322631836, 1.0200157165527344, -58.04498291015625, -74.57193756103516, -0.09936964511871338, 59.70433807373047, 62.56774139404297
13.263477325439453, 20.989234924316406, -13.85043716430664, -67.00630950927734, -23.705312728881836, 75.04270935058594, 118.80547332763672, 2.0207951068878174
13.502138137817383, 15.628381729125977, -28.35871696472168, -42.83448791503906, 14.835895538330078, 62.49437713623047, 39.47330856323242, -57.53350830078125
13.724874496459961, 8.504400253295898, -42.916316986083984, -30.115907669067383, 59.37529754638672, 72.166015625, -60.689327239990234, -75.70364379882812
13.627935409545898, 1.9671485424041748, -41.186180114746094, -5.577545166015625, 82.57367706298828, 7.803876876831055, -80.82666015625, -15.37671947479248
14.75685977935791, -4.69112491607666, -42.7785758972168, 21.71038246154785, 67.39849090576172, -37.45936584472656, -51.89932632446289, 84.11213684082031
14.413850784301758, -12.606826782226562, -37.68895721435547, 43.671478271484375, 22.812049865722656, -106.0947494506836, 3.802109479904175, 106.19213104248047
13.831443786621094, -17.99338150024414, -22.21438980102539, 47.397865295410156, -16.50383186340332, -51.56877517700195, 51.59063720703125, 40.7250862121582
13.335508346557617, -24.11529541015625, -6.280179023742676, 53.518768310546875, -47.664642333984375, -23.50135040283203, 77.93281555175781, -57.06488800048828
12.039220809936523, -24.384214401245117, 9.607627868652344, 34.51576232910156, -65.01800537109375, 49.786190032958984, 54.26079559326172, -129.77093505859375
10.970486640930176, -25.3680362701416, 22.65562629699707, 10.465749740600586, -60.71974182128906, 73.86355590820312, -28.550334930419922, -30.634004592895508
9.730493545532227, -29.968746185302734, 30.886661529541016, -13.672985076904297, -31.083452224731445, 84.16871643066406, -83.92340087890625, 60.02815628051758
8.668472290039062, -25.784786224365234, 43.94404983520508, -39.46949005126953, 15.084982872009277, 27.92529296875, -72.48052978515625, 157.1056365966797
6.510776042938232, -21.86777114868164, 37.20577621459961, -62.83439636230469, 50.616573333740234, -22.30291175842285, -8.223896980285645, 34.72618103027344
5.3401384353637695, -18.43741798400879, 38.46001434326172, -53.83595275878906, 67.07315826416016, -64.58627319335938, 66.8623275756836, -38.31688690185547
3.46435284614563, -13.525681495666504, 22.993844985961914, -36.734859466552734, 68.2643051147461, -83.510009765625, 118.22972106933594, -154.5042724609375
1.832072377204895, -5.453128337860107, 12.547194480895996, -21.665729522705078, 30.094514846801758, -42.60294723510742, 58.477996826171875, -75.99467468261719
-5.1616839275014925e-11, 1.4981838464736938, -3.6495275497436523, 7.636164665222168, -17.209869384765625, 17.825586318969727, -26.52488899230957, 47.365116119384766
-1.7824909687042236, 8.747937202453613, -18.373428344726562, 29.662761688232422, -54.95561599731445, 73.8297119140625, -82.8415298461914, 70.0538330078125
-3.545013666152954, 16.09482192993164, -34.731014251708984, 48.31028747558594, -86.93292999267578, 58.49863815307617, -93.08168029785156, 52.96596908569336
-5.426843166351318, 18.488929748535156, -44.36320495605469, 56.86698532104492, -49.548789978027344, 58.008365631103516, -24.912113189697266, -28.69064712524414
-6.9908766746521, 24.88404083251953, -38.96889877319336, 38.18131637573242, -28.179454803466797, -11.177142143249512, 66.25260925292969, -82.71509552001953
-8.014704704284668, 28.629722595214844, -39.96102523803711, 30.093061447143555, 17.46086883544922, -47.29966735839844, 70.38389587402344, -117.05587768554688
-10.003368377685547, 28.203096389770508, -33.57299041748047, -1.3046269416809082, 49.562747955322266, -87.37531280517578, 43.95256423950195, 12.39865493774414
-10.954113006591797, 26.36328887939453, -16.879680633544922, -30.554567337036133, 63.531005859375, -43.78160858154297, -14.643974304199219, 125.92855834960938
-11.479190826416016, 24.442340850830078, -1.089319109916687, -51.961368560791016, 52.1208381652832, -0.08332649618387222, -96.14081573486328, 115.65980529785156
-12.550570487976074, 19.65213966369629, 12.676013946533203, -51.78034973144531, 27.304580688476562, 68.30056762695312, -112.37422943115234, 2.449842929840088
-13.580279350280762, 14.591748237609863, 24.427003860473633, -46.67555618286133, -14.445316314697266, 78.78160858154297, -27.93003273010254, -88.84101867675781
-13.391210556030273, 8.830268859863281, 35.37006759643555, -38.03373336791992, -56.146636962890625, 55.20888137817383, 53.75072479248047, -138.5454864501953
-13.868630409240723, 2.1010513305664062, 42.98101043701172, -6.5035319328308105, -54.269290924072266, 11.464512825012207, 124.79398345947266, -14.21554183959961
-13.891716957092285, -5.128952980041504, 39.93946838378906, 23.76719093322754, -62.99443817138672, -36.831851959228516, 58.25986099243164, 74.91464233398438
-14.216557502746582, -11.09921646118164, 31.625675201416016, 41.511077880859375, -34.61776351928711, -95.7279281616211, -5.915542125701904, 142.09365844726562
-13.860276222229004, -16.318180084228516, 22.429349899291992, 47.77619934082031, 14.031444549560547, -70.26768493652344, -89.15518188476562, 24.640501022338867
-12.180465698242188, -23.600374221801758, 6.101581573486328, 55.13336181640625, 47.09872055053711, -22.034151077270508, -72.42341613769531, -74.85611724853516
-12.200581550598145, -28.151233673095703, -9.185469627380371, 40.16550827026367, 70.0878677368164, 45.96918487548828, -36.649322509765625, -70.64114379882812
-10.434103012084961, -26.950918197631836, -24.209211349487305, 12.730498313903809, 52.489891052246094, 76.54484558105469, 30.673721313476562, -31.757070541381836
-9.969655990600586, -30.628055572509766, -30.49089813232422, -17.236614227294922, 29.94093132019043, 81.03743743896484, 76.39814758300781, 42.19145584106445
-8.468794822692871, -25.483003616333008, -37.784507751464844, -45.73902893066406, -14.641556739807129, 31.1055908203125, 55.5713005065918, 68.24898529052734
-6.5445990562438965, -23.460214614868164, -41.72950744628906, -55.282470703125, -42.319332122802734, -34.00233840942383, 9.492816925048828, 74.25416564941406
-5.454881191253662, -16.85671043395996, -41.474891662597656, -62.57839584350586, -52.77124786376953, -59.136451721191406, -54.5697135925293, -60.354007720947266
-3.4422075748443604, -12.631257057189941, -27.931861877441406, -38.81741714477539, -48.0553092956543, -89.79580688476562, -120.30554962158203, -77.52864837646484
-1.8521780967712402, -6.062888145446777, -12.885809898376465, -18.985143661499023, -22.33730697631836, -41.76453399658203, -35.902015686035156, -58.90049362182617
5.0919275740302083e-11, 1.5006113052368164, 4.6079206466674805, 7.544774532318115, 13.08028507232666, 21.84493637084961, 38.22581481933594, 41.73247146606445
1.8429404497146606, 8.213776588439941, 20.5938720703125, 31.188068389892578, 45.28875732421875, 77.76020812988281, 66.34051513671875, 128.3651123046875
3.468968152999878, 15.111205101013184, 33.74649429321289, 54.726200103759766, 60.84783172607422, 102.70984649658203, 61.58823013305664, 100.39606475830078
5.2819905281066895, 20.827402114868164, 44.669761657714844, 58.430641174316406, 54.79213333129883, 40.496185302734375, 21.14940643310547, -19.032472610473633
6.508564472198486, 24.031963348388672, 40.33985137939453, 48.9827766418457, 26.78277587890625, -9.218268394470215, -60.969852447509766, -111.43696594238281
8.658695220947266, 28.44406509399414, 34.778541564941406, 22.078920364379883, -15.438616752624512, -76.33067321777344, -96.25695037841797, -103.91565704345703
9.770903587341309, 25.698957443237305, 25.484455108642578, -1.266128420829773, -47.07080841064453, -78.57388305664062, -56.87856674194336, 7.42461633682251
10.839688301086426, 26.707679748535156, 15.292984008789062, -28.144596099853516, -57.875694274902344, -45.23504638671875, 20.41214942932129, 62.01149368286133
12.488066673278809, 24.60246467590332, 0.9387128353118896, -54.70736312866211, -60.139259338378906, -0.10638795047998428, 81.63406372070312, 87.9293212890625
12.769537925720215, 19.993770599365234, -14.739157676696777, -58.91094970703125, -29.390117645263672, 57.551666259765625, 111.25629425048828, 2.457533359527588
13.355628967285156, 14.171323776245117, -28.17852210998535, -41.49873352050781, 13.52692985534668, 86.8818359375, 28.166797637939453, -105.25697326660156
13.71820068359375, 8.246862411499023, -39.741737365722656, -37.49422836303711, 57.37152862548828, 73.93464660644531, -56.8658447265625, -71.25154876708984
14.548917770385742, 2.201666831970215, -39.84431457519531, -5.571506023406982, 76.70027160644531, 8.927536010742188, -88.35285949707031, -12.27817153930664
13.93960952758789, -4.772576332092285, -37.086387634277344, 21.610273361206055, 51.37336349487305, -59.6043586730957, -68.33759307861328, 70.02726745605469
13.932929992675781, -11.724225044250488, -32.24912643432617, 46.19989013671875, 32.55132293701172, -68.00093078613281, 4.209362983703613, 108.84939575195312
13.405587196350098, -16.87261199951172, -23.388914108276367, 51.972900390625, -15.083564758300781, -91.04913330078125, 53.41801834106445, 21.413267135620117
12.27723217010498, -22.008920669555664, -6.769775390625, 43.30412673950195, -49.25389862060547, -22.394060134887695, 74.13542175292969, -47.63618087768555
11.921191215515137, -25.5462703704834, 8.3217191696167, 37.2506217956543, -79.61974334716797, 52.55553436279297, 40.21651077270508, -111.3773193359375
11.191326141357422, -27.323007583618164, 25.716022491455078, 10.3203706741333, -74.57259368896484, 96.76123046875, -55.16708755493164, -29.13178825378418
9.911571502685547, -30.871850967407227, 33.642372131347656, -13.895132064819336, -27.06747817993164, 64.53406524658203, -107.19367980957031, 87.86109924316406
8.678558349609375, -25.033926010131836, 44.46635055541992, -32.46821594238281, 14.071365356445312, 40.29665756225586, -84.50540924072266, 118.796142578125
7.088775634765625, -21.213428497314453, 39.27079772949219, -58.755706787109375, 61.87376403808594, -38.14934158325195, -5.829716205596924, 70.60970306396484
5.399420261383057, -19.751760482788086, 31.050870895385742, -50.340118408203125, 69.98768615722656, -91.25144958496094, 92.7228775024414, -42.75130081176758
3.4055771827697754, -12.647012710571289, 26.34002685546875, -43.1204719543457, 66.32476806640625, -92.17550659179688, 110.84761047363281, -157.64479064941406
1.70514714717865, -5.1319966316223145, 10.839410781860352, -18.769975662231445, 22.968050003051758, -31.354543685913086, 50.79709243774414, -72.66490936279297
-5.0775054299956324e-11, 1.4232008457183838, -4.676781177520752, 9.991239547729492, -10.683825492858887, 25.152263641357422, -31.876325607299805, 44.99285888671875
-1.7218929529190063, 8.675688743591309, -18.400959014892578, 33.03981018066406, -63.149227142333984, 63.31694412231445, -114.60993194580078, 127.35763549804688
-3.556243658065796, 13.524079322814941, -30.8808650970459, 55.213897705078125, -72.88285064697266, 98.84407043457031, -100.013427734375, 68.73115539550781
-5.050051212310791, 21.14698028564453, -42.82246398925781, 62.6092414855957, -66.2918701171875, 51.512474060058594, -14.308233261108398, -28.29604148864746
-7.148962020874023, 22.803876876831055, -48.35148620605469, 44.156402587890625, -29.113327026367188, -7.745288848876953, 69.79358673095703, -92.42102813720703
-8.443674087524414, 25.40530776977539, -33.491172790527344, 24.246442794799805, 15.215301513671875, -68.50482177734375, 73.25102233886719, -69.2179183959961
-9.842643737792969, 27.92359161376953, -29.74957847595215, -1.2780731916427612, 60.97127914428711, -76.29486846923828, 62.611671447753906, 15.505805969238281
-10.360627174377441, 29.971359252929688, -14.732577323913574, -33.94883346557617, 67.11493682861328, -49.47520446777344, -19.773052215576172, 128.76913452148438
-12.487070083618164, 24.91429328918457, -0.9520771503448486, -47.35823059082031, 65.34734344482422, -0.0914573222398758, -100.21040344238281, 101.84745025634766
-12.994879722595215, 21.96888542175293, 13.636481285095215, -62.47364044189453, 31.627946853637695, 73.48532104492188, -104.1346206665039, 3.8313565254211426
-12.836068153381348, 16.93732452392578, 29.461589813232422, -44.02296829223633, -16.505630493164062, 81.60671997070312, -25.80427360534668, -105.07243347167969
-14.180663108825684, 9.578850746154785, 36.592220306396484, -32.02290344238281, -64.38480377197266, 83.0765609741211, 54.93505859375, -107.4050064086914
-13.77293872833252, 2.3329825401306152, 46.976566314697266, -4.606584072113037, -52.78411865234375, 9.02977180480957, 130.51126098632812, -10.45295238494873
-14.39368724822998, -4.844787120819092, 35.70345687866211, 19.338098526000977, -53.30708694458008, -48.757755279541016, 71.9704360961914, 92.91070556640625
-13.499746322631836, -12.6709566116333, 30.45660400390625, 37.62329864501953, -29.642160415649414, -82.92997741699219, -5.642444133758545, 123.55794525146484
-12.856573104858398, -16.71917724609375, 18.363500595092773, 57.2061767578125, 14.030999183654785, -75.90225982666016, -53.60231018066406, 41.18857192993164
-13.009625434875488, -23.489152908325195, 6.866248607635498, 48.362892150878906, 65.11830139160156, -15.553634643554688, -80.37574768066406, -53.97020721435547
-12.113203048706055, -25.746965408325195, -10.06878662109375, 33.15412139892578, 83.17402648925781, 51.11792755126953, -56.727108001708984, -107.94668579101562
-10.961475372314453, -26.988981246948242, -25.052499771118164, 11.726885795593262, 72.53441619873047, 64.20064544677734, 43.74811935424805, -56.94242477416992
-9.321141242980957, -28.267078399658203, -34.41440963745117, -14.955836296081543, 25.42286491394043, 65.1700210571289, 70.76451873779297, 68.52403259277344
-8.25948715209961, -26.60811424255371, -44.18549728393555, -47.08185958862305, -13.097872734069824, 31.569198608398438, 100.72611999511719, 106.49469757080078
-6.90976619720459, -23.175024032592773, -46.66257858276367, -55.738975524902344, -55.56155014038086, -27.256643295288086, 10.122655868530273, 43.46214294433594
-5.210629463195801, -17.735300064086914, -33.42223358154297, -61.17212677001953, -57.91069412231445, -75.77632904052734, -61.25178527832031, -35.80295181274414
-3.629807233810425, -11.154831886291504, -25.135873794555664, -46.9272575378418, -50.397953033447266, -72.1004638671875, -109.27145385742188, -86.63217163085938
-1.8066245317459106, -6.156488418579102, -10.115620613098145, -21.9532470703125, -36.077152252197266, -30.098295211791992, -46.90591049194336, -84.90950775146484
4.863386429687644e-11, 1.4105268716812134, 4.479820728302002, 6.886703014373779, 12.455351829528809, 21.985841751098633, 33.32318878173828, 43.56584548950195
1.7907911539077759, 8.495938301086426, 22.3450870513916, 29.84245491027832, 43.99232482910156, 77.98396301269531, 84.8497543334961, 72.68041229248047
3.422510862350464, 13.977738380432129, 27.460264205932617, 42.20390319824219, 80.30691528320312, 89.49144744873047, 111.09636688232422, 52.15019989013672
5.217718124389648, 20.432838439941406, 43.96630859375, 48.8385009765625, 70.45167541503906, 43.54480743408203, 16.098682403564453, -22.57431411743164
7.026854515075684, 27.047443389892578, 36.323787689208984, 56.27298355102539, 28.529821395874023, -9.030527114868164, -44.87831115722656, -128.2034454345703
8.493165969848633, 26.567506790161133, 40.67384338378906, 26.091684341430664, -10.793758392333984, -80.28627014160156, -115.87627410888672, -88.80310821533203
9.504204750061035, 29.54638671875, 26.663909912109375, -1.1530842781066895, -52.52202606201172, -98.8678970336914, -65.77873229980469, 15.294766426086426
11.345693588256836, 29.22903823852539, 17.503992080688477, -28.132844924926758, -65.46846008300781, -64.01580810546875, 21.631704330444336, 126.78707122802734
12.298298835754395, 25.510459899902344, 1.2008535861968994, -45.95762252807617, -63.8671989440918, -0.14152228832244873, 56.86515808105469, 64.33694458007812
12.915431022644043, 19.107336044311523, -14.268677711486816, -46.452327728271484, -34.23793029785156, 45.7181396484375, 73.30935668945312, 1.9928303956985474
13.090249061584473, 15.638143539428711, -30.29176902770996, -50.044307708740234, 10.707127571105957, 106.95645904541016, 23.381519317626953, -71.4369125366211
13.32162857055664, 8.263387680053711, -37.330135345458984, -33.76815414428711, 53.442867279052734, 69.1644058227539, -45.599365234375, -71.86602020263672
14.41554069519043, 2.164947032928467, -40.67677688598633, -5.044422149658203, 76.7945327758789, 12.817328453063965, -98.20709228515625, -19.648685455322266
14.598227500915527, -4.587810039520264, -39.94305419921875, 26.025588989257812, 57.600311279296875, -59.47710037231445, -76.50285339355469, 103.73666381835938
14.344738006591797, -11.201828956604004, -31.058156967163086, 41.87923812866211, 28.158777236938477, -83.1993179321289, 3.1643197536468506, 97.0292739868164
13.762120246887207, -16.00698471069336, -18.836990356445312, 66.39903259277344, -15.827457427978516, -88.75875091552734, 98.86943817138672, 41.777687072753906
12.964296340942383, -21.591447830200195, -6.950399398803711, 56.38252258300781, -54.354190826416016, -17.006132125854492, 103.68536376953125, -48.499114990234375
11.827557563781738, -23.89671516418457, 8.843926429748535, 40.684574127197266, -59.76408386230469, 50.176944732666016, 50.49217224121094, -127.04698944091797
10.581552505493164, -28.70611572265625, 26.89472007751465, 10.644149780273438, -65.04200744628906, 75.85798645019531, -48.53915023803711, -45.24425506591797
9.987208366394043, -29.64725112915039, 30.123424530029297, -12.491252899169922, -33.86260986328125, 62.74139404296875, -80.72506713867188, 83.82344055175781
8.578686714172363, -26.23167610168457, 42.5001220703125, -40.81671142578125, 12.033860206604004, 39.29497528076172, -98.87663269042969, 149.7843017578125
6.974991321563721, -24.24884605407715, 40.52329635620117, -51.44239044189453, 61.49940872192383, -36.58946228027344, -8.842153549194336, 47.204917907714844
5.457301139831543, -19.618532180786133, 39.758426666259766, -49.019737243652344, 58.52361297607422, -89.35041046142578, 93.77571868896484, -43.103336334228516
3.547715425491333, -12.08200740814209, 26.386615753173828, -34.921688079833984, 54.22964859008789, -93.56571197509766, 63.96492385864258, -151.90061950683594
1.7214863300323486, -5.913029193878174, 11.715425491333008, -23.076210021972656, 32.09861373901367, -51.3905029296875, 54.87493896484375, -92.77101135253906
-4.878600995406046e-11, 1.4089223146438599, -3.928060293197632, 10.014679908752441, -10.727240562438965, 17.530086517333984, -39.33319091796875, 43.42467498779297
-1.7103991508483887, 7.652527332305908, -18.784242630004883, 31.518556594848633, -57.736045837402344, 89.34903717041016, -78.54020690917969, 66.71482849121094
-3.6891701221466064, 13.41982364654541, -36.646305084228516, 55.48277282714844, -83.32324981689453, 61.043617248535156, -57.842411041259766, 61.47517776489258
-5.087282657623291, 18.84979248046875, -36.14259719848633, 51.8549690246582, -66.13056945800781, 51.825260162353516, -15.469749450683594, -20.71502685546875
-6.726118087768555, 22.61138916015625, -43.63628005981445, 53.39828872680664, -30.716039657592773, -9.88456916809082, 66.51634979248047, -102.71305084228516
-8.346745491027832, 24.87656593322754, -33.19080352783203, 25.768280029296875, 15.859482765197754, -73.26451110839844, 72.36907958984375, -121.51216888427734
-9.211947441101074, 31.088064193725586, -27.701108932495117, -1.5755876302719116, 56.9239387512207, -78.29851531982422, 58.73406219482422, 8.828750610351562
-10.434920310974121, 27.081958770751953, -18.087717056274414, -24.20025062561035, 61.28852462768555, -56.5151481628418, -14.614108085632324, 76.4839096069336
-11.630014419555664, 23.189620971679688, -1.1687066555023193, -45.60733413696289, 60.147953033447266, -0.12525057792663574, -80.56232452392578, 62.64128875732422
-13.074226379394531, 20.303878784179688, 12.977493286132812, -51.13851547241211, 32.97596740722656, 66.05171966552734, -74.29873657226562, 3.880462646484375
-14.098934173583984, 14.026144981384277, 29.678979873657227, -56.95228958129883, -11.633696556091309, 60.48350143432617, -41.751434326171875, -83.81452178955078
-13.932897567749023, 9.014628410339355, 39.80010986328125, -29.981000900268555, -60.686038970947266, 58.91083526611328, 35.54091262817383, -85.60494232177734
-14.16577434539795, 2.2725720405578613, 38.61383819580078, -6.193093299865723, -68.59336853027344, 13.136177062988281, 85.93133544921875, -21.920265197753906
-14.188590049743652, -4.487249374389648, 44.316532135009766, 22.781108856201172, -60.31534194946289, -37.578086853027344, 98.24990844726562, 110.39297485351562
-13.823278427124023, -10.576252937316895, 30.34026336669922, 40.59340286254883, -35.504920959472656, -78.69827270507812, -5.713626384735107, 103.62351989746094
-13.608268737792969, -19.375192642211914, 22.370092391967773, 61.596107482910156, 14.589435577392578, -87.48816680908203, -87.23001861572266, 22.514034271240234
-12.645143508911133, -21.272043228149414, 6.180108547210693, 45.74892044067383, 40.24742126464844, -26.42162322998047, -99.13645935058594, -53.126468658447266
-12.071425437927246, -25.05327796936035, -8.133583068847656, 38.76168441772461, 76.78448486328125, 34.69596481323242, -28.479848861694336, -119.70565032958984
-11.191235542297363, -27.9838924407959, -27.21416473388672, 14.880043983459473, 46.385894775390625, 90.11994171142578, 53.979530334472656, -38.793128967285156
-9.606758117675781, -28.676538467407227, -35.84840393066406, -14.332565307617188, 29.816619873046875, 70.03111267089844, 116.29164123535156, 71.1788101196289
-8.085330963134766, -24.166181564331055, -45.48463439941406, -38.69991683959961, -13.136159896850586, 30.913619995117188, 95.36048889160156, 68.14706420898438
-6.592939853668213, -23.675155639648438, -47.32095718383789, -48.110504150390625, -63.051170349121094, -28.170169830322266, 4.960922718048096, 36.40215301513672
-5.2563323974609375, -20.025510787963867, -38.19406509399414, -61.79376983642578, -81.82879638671875, -54.89299774169922, -76.37384796142578, -60.41814422607422
-3.4832346439361572, -11.88890552520752, -28.25864601135254, -40.74946212768555, -62.519561767578125, -103.61194610595703, -97.93000793457031, -114.29541015625
-1.7040681838989258, -5.864615440368652, -13.134745597839355, -19.74108123779297, -24.291231155395508, -51.748313903808594, -58.14313888549805, -85.26933288574219
5.2107932552170055e-11, 1.437409520149231, 4.079728126525879, 9.858195304870605, 17.131216049194336, 19.295202255249023, 27.30889892578125, 50.37364959716797
1.8225371837615967, 8.855791091918945, 21.53791046142578, 39.78644943237305, 42.82448959350586, 64.30131530761719, 105.02963256835938, 119.23090362548828
3.6284618377685547, 15.564871788024902, 27.329383850097656, 50.60086441040039, 70.44306182861328, 63.34687423706055, 66.55581665039062, 71.46365356445312
5.165181636810303, 18.402385711669922, 42.883018493652344, 52.597686767578125, 65.96903991699219, 59.24024963378906, 17.936450958251953, -26.678028106689453
6.7761759757995605, 23.57408332824707, 48.746482849121094, 53.17975616455078, 24.285974502563477, -10.786203384399414, -77.43655395507812, -147.5704345703125
8.722176551818848, 26.865478515625, 39.19972610473633, 21.370397567749023, -14.891098022460938, -79.30157470703125, -123.85172271728516, -107.11647033691406
9.836284637451172, 30.421897888183594, 31.90176773071289, -1.1603208780288696, -46.0038948059082, -102.01459503173828, -51.4873161315918, 15.381852149963379
10.408753395080566, 25.2846736907959, 14.756394386291504, -28.127906799316406, -66.6780014038086, -68.66500091552734, 14.526738166809082, 111.63489532470703
12.422980308532715, 25.2044677734375, 1.1483896970748901, -43.439510345458984, -50.77500915527344, -0.11328794062137604, 108.63107299804688, 86.81372833251953
12.664961814880371, 18.848024368286133, -15.620758056640625, -67.76923370361328, -34.849246978759766, 69.34959411621094, 63.23146057128906, 1.9232208728790283
12.875600814819336, 15.39454174041748, -30.461624145507812, -46.29069519042969, 13.67972183227539, 103.65182495117188, 21.798433303833008, -88.76152038574219
13.49268627166748, 8.259324073791504, -35.46096420288086, -32.912559509277344, 56.98202133178711, 63.36626434326172, -58.757083892822266, -114.65943908691406
14.80673599243164, 2.1137311458587646, -42.507286071777344, -5.435969829559326, 68.91305541992188, 12.633247375488281, -106.32099151611328, -18.389728546142578
14.767640113830566, -4.6774773597717285, -39.52619934082031, 24.56131935119629, 76.69012451171875, -62.94131851196289, -65.65068817138672, 95.91867065429688
14.231809616088867, -12.721027374267578, -30.840450286865234, 40.925140380859375, 23.980117797851562, -92.60015869140625, 3.535273551940918, 149.19741821289062
14.097893714904785, -17.08268928527832, -19.128725051879883, 55.38528823852539, -13.574410438537598, -77.20353698730469, 80.31419372558594, 20.638397216796875
13.3717679977417, -23.380399703979492, -6.634162425994873, 47.36206817626953, -44.74993896484375, -24.712905883789062, 115.57035827636719, -45.95124435424805
11.437317848205566, -24.36543846130371, 8.302413940429688, 36.520599365234375, -84.4564208984375, 36.42584991455078, 43.19182205200195, -103.40631866455078
10.59858512878418, -28.660917282104492, 21.832782745361328, 14.508828163146973, -60.470542907714844, 90.830810546875, -47.089752197265625, -55.99259567260742
9.952555656433105, -27.04537010192871, 34.58769989013672, -15.678220748901367, -27.741409301757812, 86.40773010253906, -116.54403686523438, 53.949886322021484
8.163620948791504, -28.644020080566406, 39.03760528564453, -37.989707946777344, 16.530075073242188, 28.617799758911133, -72.82064056396484, 107.61912536621094
7.0865478515625, -24.486692428588867, 42.692352294921875, -55.24833297729492, 42.77193069458008, -37.0137939453125, -6.641197681427002, 65.40936279296875
5.111192226409912, -17.922636032104492, 33.555320739746094, -57.10423278808594, 70.2543716430664, -88.38528442382812, 93.73094940185547, -66.5868911743164
3.388530731201172, -12.44513988494873, 27.334566116333008, -37.95953369140625, 65.3642807006836, -56.71663284301758, 73.80937957763672, -149.1826629638672
1.7901487350463867, -5.158459663391113, 11.596467971801758, -15.925932884216309, 29.490081787109375, -50.61738967895508, 70.57898712158203, -83.22665405273438
-5.224823351746011e-11, 1.5366052389144897, -4.348381996154785, 6.78112268447876, -16.256866455078125, 23.446054458618164, -22.402053833007812, 24.077388763427734
-1.6925418376922607, 8.328352928161621, -17.02713394165039, 40.11676025390625, -46.37980651855469, 79.1600570678711, -70.52142333984375, 122.34709930419922
-3.6698098182678223, 14.030824661254883, -32.47416305541992, 55.54070281982422, -75.93594360351562, 106.64752960205078, -90.33079528808594, 66.55266571044922
-5.445350170135498, 19.851694107055664, -43.00676345825195, 53.241859436035156, -65.27062225341797, 45.03982925415039, -25.209083557128906, -31.151721954345703
-6.532400608062744, 26.413118362426758, -45.98278045654297, 51.33367919921875, -26.00550079345703, -10.405461311340332, 52.96297836303711, -103.93871307373047
-7.974073886871338, 29.419811248779297, -43.06181335449219, 21.56446075439453, 15.726180076599121, -84.87462615966797, 93.72549438476562, -75.78951263427734
-9.47136116027832, 28.447641372680664, -31.710905075073242, -1.2171269655227661, 39.11674118041992, -92.2462158203125, 42.71961975097656, 7.394207000732422
-10.541688919067383, 28.55390167236328, -18.25226402282715, -25.02989959716797, 55.13606262207031, -47.222774505615234, -12.196236610412598, 70.12762451171875
-11.596750259399414, 25.0416259765625, -0.9289879202842712, -54.67873764038086, 74.00898742675781, -0.07989146560430527, -106.46749114990234, 135.4583282470703
-13.22265625, 21.940465927124023, 12.904470443725586, -48.45000457763672, 30.3427791595459, 41.626033782958984, -82.85292053222656, 2.299715280532837
-13.646615982055664, 15.382725715637207, 29.75467300415039, -49.68253707885742, -16.109834671020508, 90.45870208740234, -21.974193572998047, -61.5906867980957
-14.466558456420898, 8.694129943847656, 36.12020492553711, -35.8011474609375, -42.46263122558594, 72.14537811279297, 62.76679229736328, -85.10713195800781
-14.11453914642334, 2.0233778953552246, 47.48759841918945, -5.951241493225098, -77.90386962890625, 11.145503997802734, 123.58039855957031, -13.298104286193848
-13.7693510055542, -4.712763786315918, 45.025123596191406, 18.8601131439209, -48.82649230957031, -49.96277618408203, 83.35472106933594, 118.70722961425781
-14.177581787109375, -11.992694854736328, 36.69803237915039, 42.407894134521484, -35.41638946533203, -76.51500701904297, -3.3531551361083984, 77.30863952636719
-13.57587718963623, -19.281356811523438, 21.82758331298828, 48.38765335083008, 13.430088996887207, -87.54342651367188, -52.9224853515625, 42.94243240356445
-12.33919620513916, -24.921724319458008, 7.102909088134766, 59.8383903503418, 58.245113372802734, -24.847726821899414, -116.40821075439453, -72.54601287841797
-12.167407035827637, -28.08721923828125, -8.814520835876465, 34.90949249267578, 77.38896179199219, 31.831035614013672, -37.003578186035156, -143.62110900878906
-10.802380561828613, -26.002452850341797, -26.56485366821289, 11.969280242919922, 50.486083984375, 88.2412109375, 40.76319885253906, -28.218795776367188
-9.608803749084473, -30.557266235351562, -35.91556167602539, -16.46358871459961, 24.72376251220703, 84.31254577636719, 111.2466049194336, 39.943382263183594
-8.109711647033691, -24.45268440246582, -37.54024124145508, -32.33388900756836, -17.00764274597168, 35.541595458984375, 73.3536376953125, 131.30990600585938
-6.807611465454102, -23.8763427734375, -36.32316207885742, -54.08120346069336, -54.88419723510742, -25.59523582458496, 7.459112167358398, 67.59259033203125
-5.1381049156188965, -19.340953826904297, -37.53817367553711, -50.82689666748047, -70.5363540649414, -63.068965911865234, -81.309326171875, -34.70094299316406
-3.437410593032837, -12.869571685791016, -25.658172607421875, -35.84846115112305, -63.88336181640625, -95.83932495117188, -72.66275024414062, -154.70741271972656
-1.8211034536361694, -5.706881999969482, -11.282268524169922, -15.861889839172363, -27.582752227783203, -45.23304748535156, -51.79319763183594, -42.77095413208008
4.8760499110622746e-11, 1.3291751146316528, 4.829833507537842, 9.234283447265625, 10.728877067565918, 19.46966552734375, 30.76473617553711, 32.22100830078125
1.8273409605026245, 8.595331192016602, 19.868064880371094, 38.23338317871094, 50.40983581542969, 61.72024154663086, 115.47561645507812, 108.39427947998047
3.5716025829315186, 13.997828483581543, 28.702592849731445, 44.015838623046875, 86.49058532714844, 101.1577377319336, 78.1393814086914, 58.29323959350586
5.2656331062316895, 18.41885757446289, 45.59754180908203, 65.47834014892578, 74.93151092529297, 58.0261116027832, 20.532672882080078, -26.73128318786621
6.585467338562012, 24.033639907836914, 36.59892272949219, 42.4477424621582, 32.49534225463867, -11.892200469970703, -42.2525749206543, -120.26518249511719
8.674575805664062, 25.40646743774414, 41.37831497192383, 26.886877059936523, -15.94552230834961, -51.806392669677734, -81.22635650634766, -114.05553436279297
9.449505805969238, 28.025972366333008, 32.43715286254883, -1.3992708921432495, -50.73203659057617, -94.74076080322266, -73.58428192138672, 14.651206016540527
11.056057929992676, 27.99541473388672, 16.593181610107422, -29.6458797454834, -65.82457733154297, -57.46885299682617, 22.380844116210938, 101.21686553955078
11.577041625976562, 26.201038360595703, 1.160078763961792, -54.293617248535156, -56.140098571777344, -0.09634769707918167, 108.09697723388672, 132.6105194091797
12.299903869628906, 22.576923370361328, -12.51327896118164, -54.24020004272461, -23.658287048339844, 74.0381851196289, 72.60362243652344, 3.8332273960113525
12.787243843078613, 15.043525695800781, -27.112375259399414, -51.21354293823242, 15.561270713806152, 107.59832000732422, 29.015087127685547, -91.2343978881836
14.334671974182129, 9.407135963439941, -37.87565994262695, -32.058494567871094, 60.62007141113281, 58.461124420166016, -53.813846588134766, -70.31975555419922
13.601884841918945, 1.9793046712875366, -38.66402053833008, -6.809049129486084, 74.6396484375, 8.50965690612793, -120.09102630615234, -22.826345443725586
13.576845169067383, -4.859553337097168, -41.85673904418945, 26.09825897216797, 53.3071403503418, -58.848758697509766, -68.1904525756836, 101.19377136230469
13.977234840393066, -11.545339584350586, -34.00111770629883, 44.9444694519043, 33.488685607910156, -65.3607406616211, 5.564393520355225, 87.79399871826172
14.018975257873535, -18.52140998840332, -24.128793716430664, 56.71303939819336, -11.971222877502441, -76.6301040649414, 52.5290641784668, 41.21094512939453
13.171642303466797, -22.681108474731445, -7.345688343048096, 53.906192779541016, -56.440250396728516, -27.04106903076172, 109.36773681640625, -96.72572326660156
11.91763687133789, -28.23395347595215, 10.559200286865234, 30.361494064331055, -73.66445922851562, 33.176055908203125, 39.82750701904297, -112.72709655761719
11.142738342285156, -27.012712478637695, 22.22583770751953, 13.302927017211914, -57.9013671875, 102.80972290039062, -30.347862243652344, -38.89031982421875
9.362350463867188, -30.49675750732422, 32.94428253173828, -13.339733123779297, -28.14946937561035, 93.9180908203125, -119.17926025390625, 65.20791625976562
8.061919212341309, -28.40728187561035, 36.33855056762695, -46.94550704956055, 16.568695068359375, 22.973297119140625, -64.35331726074219, 147.105712890625
6.472563743591309, -22.27643585205078, 47.019107818603516, -47.70638656616211, 41.10837936401367, -34.62738037109375, -8.901405334472656, 73.24777221679688
5.1228928565979, -16.496355056762695, 34.87751007080078, -64.73546600341797, 83.23860168457031, -87.9216079711914, 84.70646667480469, -53.176570892333984
3.5699546337127686, -12.840557098388672, 22.91309928894043, -38.2949333190918, 54.007381439208984, -90.09172058105469, 120.44725799560547, -70.35272979736328
1.8026494979858398, -5.473762035369873, 11.512473106384277, -20.323348999023438, 28.979694366455078, -49.05952835083008, 56.723876953125, -42.5971794128418
-4.992875557441323e-11, 1.4195985794067383, -3.6191020011901855, 7.066463470458984, -17.447010040283203, 20.198450088500977, -35.12039566040039, 25.784791946411133
