-13.80562973022461, 14.249845504760742, 24.062273025512695, -58.902565002441406, -13.478730201721191, 68.91273498535156, -22.027076721191406, -60.52583312988281
-14.296751022338867, 9.082318305969238, 36.90549087524414, -32.769039154052734, -40.862449645996094, 54.708396911621094, 45.41286849975586, -105.24114227294922
-14.294181823730469, 1.994247555732727, 43.887088775634766, -4.915168285369873, -87.22579193115234, 10.927129745483398, 72.50733947753906, -18.884437561035156
-14.787910461425781, -4.515316963195801, 35.57906723022461, 20.277984619140625, -60.0321159362793, -44.118412017822266, 74.07421875, 69.14640045166016
-14.299858093261719, -11.053265571594238, 33.39126968383789, 38.556156158447266, -22.28803062438965, -68.54056549072266, -3.877016544342041, 138.5861358642578
-13.27291488647461, -17.621532440185547, 23.81722068786621, 60.39069747924805, 14.588236808776855, -92.63694763183594, -82.0224838256836, 23.193931579589844
-12.352656364440918, -21.625614166259766, 6.736505508422852, 61.778594970703125, 54.76250076293945, -23.11540412902832, -77.78507995605469, -51.664955139160156
-12.530202865600586, -26.574825286865234, -8.558316230773926, 44.234622955322266, 73.73331451416016, 45.711177825927734, -37.36360168457031, -150.7555694580078
-11.275130271911621, -25.401865005493164, -24.549560546875, 10.932821273803711, 75.973876953125, 92.80490112304688, 52.62034225463867, -31.842082977294922
-9.676311492919922, -28.64394187927246, -40.05558776855469, -15.531787872314453, 24.757116317749023, 86.10395050048828, 77.77384185791016, 63.86476135253906
-7.9261860847473145, -26.515239715576172, -35.25010299682617, -44.69072341918945, -11.493565559387207, 40.46370315551758, 89.86407470703125, 138.74209594726562
-7.141717910766602, -23.44625473022461, -40.30293655395508, -59.67840576171875, -58.938533782958984, -30.466819763183594, 6.019559860229492, 53.468204498291016
-5.347196578979492, -19.71771812438965, -35.0597038269043, -65.49830627441406, -63.57743453979492, -74.13951110839844, -64.14788055419922, -64.56513214111328
-3.551054000854492, -13.005022048950195, -26.660003662109375, -49.04249954223633, -56.33660888671875, -84.74284362792969, -81.46308898925781, -75.96974182128906
-1.7650744915008545, -5.857987403869629, -10.587995529174805, -23.060409545898438, -27.645835876464844, -29.53903579711914, -60.99985122680664, -85.08838653564453
2.9052678665597576e-11, 1.3809874057769775, 4.470054626464844, 7.042730331420898, 10.783562660217285, 26.003787994384766, 34.58230972290039, 50.77521896362305
1.7131483554840088, 8.145905494689941, 20.52337646484375, 37.30426025390625, 60.262939453125, 66.30139923095703, 117.37137603759766, 116.6111831665039
3.639145612716675, 14.474609375, 33.559391021728516, 58.00223159790039, 77.13772583007812, 101.26685333251953, 57.133731842041016, 61.62406539916992
5.079689025878906, 18.407949447631836, 45.023475646972656, 55.207374572753906, 74.71885681152344, 57.37138366699219, 25.563560485839844, -29.712270736694336
6.989944934844971, 24.276803970336914, 39.86013412475586, 54.217124938964844, 32.64915084838867, -9.162413597106934, -81.3469009399414, -86.38661193847656
8.3411865234375, 26.97305679321289, 43.56953430175781, 22.772390365600586, -12.298332214355469, -50.900421142578125, -93.85460662841797, -112.50407409667969
9.480822563171387, 30.509828567504883, 26.579801559448242, -1.2512940168380737, -42.2159423828125, -67.04467010498047, -73.78955078125, 13.683241844177246
10.855962753295898, 26.875213623046875, 17.965147018432617, -31.74619483947754, -79.28410339355469, -44.94504165649414, 18.937747955322266, 130.90733337402344
12.052743911743164, 24.50141716003418, 1.026235818862915, -55.41300964355469, -46.4508171081543, -0.10059922933578491, 59.43666458129883, 118.11883544921875
13.194544792175293, 22.18659782409668, -13.580080032348633, -56.133338928222656, -22.687040328979492, 57.10613250732422, 118.81143951416016, 2.7944908142089844
13.367764472961426, 14.5633544921875, -26.471513748168945, -57.38252639770508, 16.704240798950195, 70.43672180175781, 25.491363525390625, -71.27732849121094
13.521199226379395, 8.62066650390625, -32.92493438720703, -28.22791290283203, 45.418949127197266, 52.600040435791016, -64.8476333618164, -107.66043090820312
13.901222229003906, 2.1920909881591797, -36.04792404174805, -5.85750150680542, 83.63387298583984, 10.521211624145508, -112.89747619628906, -21.98708724975586
14.276679992675781, -4.875130653381348, -45.54854965209961, 21.665700912475586, 57.32420349121094, -44.48067092895508, -62.259620666503906, 105.12996673583984
13.708321571350098, -11.861132621765137, -29.473331451416016, 36.63690948486328, 29.426366806030273, -82.62193298339844, 5.574103832244873, 104.12676239013672
13.85705852508545, -18.980194091796875, -21.91042709350586, 64.65599822998047, -15.678088188171387, -60.643978118896484, 85.85640716552734, 32.904945373535156
13.406982421875, -21.429279327392578, -6.062329292297363, 61.50413513183594, -40.12873458862305, -23.136978149414062, 65.3137435913086, -102.80863189697266
12.33809757232666, -24.584115982055664, 10.135319709777832, 35.39323806762695, -59.074302673339844, 36.14627456665039, 54.475791931152344, -73.33281707763672
11.00634765625, -27.070592880249023, 25.956872940063477, 14.521967887878418, -55.37458801269531, 98.56684875488281, -34.966190338134766, -45.250640869140625
9.57541275024414, -25.936044692993164, 38.88544464111328, -15.65980052947998, -34.26716613769531, 74.21688842773438, -113.15853881835938, 71.65979766845703
8.454523086547852, -26.680805206298828, 39.76449203491211, -34.44456481933594, 15.258355140686035, 30.501304626464844, -70.86268615722656, 87.69416809082031
6.542787075042725, -21.238061904907227, 47.966888427734375, -54.69141387939453, 55.66456985473633, -27.5267276763916, -6.793295860290527, 40.578636169433594
5.252425670623779, -19.742319107055664, 39.18450927734375, -66.22805786132812, 64.80904388427734, -61.226417541503906, 61.7431755065918, -40.03281784057617
3.3946681022644043, -13.315322875976562, 28.999588012695312, -42.88865280151367, 70.22119903564453, -89.96688842773438, 112.79962158203125, -99.64775848388672
1.772095799446106, -5.854186058044434, 12.755234718322754, -23.199899673461914, 30.926101684570312, -41.066646575927734, 57.99911117553711, -46.04816436767578
-2.988160413552876e-11, 1.321769118309021, -4.8087687492370605, 9.073979377746582, -12.035226821899414, 16.77473258972168, -26.633235931396484, 34.69086456298828
-1.7589625120162964, 7.922342300415039, -19.058135986328125, 37.664608001708984, -44.302345275878906, 59.715309143066406, -69.65399932861328, 73.843994140625
-3.4927167892456055, 13.652182579040527, -34.67103958129883, 61.44429397583008, -57.61158752441406, 77.37712097167969, -60.287174224853516, 87.6119613647461
-5.1152663230896, 21.8574161529541, -43.68217468261719, 55.87548065185547, -69.83897399902344, 45.850589752197266, -13.599380493164062, -21.587602615356445
-6.800328254699707, 23.909120559692383, -46.801544189453125, 52.60721206665039, -27.11386489868164, -8.48580551147461, 65.62076568603516, -108.79695892333984
-8.093175888061523, 26.15045928955078, -36.41650390625, 21.372112274169922, 11.589910507202148, -54.32280349731445, 83.13128662109375, -100.20994567871094
-10.0867338180542, 25.75355339050293, -32.12513732910156, -1.2026591300964355, 59.00966262817383, -71.42693328857422, 49.592445373535156, 14.607539176940918
-10.702937126159668, 29.73419189453125, -14.89665412902832, -30.241405487060547, 57.538692474365234, -67.53802490234375, -18.980873107910156, 123.3053970336914
-11.453147888183594, 22.770811080932617, -0.9589630365371704, -42.85083770751953, 62.09357452392578, -0.12067147344350815, -81.69657135009766, 114.17137145996094
-12.622782707214355, 20.236339569091797, 12.849685668945312, -62.850730895996094, 35.35789108276367, 71.40962219238281, -62.367759704589844, 3.486931800842285
-12.806553840637207, 14.436805725097656, 32.45508575439453, -40.631099700927734, -13.883977890014648, 106.11673736572266, -30.89747428894043, -69.52897644042969
-14.483341217041016, 8.481978416442871, 32.39497756958008, -27.21087646484375, -59.15538787841797, 67.17335510253906, 61.64955520629883, -139.50283813476562
-14.23399543762207, 2.204169988632202, 37.98057556152344, -5.712165355682373, -71.17462921142578, 8.939733505249023, 119.2453384399414, -15.947301864624023
-14.727603912353516, -5.40768575668335, 39.73725128173828, 18.940752029418945, -70.87174987792969, -35.21235656738281, 53.2194938659668, 105.64879608154297
-13.836694717407227, -12.126605033874512, 33.00732421875, 38.9964714050293, -31.18963050842285, -108.29666137695312, -4.40621280670166, 69.80083465576172
-13.5962495803833, -16.55552864074707, 21.044265747070312, 52.220706939697266, 15.85925006866455, -91.3502426147461, -78.52603912353516, 26.054672241210938
-12.641322135925293, -20.484710693359375, 7.024904251098633, 59.79655838012695, 40.6011962890625, -23.022485733032227, -118.7776870727539, -79.4202651977539
-12.398365020751953, -24.172405242919922, -10.384968757629395, 31.45254135131836, 71.95657348632812, 50.00419998168945, -36.4770393371582, -104.9266357421875
-11.091168403625488, -27.212453842163086, -26.629552841186523, 10.34725570678711, 75.57440185546875, 86.21781921386719, 42.42115020751953, -33.09790802001953
-9.366223335266113, -28.64625358581543, -34.821388244628906, -13.00585651397705, 29.03690528869629, 72.12752532958984, 102.85381317138672, 73.70317840576172
-8.194955825805664, -28.654338836669922, -37.30780792236328, -44.50080108642578, -17.39517593383789, 26.13811492919922, 78.93272399902344, 74.87962341308594
-6.945594310760498, -23.292261123657227, -37.19260025024414, -52.196624755859375, -43.05372619628906, -26.167049407958984, 7.602082252502441, 60.53842544555664
-5.410815238952637, -18.093210220336914, -41.4195442199707, -54.678958892822266, -59.516788482666016, -87.57645416259766, -60.37713623046875, -31.22010040283203
-3.466820478439331, -12.987600326538086, -22.698760986328125, -50.763248443603516, -63.201045989990234, -68.39797973632812, -107.24517822265625, -122.70136260986328
-1.7291041612625122, -5.338964939117432, -12.485411643981934, -22.59063148498535, -23.86090850830078, -36.822383880615234, -68.44829559326172, -77.60369110107422
2.8763528017727857e-11, 1.4854316711425781, 4.839513301849365, 7.353475570678711, 14.107502937316895, 15.86148738861084, 39.1944694519043, 47.198272705078125
1.7336201667785645, 7.9886794090271, 16.598506927490234, 31.40789794921875, 51.986759185791016, 60.5622673034668, 75.57763671875, 136.2393035888672
3.3964338302612305, 15.40577220916748, 27.218767166137695, 42.66840362548828, 76.83731079101562, 89.90414428710938, 75.62602996826172, 103.49515533447266
5.3232502937316895, 21.67927360534668, 41.669700622558594, 57.609130859375, 54.954097747802734, 64.15156555175781, 14.038817405700684, -18.60077667236328
7.036208152770996, 23.350265502929688, 42.03239059448242, 42.94173049926758, 34.72868347167969, -12.285165786743164, -79.44596099853516, -108.02542114257812
8.221460342407227, 28.84634780883789, 38.059165954589844, 25.756793975830078, -13.144074440002441, -57.98172378540039, -95.61717987060547, -117.91151428222656
9.73022747039795, 28.5626277923584, 30.842626571655273, -1.1314196586608887, -57.8743896484375, -69.70439910888672, -55.025238037109375, 14.489178657531738
10.613059043884277, 27.323204040527344, 16.509445190429688, -30.26654815673828, -64.89160919189453, -56.04206466674805, 20.018102645874023, 124.03351593017578
12.441999435424805, 26.525875091552734, 0.9720420241355896, -57.209468841552734, -65.37438201904297, -0.1012105643749237, 110.27911376953125, 132.3954315185547
12.398066520690918, 21.95426368713379, -13.66067123413086, -65.90645599365234, -28.236486434936523, 48.320316314697266, 73.32657623291016, 2.580313205718994
12.819029808044434, 15.469603538513184, -24.657352447509766, -52.70130920410156, 12.4768705368042, 70.50252532958984, 21.726240158081055, -100.72649383544922
13.67093276977539, 9.863572120666504, -40.41678237915039, -35.923824310302734, 60.01859664916992, 71.6866226196289, -55.612918853759766, -137.32144165039062
14.258312225341797, 1.9909220933914185, -46.410400390625, -4.999764442443848, 56.78322982788086, 13.85381031036377, -115.78619384765625, -23.780040740966797
14.08144760131836, -5.072576999664307, -35.25164031982422, 23.621427536010742, 74.90718841552734, -53.96063232421875, -48.635643005371094, 60.28063201904297
13.284821510314941, -11.7557373046875, -33.780216217041016, 38.08860397338867, 22.150785446166992, -58.88032150268555, 5.039512634277344, 127.32262420654297
12.992584228515625, -19.279762268066406, -21.138357162475586, 54.395896911621094, -13.557516098022461, -86.11465454101562, 103.7493896484375, 19.970914840698242
13.132537841796875, -22.195606231689453, -6.664470195770264, 46.358333587646484, -42.54582214355469, -19.945045471191406, 73.56867218017578, -96.71742248535156
12.318255424499512, -23.62192726135254, 9.418036460876465, 33.95456314086914, -76.38505554199219, 45.50347900390625, 33.73758316040039, -106.48982238769531
10.569938659667969, -30.312482833862305, 24.96233367919922, 12.339006423950195, -50.89876174926758, 85.92561340332031, -42.223731994628906, -45.336647033691406
9.992430686950684, -28.929018020629883, 35.65225601196289, -15.677671432495117, -31.640464782714844, 71.97660827636719, -84.78716278076172, 72.83885192871094
8.264352798461914, -26.323585510253906, 36.86778259277344, -34.326683044433594, 15.563331604003906, 33.85893630981445, -99.76718139648438, 75.05740356445312
6.763369560241699, -24.13462257385254, 38.439720153808594, -46.55706787109375, 62.00593566894531, -40.073081970214844, -6.417633056640625, 36.9582633972168
5.028077602386475, -16.752906799316406, 38.02001953125, -62.10475540161133, 59.29566955566406, -58.096412658691406, 86.0961685180664, -60.8909797668457
3.5143775939941406, -12.362116813659668, 23.555532455444336, -39.6171875, 64.4853744506836, -83.62625122070312, 64.52861785888672, -142.52415466308594
1.7788165807724, -5.862494468688965, 11.678277969360352, -22.2005558013916, 36.163124084472656, -45.898353576660156, 51.356937408447266, -95.7670669555664
-2.8948090452507458e-11, 1.3014103174209595, -3.7118635177612305, 7.6679558753967285, -15.578656196594238, 21.454477310180664, -19.452714920043945, 29.926733016967773
-1.7007639408111572, 8.017538070678711, -22.376510620117188, 35.4654655456543, -41.486785888671875, 83.68419647216797, -72.05787658691406, 124.22514343261719
-3.640087366104126, 15.752726554870605, -29.356863021850586, 55.51902770996094, -67.18000030517578, 59.264469146728516, -82.27680206298828, 54.895286560058594
-5.4374165534973145, 21.83247947692871, -43.7528076171875, 53.781742095947266, -47.019920349121094, 55.8641357421875, -14.19033432006836, -25.564878463745117
-7.012539863586426, 26.57990264892578, -37.94560623168945, 55.55099868774414, -27.54228401184082, -9.159467697143555, 60.28173828125, -99.91667938232422
-8.624622344970703, 27.334453582763672, -42.544246673583984, 24.611713409423828, 11.74468994140625, -78.11773681640625, 120.00032043457031, -69.15727233886719
-9.92066764831543, 27.95726203918457, -34.19974899291992, -1.4526392221450806, 39.95348358154297, -70.91609191894531, 43.15616989135742, 13.652388572692871
-11.144038200378418, 28.261497497558594, -15.889442443847656, -28.754487991333008, 84.03507995605469, -44.5953483581543, -13.025898933410645, 119.41515350341797
-11.397801399230957, 24.682714462280273, -1.127392053604126, -47.787391662597656, 74.63043212890625, -0.10962104797363281, -108.54740905761719, 135.0654296875
-13.202346801757812, 22.143291473388672, 13.182571411132812, -62.57708740234375, 36.65140914916992, 74.47991180419922, -119.15743255615234, 3.4880781173706055
-13.31406307220459, 15.598987579345703, 25.81875228881836, -45.284420013427734, -14.804678916931152, 59.65854263305664, -37.355709075927734, -85.13597106933594
-13.564823150634766, 9.859126091003418, 39.94610595703125, -25.848466873168945, -44.54195785522461, 77.05558776855469, 60.96255874633789, -126.7913589477539
-14.177443504333496, 2.2892239093780518, 42.402587890625, -5.109179496765137, -78.07453918457031, 11.186666488647461, 118.4392318725586, -23.070539474487305
-14.436373710632324, -4.913486480712891, 39.767616271972656, 25.102073669433594, -52.52723693847656, -55.65730667114258, 61.163326263427734, 107.28175354003906
-13.23869800567627, -12.789227485656738, 35.23463821411133, 41.623756408691406, -23.790908813476562, -67.78801727294922, -5.159106254577637, 115.5058364868164
-13.07034683227539, -18.64052963256836, 20.95525360107422, 49.50176239013672, 15.09112548828125, -85.54457092285156, -67.419189453125, 30.482093811035156
-12.799482345581055, -21.745750427246094, 6.411553859710693, 47.18070983886719, 54.61215591430664, -25.464454650878906, -113.01062774658203, -81.68838500976562
-11.971388816833496, -27.20293617248535, -9.765778541564941, 37.9842643737793, 52.75640106201172, 41.03049850463867, -54.27818298339844, -132.4060821533203
-10.90565013885498, -26.871387481689453, -26.31020736694336, 14.873050689697266, 57.08161926269531, 56.89200210571289, 48.288387298583984, -53.06447219848633
-9.5401611328125, -26.106338500976562, -35.82238006591797, -13.130002975463867, 30.633127212524414, 65.275146484375, 127.94281768798828, 47.207176208496094
-8.422266006469727, -24.346040725708008, -39.979007720947266, -34.17893981933594, -12.898863792419434, 34.38702392578125, 81.11045837402344, 78.110107421875
-6.6419267654418945, -22.51838493347168, -37.20386505126953, -57.17338562011719, -60.182899475097656, -27.944549560546875, 8.172099113464355, 75.6751708984375
-4.955754280090332, -18.60312843322754, -41.06814193725586, -45.36181640625, -64.56759643554688, -83.47761535644531, -54.174713134765625, -51.105384826660156
-3.616605758666992, -12.35190486907959, -22.596874237060547, -48.86374282836914, -71.03878784179688, -68.04762268066406, -121.57492065429688, -71.75472259521484
-1.7457252740859985, -5.360619068145752, -11.899239540100098, -16.478464126586914, -30.601518630981445, -43.548641204833984, -42.01224136352539, -83.82420349121094
2.86248160591418e-11, 1.4263657331466675, 4.589538097381592, 6.862552165985107, 13.186505317687988, 22.115819931030273, 19.899110794067383, 44.09946823120117
1.8315131664276123, 8.470185279846191, 21.641878128051758, 30.066030502319336, 64.5699462890625, 74.96640014648438, 78.29525756835938, 98.31046295166016
3.6143102645874023, 16.31169319152832, 31.173559188842773, 53.663639068603516, 85.37812805175781, 104.48777770996094, 60.096920013427734, 85.73754119873047
5.387817859649658, 21.848058700561523, 42.874507904052734, 57.624183654785156, 71.26425170898438, 40.62273025512695, 25.661218643188477, -34.83436965942383
6.725225925445557, 25.7181396484375, 40.990604400634766, 53.29874038696289, 22.977916717529297, -11.319967269897461, -61.715755462646484, -94.84452819824219
8.652627944946289, 29.118947982788086, 42.436798095703125, 23.32354736328125, -11.53463363647461, -47.95732879638672, -70.36615753173828, -70.00881958007812
9.845001220703125, 26.2882137298584, 32.32148361206055, -1.28667151927948, -58.57135009765625, -108.11494445800781, -46.72527313232422, 10.862191200256348
10.658561706542969, 29.740663528442383, 18.5638484954834, -23.07249641418457, -58.38848876953125, -43.94966125488281, 21.97386360168457, 69.53536987304688
11.757319450378418, 24.27540397644043, 1.1902433633804321, -53.5383186340332, -74.56634521484375, -0.09088562428951263, 105.48040008544922, 91.7765121459961
12.477313041687012, 18.91850471496582, -13.492673873901367, -49.85438919067383, -29.179698944091797, 74.38188171386719, 122.52059173583984, 2.8030314445495605
13.315443992614746, 16.753450393676758, -26.02202606201172, -57.69234848022461, 14.64608097076416, 59.983551025390625, 38.62154006958008, -72.09873962402344
13.527579307556152, 8.790590286254883, -39.97214889526367, -36.48341751098633, 41.27896499633789, 78.01066589355469, -49.76059341430664, -87.1768798828125
14.25789737701416, 2.2457330226898193, -41.82012176513672, -6.721134185791016, 55.24999237060547, 11.298250198364258, -89.63845825195312, -11.539216995239258
14.149919509887695, -4.522894859313965, -36.50578689575195, 22.09943389892578, 62.47364807128906, -56.3392219543457, -54.386474609375, 88.65166473388672
13.531184196472168, -11.793087005615234, -29.119033813476562, 41.62303161621094, 35.88133239746094, -65.059814453125, 5.786597728729248, 139.1577606201172
12.896830558776855, -17.704919815063477, -23.82421112060547, 65.98261260986328, -14.381484985351562, -71.6243896484375, 92.66681671142578, 25.599380493164062
12.499228477478027, -22.541362762451172, -5.648899555206299, 63.80455017089844, -46.71074676513672, -21.160966873168945, 90.54995727539062, -56.982398986816406
11.742263793945312, -27.425798416137695, 10.910382270812988, 42.73747634887695, -77.37642669677734, 30.520299911499023, 57.78519058227539, -124.99462127685547
10.64635944366455, -25.81546974182129, 26.343271255493164, 11.006878852844238, -71.1465072631836, 63.72127151489258, -44.96844482421875, -50.61203384399414
9.831742286682129, -28.79851531982422, 34.63615036010742, -16.942834854125977, -36.14921951293945, 54.54970932006836, -105.06121826171875, 80.70507049560547
8.431944847106934, -26.412494659423828, 45.90201187133789, -32.22844314575195, 14.800987243652344, 33.763954162597656, -75.5665283203125, 99.16354370117188
6.578927516937256, -20.871044158935547, 44.04861831665039, -63.743675231933594, 43.113487243652344, -29.10186004638672, -8.369036674499512, 59.446224212646484
5.366458415985107, -19.857452392578125, 37.191959381103516, -50.27397155761719, 58.28980255126953, -71.77490234375, 72.64912414550781, -65.40890502929688
3.647603750228882, -11.301727294921875, 23.750288009643555, -42.254112243652344, 53.37215805053711, -63.648765563964844, 108.16383361816406, -147.48150634765625
1.8364534378051758, -5.551483631134033, 10.667551040649414, -23.310989379882812, 35.39274978637695, -51.85195541381836, 59.26954650878906, -64.80540466308594
-2.8439896271326148e-11, 1.3869417905807495, -4.086386680603027, 9.91170597076416, -14.329792976379395, 15.662753105163574, -22.495338439941406, 28.110048294067383
-1.7605628967285156, 7.638429641723633, -17.857650756835938, 39.974693298339844, -44.250328063964844, 54.22966766357422, -93.52416229248047, 127.40016174316406
-3.601006031036377, 13.470751762390137, -33.35468292236328, 53.60550308227539, -62.25407028198242, 107.48033142089844, -102.88026428222656, 79.20857238769531
-5.377483367919922, 20.67899513244629, -43.659828186035156, 64.55179595947266, -47.441917419433594, 40.107627868652344, -25.452306747436523, -15.785539627075195
-6.697865009307861, 23.40083885192871, -42.19609069824219, 52.4239387512207, -27.415674209594727, -12.053326606750488, 48.880706787109375, -147.80194091796875
-8.009454727172852, 29.118562698364258, -33.972660064697266, 29.75303840637207, 17.323413848876953, -61.82490158081055, 131.4701385498047, -61.60397720336914
-9.412614822387695, 28.81075668334961, -26.915279388427734, -1.242295742034912, 56.41364288330078, -92.34098052978516, 86.62797546386719, 9.930816650390625
-10.645097732543945, 25.631181716918945, -18.963953018188477, -24.65787696838379, 81.09381866455078, -64.56925201416016, -11.965607643127441, 99.19994354248047
-12.180397987365723, 27.365270614624023, -1.0675870180130005, -40.6369514465332, 66.39405822753906, -0.08195830136537552, -108.779052734375, 81.29521942138672
-13.025432586669922, 18.8341064453125, 12.497282028198242, -50.39535140991211, 25.317441940307617, 51.963890075683594, -61.697139739990234, 2.004713535308838
-12.99709701538086, 16.47421646118164, 25.971681594848633, -54.324119567871094, -13.559652328491211, 79.33772277832031, -39.64583969116211, -85.83509063720703
-14.105705261230469, 9.043705940246582, 34.54572296142578, -31.68204689025879, -46.405643463134766, 59.67440414428711, 55.1381721496582, -75.5435791015625
-14.637550354003906, 1.9297040700912476, 36.846553802490234, -6.1669440269470215, -82.70763397216797, 11.46681022644043, 107.95243835449219, -16.745513916015625
-13.437188148498535, -5.323751449584961, 40.267539978027344, 21.272842407226562, -53.212093353271484, -47.15256881713867, 78.61201477050781, 106.87787628173828
-13.789450645446777, -12.326461791992188, 34.34743118286133, 45.879150390625, -33.16013717651367, -95.81475067138672, -5.3834004402160645, 68.24114990234375
-13.924477577209473, -19.217748641967773, 23.68248176574707, 64.6229019165039, 13.702150344848633, -88.38450622558594, -75.12920379638672, 22.90496826171875
-12.166947364807129, -20.65303611755371, 6.09412145614624, 52.72997283935547, 51.556396484375, -21.71149444580078, -75.68235778808594, -89.2831802368164
-11.692886352539062, -27.58855438232422, -9.59411907196045, 35.00643539428711, 59.92965316772461, 46.13832473754883, -30.84809112548828, -132.33143615722656
-11.3683443069458, -26.53641128540039, -25.975854873657227, 11.302884101867676, 53.32810592651367, 95.63911437988281, 37.0312385559082, -37.762027740478516
-9.795876502990723, -28.332754135131836, -36.97103500366211, -14.649590492248535, 32.87007522583008, 82.7611312866211, 82.74564361572266, 66.81861877441406
-7.898677349090576, -25.69460678100586, -38.0626220703125, -35.003936767578125, -14.020028114318848, 22.050321578979492, 90.39878845214844, 150.45993041992188
-7.036550045013428, -23.653806686401367, -37.917747497558594, -64.82984161376953, -54.5441780090332, -23.565401077270508, 7.352817058563232, 61.800113677978516
-5.170244216918945, -17.713525772094727, -33.25981140136719, -59.503379821777344, -81.05843353271484, -90.2087173461914, -91.67338562011719, -70.45195770263672
-3.510647773742676, -11.922042846679688, -23.99431037902832, -50.390663146972656, -56.62948989868164, -78.59606170654297, -111.22884368896484, -94.33366394042969
-1.8333945274353027, -6.197973251342773, -11.713576316833496, -18.020292282104492, -23.52833366394043, -40.58253860473633, -64.83438110351562, -54.03126907348633
2.8479272759507346e-11, 1.3768641948699951, 4.582763671875, 7.971190929412842, 12.200998306274414, 22.7058162689209, 28.118330001831055, 33.69664764404297
1.7182366847991943, 8.103802680969238, 18.57121467590332, 38.37691879272461, 56.29706573486328, 60.24588394165039, 102.89204406738281, 107.98085021972656
3.495710849761963, 15.12757682800293, 32.376251220703125, 48.548614501953125, 77.54656219482422, 105.51947021484375, 95.37578582763672, 81.7403335571289
5.336270809173584, 19.365894317626953, 43.33358383178711, 49.92569351196289, 56.48466873168945, 61.628658294677734, 18.81706428527832, -28.542728424072266
6.538637161254883, 24.11125946044922, 45.272430419921875, 54.572147369384766, 35.74616241455078, -7.752689838409424, -71.47887420654297, -139.14364624023438
8.066164016723633, 25.01243782043457, 41.50530242919922, 28.678916931152344, -13.827938079833984, -57.59381866455078, -132.42575073242188, -112.40953063964844
9.959755897521973, 28.4052734375, 32.86897659301758, -1.543216586112976, -54.959983825683594, -106.96175384521484, -74.1206283569336, 14.554413795471191
10.411194801330566, 25.512657165527344, 16.739192962646484, -28.307600021362305, -75.17169952392578, -46.75177764892578, 20.462499618530273, 69.66102600097656
11.456387519836426, 22.543184280395508, 1.047989845275879, -54.08241653442383, -69.40767669677734, -0.09270735830068588, 58.20892333984375, 103.11199188232422
13.076784133911133, 19.436676025390625, -16.54221534729004, -61.91122817993164, -24.80648422241211, 58.17617416381836, 85.96367645263672, 3.6551625728607178
12.84789752960205, 15.205780982971191, -25.451396942138672, -47.080177307128906, 17.112712860107422, 67.67977142333984, 28.051937103271484, -73.4949951171875
13.60932731628418, 8.564249038696289, -39.877891540527344, -31.097810745239258, 47.070709228515625, 50.969234466552734, -59.2223014831543, -104.2098159790039
14.676708221435547, 2.3258562088012695, -46.90329360961914, -5.645452976226807, 65.15138244628906, 8.227371215820312, -128.48458862304688, -23.1492919921875
14.77328872680664, -5.005032539367676, -39.2460823059082, 24.294919967651367, 49.18484878540039, -62.447452545166016, -60.92395782470703, 106.45893096923828
13.31438159942627, -10.571664810180664, -31.27095603942871, 48.6519775390625, 33.75971984863281, -84.61871337890625, 6.152104377746582, 86.0183334350586
13.334753036499023, -19.283964157104492, -18.58204460144043, 52.76133728027344, -14.259076118469238, -91.0438003540039, 106.12352752685547, 26.113391876220703
12.513679504394531, -21.67937469482422, -6.171927452087402, 48.403594970703125, -58.19007110595703, -15.420534133911133, 118.38923645019531, -72.25589752197266
11.846095085144043, -23.77497673034668, 8.671351432800293, 41.0854606628418, -78.05448913574219, 43.69085693359375, 47.94318389892578, -77.64613342285156
10.562397003173828, -26.36724853515625, 22.532936096191406, 14.1001615524292, -50.05731201171875, 66.86636352539062, -52.11622619628906, -57.489768981933594
9.864830017089844, -25.961605072021484, 39.137664794921875, -14.144204139709473, -23.108396530151367, 56.44063186645508, -115.22891235351562, 43.335304260253906
8.625645637512207, -26.733657836914062, 45.51540756225586, -40.58670425415039, 15.256094932556152, 33.39543151855469, -90.81558227539062, 99.98281860351562
6.729190349578857, -25.18313980102539, 45.625083923339844, -44.06343460083008, 49.331260681152344, -30.811800003051758, -7.773207664489746, 77.05660247802734
5.026522159576416, -18.76799964904785, 31.565717697143555, -50.401634216308594, 66.67581176757812, -53.80886459350586, 46.28377151489258, -60.57234191894531
3.435650110244751, -13.485074996948242, 22.774085998535156, -45.474971771240234, 73.93571472167969, -66.82209014892578, 115.981201171875, -83.79232788085938
1.766300082206726, -5.8923563957214355, 10.142008781433105, -17.510093688964844, 29.97859001159668, -39.836822509765625, 40.05583572387695, -88.11994934082031
-3.075662641238708e-11, 1.3212239742279053, -4.3588738441467285, 8.47553825378418, -11.497676849365234, 14.755037307739258, -28.61403465270996, 39.681175231933594
-1.8157751560211182, 7.7021918296813965, -22.358747482299805, 29.77964973449707, -44.54049301147461, 68.15650177001953, -89.48797607421875, 67.1907730102539
-3.5447797775268555, 15.116528511047363, -31.98724365234375, 47.31863784790039, -78.63905334472656, 104.15322875976562, -63.860713958740234, 80.36666107177734
-5.457459449768066, 19.741003036499023, -36.855316162109375, 66.65198516845703, -66.56595611572266, 45.90375900268555, -17.256431579589844, -19.616567611694336
-6.539798736572266, 26.048500061035156, -37.34147644042969, 47.770416259765625, -23.60538101196289, -7.982057094573975, 44.829010009765625, -110.60041809082031
-8.49934196472168, 25.230810165405273, -42.02739334106445, 23.51885986328125, 14.532974243164062, -55.21018981933594, 89.10627746582031, -97.59312438964844
-9.899126052856445, 30.99810028076172, -33.216617584228516, -1.2207679748535156, 42.08143615722656, -73.27120208740234, 80.05654907226562, 13.783781051635742
-10.697951316833496, 28.413331985473633, -14.547361373901367, -32.6723747253418, 81.78848266601562, -69.96892547607422, -21.49240493774414, 105.45068359375
-12.393850326538086, 25.767704010009766, -1.2349809408187866, -51.45876693725586, 49.670955657958984, -0.0943402498960495, -86.78591918945312, 89.48701477050781
-13.190165519714355, 20.25307846069336, 16.494686126708984, -57.58687973022461, 27.61278533935547, 71.10581970214844, -89.71328735351562, 2.2766711711883545
-13.062370300292969, 14.06246280670166, 27.392393112182617, -46.24795913696289, -11.826586723327637, 64.71857452392578, -29.963321685791016, -71.3623275756836
-13.644512176513672, 9.651493072509766, 40.64525604248047, -26.121049880981445, -42.932193756103516, 77.81269836425781, 53.47035217285156, -98.53218078613281
-13.434050559997559, 2.240459680557251, 41.46728515625, -5.307080268859863, -79.0163803100586, 12.363563537597656, 121.63655853271484, -22.072362899780273
-13.9327392578125, -4.657390117645264, 41.575374603271484, 19.858097076416016, -70.98451232910156, -43.667030334472656, 88.62598419189453, 98.84033966064453
-14.132813453674316, -12.368507385253906, 36.79709243774414, 36.925331115722656, -35.952239990234375, -58.9150276184082, -5.379436016082764, 101.01466369628906
-14.090137481689453, -16.88312530517578, 19.71002960205078, 49.979618072509766, 12.547816276550293, -68.5450439453125, -52.02934646606445, 33.90811538696289
-12.742587089538574, -24.78413963317871, 5.552148818969727, 44.286766052246094, 45.30851364135742, -21.489412307739258, -104.20571899414062, -56.346405029296875
-12.314225196838379, -24.86653709411621, -9.698420524597168, 35.147804260253906, 65.68476867675781, 49.232666015625, -55.165462493896484, -98.09796905517578
-11.24431037902832, -28.516021728515625, -25.565044403076172, 12.128677368164062, 54.21080017089844, 96.76065826416016, 28.039371490478516, -47.52998352050781
-9.757574081420898, -28.565465927124023, -38.94557571411133, -13.414838790893555, 35.012229919433594, 95.31243133544922, 125.73479461669922, 38.706600189208984
-7.982176780700684, -26.8027286529541, -44.54314041137695, -33.01944351196289, -10.570246696472168, 28.441917419433594, 92.61906433105469, 76.33516693115234
-7.083980560302734, -22.592952728271484, -44.062984466552734, -63.47389602661133, -51.48451232910156, -27.250463485717773, 5.872777462005615, 39.761566162109375
-5.129544734954834, -18.996450424194336, -32.17149353027344, -55.047550201416016, -71.18502044677734, -84.45195770263672, -62.00830841064453, -39.63832092285156
-3.365086793899536, -12.84067440032959, -26.447235107421875, -47.97261047363281, -49.822383880615234, -76.48433685302734, -129.6938934326172, -69.88600158691406
-1.7660737037658691, -5.977404594421387, -13.040515899658203, -18.045093536376953, -31.986499786376953, -50.637168884277344, -65.520751953125, -74.04735565185547
3.063089018540133e-11, 1.405538558959961, 3.9186205863952637, 7.018307685852051, 11.359787940979004, 15.183965682983398, 28.55621910095215, 33.17863082885742
1.6907474994659424, 9.137986183166504, 21.023475646972656, 28.407438278198242, 42.6827392578125, 63.08624267578125, 84.36441802978516, 114.61327362060547
3.4799587726593018, 14.097238540649414, 33.67365264892578, 61.32960891723633, 86.88758850097656, 92.17774200439453, 108.20543670654297, 76.93987274169922
5.349135398864746, 21.85828399658203, 39.69456100463867, 51.3629150390625, 59.41151428222656, 43.54164505004883, 14.356030464172363, -22.173748016357422
7.070176124572754, 24.996875762939453, 40.45618438720703, 50.845157623291016, 27.826210021972656, -9.792891502380371, -66.93241882324219, -74.04132843017578
8.637932777404785, 28.241090774536133, 40.21670150756836, 26.97291374206543, -14.813360214233398, -54.29153060913086, -67.54903411865234, -108.57160949707031
9.847029685974121, 30.13174057006836, 27.374387741088867, -1.5884379148483276, -63.247066497802734, -102.20600128173828, -84.0563735961914, 12.098638534545898
11.11292839050293, 27.667804718017578, 16.336532592773438, -28.3301944732666, -65.31295776367188, -44.100196838378906, 20.205907821655273, 125.50028991699219
12.310931205749512, 22.77541160583496, 1.090921401977539, -53.130855560302734, -57.99950408935547, -0.13726495206356049, 109.76106262207031, 131.7278594970703
12.756648063659668, 22.924209594726562, -12.433928489685059, -48.03300857543945, -34.4112663269043, 43.21377944946289, 113.86703491210938, 3.5430872440338135
13.698152542114258, 14.89654541015625, -25.3277530670166, -50.49517822265625, 13.071252822875977, 81.51876831054688, 27.107080459594727, -98.51249694824219
13.439855575561523, 8.982425689697266, -41.99897003173828, -30.724149703979492, 47.30540466308594, 77.67491149902344, -40.07238006591797, -115.14850616455078
13.649763107299805, 2.3024826049804688, -43.55188751220703, -5.7685770988464355, 67.27154541015625, 13.859362602233887, -86.86820983886719, -19.418437957763672
14.761561393737793, -4.544933319091797, -37.02463150024414, 26.1568603515625, 60.51057052612305, -54.12359619140625, -66.30306243896484, 86.95677185058594
13.612071990966797, -12.785636901855469, -35.253257751464844, 44.26192855834961, 34.58906555175781, -102.63512420654297, 5.977049350738525, 105.90478515625
13.383339881896973, -16.934045791625977, -23.921714782714844, 62.041568756103516, -12.54689884185791, -61.99690628051758, 60.33582305908203, 31.64003562927246
12.646050453186035, -21.87164878845215, -5.779433727264404, 50.51706314086914, -41.157440185546875, -20.322734832763672, 75.65548706054688, -57.71596145629883
12.280056953430176, -28.241300582885742, 9.165423393249512, 32.74927520751953, -74.16141510009766, 32.88286209106445, 40.089473724365234, -139.68890380859375
10.880294799804688, -26.830774307250977, 26.326669692993164, 13.315180778503418, -54.193763732910156, 82.58495330810547, -46.29240798950195, -43.11058044433594
9.541887283325195, -30.299840927124023, 38.05171585083008, -14.464300155639648, -33.01354217529297, 54.611907958984375, -89.7603759765625, 42.21092224121094
8.328754425048828, -28.96664810180664, 45.369815826416016, -46.69142532348633, 10.697092056274414, 22.445302963256836, -64.08809661865234, 109.54473876953125
7.084980487823486, -24.091562271118164, 38.39045333862305, -62.13327407836914, 63.70010757446289, -35.48762893676758, -5.076123237609863, 40.59513473510742
5.059113025665283, -17.371917724609375, 34.8875617980957, -59.581356048583984, 80.28180694580078, -97.19654083251953, 82.46713256835938, -63.604705810546875
3.403809070587158, -11.291301727294922, 29.13103485107422, -49.228763580322266, 57.4477424621582, -65.5046157836914, 85.32208251953125, -144.2891845703125
1.7533632516860962, -6.025447845458984, 12.125517845153809, -16.67188262939453, 28.935340881347656, -37.209022521972656, 66.27603912353516, -58.75788116455078
-2.9679037005792e-11, 1.501132607460022, -4.623565673828125, 9.801013946533203, -14.383241653442383, 23.922807693481445, -35.05839920043945, 48.02036666870117
-1.833925724029541, 8.359417915344238, -19.592676162719727, 38.948238372802734, -62.444847106933594, 60.55712890625, -99.19853210449219, 78.00839233398438
-3.3499081134796143, 14.06933307647705, -32.345794677734375, 49.5523796081543, -60.2490234375, 78.67285919189453, -90.32239532470703, 73.22602844238281
-5.23167085647583, 20.329330444335938, -38.9612922668457, 56.430789947509766, -74.45419311523438, 56.07487487792969, -20.391664505004883, -16.51276969909668
-6.947939872741699, 26.980031967163086, -45.26478958129883, 50.86528778076172, -24.58329200744629, -8.8047456741333, 49.68068313598633, -91.97967529296875
-8.508387565612793, 28.321622848510742, -34.575191497802734, 26.704368591308594, 13.89280891418457, -61.46376419067383, 90.87425231933594, -56.420230865478516
-9.48961353302002, 26.699134826660156, -31.75945472717285, -1.306395411491394, 46.84375762939453, -78.11575317382812, 59.89313888549805, 12.483217239379883
-11.027124404907227, 25.760360717773438, -14.635953903198242, -24.408740997314453, 60.633766174316406, -71.2024917602539, -22.459762573242188, 102.00645446777344
-11.43175220489502, 24.3748779296875, -1.2483824491500854, -56.10700988769531, 55.73756408691406, -0.13114149868488312, -56.6435546875, 96.86361694335938
-12.166584014892578, 21.844390869140625, 12.972129821777344, -65.65520477294922, 22.308353424072266, 46.179534912109375, -62.57216262817383, 2.5289297103881836
-13.633026123046875, 14.8922119140625, 27.15032958984375, -58.060150146484375, -12.393045425415039, 88.8592529296875, -38.6785888671875, -111.82167053222656
-14.344776153564453, 9.475831031799316, 33.696319580078125, -27.749940872192383, -60.76142883300781, 74.66281127929688, 50.457191467285156, -102.77959442138672
-13.471888542175293, 1.9799764156341553, 36.09293746948242, -4.793766975402832, -62.28948974609375, 12.943032264709473, 129.69964599609375, -13.304031372070312
-13.548811912536621, -4.824524879455566, 36.55375671386719, 17.784439086914062, -65.0162124633789, -46.986446380615234, 71.02196502685547, 55.215599060058594
-13.888399124145508, -12.18448257446289, 34.153114318847656, 51.104576110839844, -30.019779205322266, -62.1417121887207, -3.4805824756622314, 87.38452911376953
-13.597912788391113, -18.51835823059082, 20.721145629882812, 47.90410232543945, 17.124643325805664, -74.43125915527344, -95.09378814697266, 28.16714096069336
-12.85138988494873, -23.2541446685791, 7.272911071777344, 51.24367904663086, 45.76078414916992, -27.3247127532959, -94.4631118774414, -82.39949798583984
-12.201638221740723, -28.642240524291992, -10.771764755249023, 39.49692153930664, 60.90889358520508, 44.309051513671875, -53.73516845703125, -137.92857360839844
-10.633393287658691, -27.036888122558594, -24.190135955810547, 11.523308753967285, 60.00553894042969, 93.79435729980469, 47.95862579345703, -44.09381866455078
-9.21941089630127, -28.101518630981445, -31.697555541992188, -14.769394874572754, 28.874263763427734, 92.8426284790039, 67.42205810546875, 38.67860794067383
-8.233914375305176, -25.79753875732422, -44.95103454589844, -39.83623123168945, -11.406590461730957, 28.069822311401367, 82.8724136352539, 136.72305297851562
-6.481077194213867, -24.69424819946289, -36.405086517333984, -61.163658142089844, -49.98014831542969, -37.107078552246094, 6.380772113800049, 42.809608459472656
-4.979101181030273, -18.915721893310547, -38.42300033569336, -53.35050582885742, -80.19397735595703, -99.23258209228516, -61.42984390258789, -36.401817321777344
-3.5746283531188965, -12.253861427307129, -26.95646858215332, -38.61015319824219, -51.888919830322266, -96.66632080078125, -72.8231201171875, -139.14231872558594
-1.7921223640441895, -6.0331130027771, -13.157036781311035, -18.31235694885254, -23.943695068359375, -32.67724609375, -56.73070526123047, -62.11368942260742
2.8666432075330484e-11, 1.334144949913025, 3.785637855529785, 9.16026496887207, 13.503387451171875, 21.524362564086914, 21.059507369995117, 37.452632904052734
1.761913537979126, 8.444357872009277, 20.909719467163086, 39.581504821777344, 39.26516342163086, 64.9002914428711, 66.92977142333984, 132.7440185546875
3.469076633453369, 13.461038589477539, 28.718673706054688, 59.39160919189453, 86.1583251953125, 69.19529724121094, 69.95108032226562, 51.663822174072266
5.154058456420898, 21.36562728881836, 45.14009094238281, 53.19553756713867, 61.57499694824219, 46.909034729003906, 14.478323936462402, -24.506193161010742
7.034914493560791, 26.811647415161133, 45.94108963012695, 43.24163055419922, 29.855287551879883, -10.699576377868652, -69.98319244384766, -74.77185821533203
8.141778945922852, 26.046560287475586, 39.161659240722656, 30.717853546142578, -13.465596199035645, -71.0747299194336, -98.71041107177734, -92.9975814819336
11.209722518920898, 29.29568862915039, 17.1778564453125, -30.490825653076172, -87.48867797851562, -49.6416130065918, 19.3537654876709, 105.13926696777344
12.392937660217285, 26.953937530517578, 1.2221901416778564, -49.134578704833984, -76.74138641357422, -0.10836959630250931, 110.28311157226562, 108.13252258300781
13.187803268432617, 21.981678009033203, -16.129398345947266, -50.917083740234375, -25.632503509521484, 40.922298431396484, 69.4404067993164, 3.213717222213745
13.164823532104492, 16.462989807128906, -28.12249183654785, -40.555843353271484, 14.02657699584961, 105.47465515136719, 38.41476058959961, -77.49042510986328
14.354631423950195, 9.108882904052734, -40.89864730834961, -28.08316421508789, 44.889095306396484, 60.161598205566406, -60.802772521972656, -142.0050048828125
13.613566398620605, 2.1966092586517334, -47.64369201660156, -6.745477676391602, 69.10419464111328, 13.8394775390625, -80.29338836669922, -12.49119758605957
14.247393608093262, -4.480238914489746, -36.18576431274414, 23.051719665527344, 63.2442626953125, -44.31710433959961, -90.90972900390625, 71.47866821289062
13.271269798278809, -11.968583106994629, -34.673980712890625, 45.082786560058594, 24.686513900756836, -64.89441680908203, 4.086826801300049, 78.45732879638672
13.630228996276855, -16.54648208618164, -19.492712020874023, 49.80305480957031, -10.954840660095215, -65.24759674072266, 102.15505981445312, 20.20043182373047
13.238476753234863, -24.558610916137695, -7.033370018005371, 49.38107681274414, -45.573551177978516, -20.715967178344727, 110.05066680908203, -86.697021484375
11.774006843566895, -25.77357292175293, 8.883949279785156, 43.32313919067383, -84.70440673828125, 29.699621200561523, 42.07314682006836, -78.06105041503906
10.745912551879883, -28.805339813232422, 22.81577491760254, 11.631217956542969, -62.02994155883789, 60.28855514526367, -51.9573860168457, -44.260128021240234
10.080639839172363, -30.2930908203125, 40.34113693237305, -16.707618713378906, -28.872512817382812, 55.329071044921875, -81.06758117675781, 76.07850646972656
8.306304931640625, -24.769472122192383, 38.98147201538086, -43.232025146484375, 17.370315551757812, 30.5040340423584, -59.348533630371094, 79.76850128173828
6.775209426879883, -24.027862548828125, 35.66380310058594, -45.320457458496094, 50.35619354248047, -31.315330505371094, -5.576889991760254, 48.9007453918457
5.226259231567383, -16.618186950683594, 33.60719299316406, -50.58826446533203, 60.558658599853516, -54.57709884643555, 53.77870178222656, -34.50846862792969
3.416698455810547, -13.248869895935059, 22.744871139526367, -49.07145309448242, 64.85160827636719, -67.0313720703125, 95.92678833007812, -138.73043823242188
1.6856769323349, -5.272635459899902, 9.998336791992188, -18.74118423461914, 35.58525848388672, -38.595916748046875, 47.20893096923828, -65.07032012939453
-2.8984425970435268e-11, 1.4195528030395508, -3.756953239440918, 7.361003398895264, -11.992856979370117, 25.01355743408203, -21.681764602661133, 30.51767921447754
-1.8395400047302246, 8.22390079498291, -18.431921005249023, 34.750301361083984, -56.59934616088867, 90.6594467163086, -96.4239273071289, 145.76141357421875
-3.6597719192504883, 15.986531257629395, -31.807886123657227, 46.67058563232422, -72.7529296875, 102.38121032714844, -64.46455383300781, 85.87300109863281
-5.361893177032471, 20.32528305053711, -44.455039978027344, 51.98763656616211, -72.98704528808594, 49.70578384399414, -23.175996780395508, -16.321901321411133
-7.116092681884766, 22.7341251373291, -42.05795669555664, 41.8034782409668, -34.02748107910156, -9.9429292678833, 69.1714096069336, -124.58890533447266
-8.201388359069824, 29.66126251220703, -33.62484359741211, 25.841638565063477, 15.660804748535156, -79.42168426513672, 80.97224426269531, -88.94470977783203
-9.909988403320312, 28.779029846191406, -29.427593231201172, -1.3322619199752808, 39.73268127441406, -76.18778228759766, 73.90142822265625, 7.481536865234375
-10.89946460723877, 28.073394775390625, -17.375789642333984, -27.482084274291992, 77.62911987304688, -66.69192504882812, -14.4053373336792, 112.47647857666016
-11.40381908416748, 23.005680084228516, -1.034956455230713, -55.66030502319336, 69.00968170166016, -0.13176164031028748, -82.97008514404297, 126.66114044189453
-12.60127067565918, 19.14594841003418, 13.958282470703125, -67.3663558959961, 23.38806915283203, 53.27406692504883, -96.87220764160156, 2.271960496902466
-13.489295959472656, 14.609503746032715, 26.60053825378418, -45.035316467285156, -15.074594497680664, 93.9979476928711, -26.677255630493164, -109.7912368774414
-14.458837509155273, 8.548965454101562, 43.55363845825195, -35.2507438659668, -61.9193229675293, 69.63805389404297, 53.55630874633789, -118.96632385253906
-14.156394958496094, 2.1981751918792725, 42.31899642944336, -5.98753547668457, -62.48690414428711, 13.356143951416016, 130.7107391357422, -12.0159912109375
-13.4959077835083, -4.97328519821167, 36.59660720825195, 19.218982696533203, -67.87210845947266, -49.19241714477539, 93.51270294189453, 115.40115356445312
-14.528441429138184, -12.604475975036621, 37.146366119384766, 46.78633499145508, -26.090118408203125, -98.80564880371094, -4.026401042938232, 115.15213775634766
-13.604211807250977, -19.065889358520508, 18.804636001586914, 64.57901763916016, 11.198698997497559, -71.15797424316406, -91.99968719482422, 22.051692962646484
-13.166559219360352, -21.7802791595459, 6.2198615074157715, 54.958736419677734, 58.72873306274414, -14.989046096801758, -107.92666625976562, -66.13855743408203
-11.645676612854004, -23.627126693725586, -9.754435539245605, 41.6590576171875, 86.12164306640625, 38.063751220703125, -38.88658905029297, -116.55818939208984
-10.685441017150879, -27.37186050415039, -23.17074203491211, 10.222514152526855, 61.4949951171875, 100.91453552246094, 51.19788360595703, -29.738771438598633
-10.108327865600586, -25.653852462768555, -34.5361328125, -15.596000671386719, 30.647706985473633, 95.78773498535156, 108.11943817138672, 56.851463317871094
-8.310248374938965, -26.894718170166016, -43.585506439208984, -32.56486129760742, -14.587726593017578, 25.174943923950195, 74.43463897705078, 78.02143096923828
-6.775478363037109, -21.252880096435547, -39.608333587646484, -48.43532943725586, -45.010780334472656, -37.05207443237305, 6.094721794128418, 66.65162658691406
-5.116969585418701, -19.909767150878906, -33.87656021118164, -45.6983757019043, -81.18612670898438, -92.6104507446289, -66.74894714355469, -56.12724685668945
-3.653434991836548, -13.031558990478516, -26.099740982055664, -48.03667068481445, -67.42998504638672, -70.82066345214844, -132.23291015625, -91.12590026855469
-1.8095686435699463, -5.352054595947266, -11.735831260681152, -21.170936584472656, -34.51874923706055, -41.04532241821289, -38.196533203125, -85.9403076171875
2.925850881019265e-11, 1.4551759958267212, 4.798198223114014, 8.569352149963379, 11.649391174316406, 25.158950805664062, 34.08778762817383, 40.3475227355957
1.7237175703048706, 8.677602767944336, 21.251596450805664, 30.762630462646484, 59.44252395629883, 72.20243835449219, 67.10042572021484, 121.38555145263672
3.5333826541900635, 13.498211860656738, 35.90222930908203, 48.686790466308594, 85.58917236328125, 100.75666809082031, 68.28723907470703, 88.25634765625
5.2779221534729, 18.504268646240234, 39.86267852783203, 57.748046875, 59.5739631652832, 40.90953826904297, 15.985836029052734, -25.369474411010742
6.531676292419434, 22.935266494750977, 45.45091247558594, 50.110321044921875, 27.952177047729492, -7.934032440185547, -48.80118942260742, -67.40432739257812
8.302422523498535, 27.981626510620117, 42.376827239990234, 29.252965927124023, -11.366952896118164, -78.69056701660156, -65.23284149169922, -67.53528594970703
10.057267189025879, 25.838735580444336, 31.222976684570312, -1.12279212474823, -48.22976303100586, -106.20166015625, -65.16807556152344, 14.641449928283691
11.037914276123047, 27.187074661254883, 15.585962295532227, -25.864906311035156, -82.94327545166016, -50.203487396240234, 22.35379409790039, 86.81642150878906
11.81529426574707, 24.78071403503418, 1.2366777658462524, -45.76178741455078, -60.11814498901367, -0.08993680775165558, 113.27238464355469, 128.92147827148438
12.650785446166992, 20.143896102905273, -15.310604095458984, -45.7109260559082, -34.32740020751953, 47.38348388671875, 110.87918853759766, 1.8836196660995483
13.536625862121582, 14.719462394714355, -28.757089614868164, -55.292911529541016, 16.255313873291016, 106.37025451660156, 39.718624114990234, -63.64466094970703
14.387482643127441, 9.947278022766113, -39.099388122558594, -30.302976608276367, 62.35361099243164, 78.7994155883789, -48.574886322021484, -75.52493286132812
14.1812162399292, 2.246715545654297, -37.054595947265625, -5.772057056427002, 79.45802307128906, 8.686017990112305, -102.42154693603516, -13.711723327636719
14.687769889831543, -4.840973377227783, -43.28804397583008, 24.297311782836914, 72.88072967529297, -52.763145446777344, -58.51527404785156, 77.5506820678711
14.534496307373047, -12.21638011932373, -34.220340728759766, 41.206275939941406, 32.687862396240234, -99.34741973876953, 4.414111137390137, 99.69683837890625
13.555926322937012, -18.80921745300293, -24.169490814208984, 56.87209701538086, -17.345735549926758, -88.2729721069336, 97.08712768554688, 32.24299240112305
13.048748016357422, -24.307315826416016, -6.789955139160156, 59.24589538574219, -48.11904525756836, -16.338260650634766, 115.72791290283203, -46.436275482177734
11.973082542419434, -25.3167667388916, 10.164593696594238, 41.154117584228516, -71.17584991455078, 34.85893249511719, 44.84967803955078, -140.5681915283203
10.397880554199219, -29.8227481842041, 20.854736328125, 12.642656326293945, -52.12995147705078, 79.54652404785156, -44.41106414794922, -59.339500427246094
9.883166313171387, -30.134794235229492, 33.02806091308594, -14.376708984375, -26.24407386779785, 98.20079803466797, -118.62748718261719, 68.16954040527344
8.178847312927246, -26.454172134399414, 36.439029693603516, -43.02402877807617, 16.992658615112305, 28.86442756652832, -58.697444915771484, 141.64881896972656
6.543635845184326, -24.11659049987793, 44.40370178222656, -45.73466110229492, 44.150211334228516, -33.530601501464844, -5.9974822998046875, 59.58047103881836
5.17456579208374, -17.256263732910156, 34.248695373535156, -64.69341278076172, 87.59677124023438, -93.01766204833984, 81.10499572753906, -60.996917724609375
3.3875014781951904, -12.315905570983887, 29.266010284423828, -39.78813934326172, 72.44010925292969, -66.6165771484375, 106.61190032958984, -87.8060302734375
1.7709910869598389, -5.290863990783691, 13.090188980102539, -16.091819763183594, 25.014801025390625, -41.63145446777344, 67.44763946533203, -52.5429801940918
-2.9764364584128344e-11, 1.309674620628357, -3.9240148067474365, 9.877350807189941, -16.640851974487305, 16.974712371826172, -29.81591796875, 25.603378295898438
-1.8377853631973267, 8.616028785705566, -22.010250091552734, 31.073863983154297, -61.176536560058594, 62.28288650512695, -123.29312133789062, 109.46516418457031
-3.5977466106414795, 13.410170555114746, -29.899595260620117, 43.25156784057617, -60.6273078918457, 105.40501403808594, -67.58480072021484, 84.22573852539062
-5.241973400115967, 19.187894821166992, -44.129756927490234, 55.185211181640625, -70.57320404052734, 53.65403747558594, -15.255833625793457, -25.270498275756836
-6.766402244567871, 23.717254638671875, -40.089195251464844, 46.593544006347656, -34.5292854309082, -11.174620628356934, 56.61791229248047, -85.8816146850586
-8.077215194702148, 28.215288162231445, -41.89426803588867, 25.660526275634766, 16.880083084106445, -51.185306549072266, 117.60539245605469, -74.62445831298828
-9.511449813842773, 29.50999641418457, -30.97112274169922, -1.1086502075195312, 55.21439743041992, -101.73001098632812, 70.09073638916016, 11.93795394897461
-10.416872024536133, 28.872894287109375, -17.99510383605957, -23.263187408447266, 80.13711547851562, -59.9105110168457, -22.07154655456543, 87.94144439697266
-11.52123737335205, 22.667686462402344, -1.0587064027786255, -52.752323150634766, 68.19387817382812, -0.10473167896270752, -79.08968353271484, 78.5814208984375
-12.691710472106934, 19.978361129760742, 14.194087028503418, -67.0479965209961, 36.42201232910156, 47.284034729003906, -66.67495727539062, 1.8415511846542358
-12.87123966217041, 16.01038932800293, 28.00757598876953, -52.140647888183594, -12.952433586120605, 72.4520492553711, -28.09290885925293, -57.61467742919922
-13.807122230529785, 8.341836929321289, 37.558963775634766, -30.738323211669922, -64.43844604492188, 60.26532745361328, 69.12538146972656, -72.04869079589844
-14.195671081542969, 2.07199764251709, 39.401817321777344, -6.073497772216797, -84.8773193359375, 13.000615119934082, 99.70230865478516, -23.73658561706543
-13.416131019592285, -5.345914840698242, 42.802764892578125, 20.39936637878418, -64.39480590820312, -49.4361457824707, 65.56864166259766, 78.93344116210938
-14.302976608276367, -12.004444122314453, 28.628765106201172, 48.47211456298828, -32.49164581298828, -68.39859008789062, -6.2114667892456055, 108.15029907226562
-12.868632316589355, -17.556777954101562, 18.606884002685547, 57.125205993652344, 15.98369312286377, -66.79727935791016, -104.8739013671875, 26.514699935913086
-13.302001953125, -24.453407287597656, 7.136932373046875, 63.48921585083008, 44.42235565185547, -19.89459228515625, -62.76224136352539, -58.85976791381836
-11.71827220916748, -23.78660774230957, -9.93050765991211, 44.87788391113281, 84.4418716430664, 42.871055603027344, -42.64651870727539, -72.64848327636719
-10.82174015045166, -30.19428825378418, -23.550729751586914, 11.135688781738281, 59.83838653564453, 58.35986328125, 45.072113037109375, -30.14146614074707
-10.131723403930664, -27.73223876953125, -34.28120040893555, -14.295709609985352, 30.004926681518555, 83.25044250488281, 76.41960144042969, 50.198177337646484
-8.56920051574707, -28.777414321899414, -46.06646728515625, -42.180519104003906, -14.734099388122559, 25.343029022216797, 61.98671340942383, 142.08074951171875
-6.893016815185547, -24.886455535888672, -40.71318435668945, -55.01252365112305, -57.09867477416992, -36.25801467895508, 5.121715068817139, 58.40938186645508
-5.266788959503174, -18.141443252563477, -39.29414367675781, -44.88746643066406, -87.6273422241211, -56.012149810791016, -68.11399841308594, -40.62479019165039
-3.6349806785583496, -13.027642250061035, -23.233251571655273, -41.797698974609375, -70.88108825683594, -57.955509185791016, -129.23672485351562, -110.6133041381836
-1.8404207229614258, -5.229362487792969, -12.38447380065918, -23.01025390625, -22.532594680786133, -31.53183937072754, -55.402462005615234, -74.89755249023438
2.9900717318787073e-11, 1.32587730884552, 4.487249851226807, 9.272216796875, 13.987778663635254, 21.670730590820312, 22.181865692138672, 29.25145721435547
1.7473348379135132, 7.72322416305542, 20.31807518005371, 38.432411193847656, 46.115150451660156, 85.7813720703125, 72.46798706054688, 115.3507080078125
3.4411635398864746, 14.712870597839355, 30.391464233398438, 41.9300537109375, 65.9963607788086, 80.26565551757812, 74.74658203125, 85.09146881103516
4.95989465713501, 22.0263729095459, 43.22322082519531, 46.726165771484375, 72.5439224243164, 51.74666976928711, 21.431018829345703, -22.957857131958008
6.94534969329834, 25.8123722076416, 43.30767059326172, 48.219825744628906, 30.496349334716797, -10.203085899353027, -50.48603439331055, -103.26567840576172
8.50466537475586, 26.78080177307129, 40.5600471496582, 20.932544708251953, -16.965980529785156, -75.15065002441406, -86.13471221923828, -61.76884841918945
10.01775074005127, 26.155712127685547, 32.153778076171875, -1.1769264936447144, -44.324344635009766, -79.04987335205078, -47.459075927734375, 9.103788375854492
10.993882179260254, 28.050729751586914, 17.30065155029297, -27.624746322631836, -59.4908332824707, -59.846405029296875, 18.631441116333008, 104.1411361694336
12.368555068969727, 25.0845890045166, 0.9574007391929626, -43.538230895996094, -63.81764221191406, -0.08664105087518692, 95.91167449951172, 81.03408813476562
12.23483657836914, 19.651195526123047, -14.319074630737305, -56.2589111328125, -34.427520751953125, 57.91529083251953, 75.54960632324219, 3.5879757404327393
13.660199165344238, 14.093180656433105, -26.611061096191406, -54.33821487426758, 10.698090553283691, 86.70176696777344, 29.21708106994629, -118.53204345703125
14.369647979736328, 9.54692554473877, -42.06003189086914, -35.44511795043945, 62.11442565917969, 45.86616134643555, -59.60499954223633, -143.29745483398438
13.875006675720215, 2.337284564971924, -43.028358459472656, -5.105576515197754, 58.42681121826172, 12.62878704071045, -120.99840545654297, -18.002992630004883
13.742244720458984, -5.347126007080078, -45.30728530883789, 21.34137535095215, 73.58279418945312, -35.73480224609375, -72.02767181396484, 72.52915954589844
14.312499046325684, -10.98935604095459, -31.214065551757812, 48.395263671875, 31.731582641601562, -93.98947143554688, 6.34066104888916, 74.8473129272461
13.29012680053711, -16.289474487304688, -20.23453712463379, 46.757118225097656, -12.886280059814453, -56.97334671020508, 95.72747802734375, 23.500932693481445
12.507883071899414, -21.952960968017578, -6.956099033355713, 56.87739562988281, -43.21591567993164, -16.887603759765625, 119.79861450195312, -75.73648834228516
11.952349662780762, -27.294837951660156, 8.95890998840332, 42.748409271240234, -72.82758331298828, 44.90354919433594, 32.64827346801758, -121.03180694580078
10.962759017944336, -27.385215759277344, 20.56079864501953, 11.997737884521484, -55.85905075073242, 63.51334762573242, -28.106979370117188, -39.3247184753418
9.277745246887207, -30.684341430664062, 37.530784606933594, -15.661407470703125, -33.0250129699707, 82.27458190917969, -63.154598236083984, 86.12779998779297
8.245440483093262, -26.534948348999023, 42.05586624145508, -47.31309509277344, 13.187736511230469, 39.744956970214844, -66.1272964477539, 75.21136474609375
6.810786724090576, -23.551433563232422, 42.03718185424805, -62.702293395996094, 39.836212158203125, -35.42496871948242, -8.37718391418457, 74.33689880371094
5.012241840362549, -16.604185104370117, 36.19953536987305, -54.56557846069336, 82.66200256347656, -75.69142150878906, 84.36575317382812, -35.60031509399414
3.469102144241333, -11.142021179199219, 28.312164306640625, -47.872047424316406, 47.75151062011719, -97.85704803466797, 70.93910217285156, -84.49668884277344
1.7187609672546387, -5.334378242492676, 9.869461059570312, -17.324363708496094, 22.28312110900879, -36.159637451171875, 48.026893615722656, -76.5792007446289
-3.0884080015614046e-11, 1.3400465250015259, -3.8225619792938232, 9.62795352935791, -16.38010025024414, 20.610084533691406, -27.369165420532227, 30.20554542541504
-1.7563927173614502, 8.970510482788086, -18.195589065551758, 28.76494789123535, -47.1182975769043, 68.65260314941406, -98.66813659667969, 96.8017578125
-3.407228946685791, 14.007189750671387, -28.633228302001953, 41.495670318603516, -75.94523620605469, 104.77111053466797, -91.01214599609375, 83.44166564941406
-5.290957450866699, 18.577640533447266, -35.68964767456055, 58.66130065917969, -52.598480224609375, 57.198158264160156, -24.292940139770508, -15.363719940185547
-6.6244001388549805, 23.373409271240234, -40.58834457397461, 43.93313980102539, -25.040210723876953, -11.303747177124023, 66.25947570800781, -140.53854370117188
-8.46177864074707, 27.907766342163086, -38.46752166748047, 29.8676700592041, 11.432201385498047, -58.78695297241211, 104.33212280273438, -106.12166595458984
-9.293974876403809, 29.564130783081055, -26.822891235351562, -1.4083685874938965, 52.40974807739258, -82.82455444335938, 41.829856872558594, 14.31821346282959
-11.340093612670898, 28.55514144897461, -16.908185958862305, -28.43064308166504, 82.14981842041016, -56.42781066894531, -16.611696243286133, 62.70329666137695
-12.442296981811523, 24.642715454101562, -1.0072605609893799, -53.682857513427734, 57.182762145996094, -0.08784724771976471, -75.37775421142578, 128.6800079345703
-12.794058799743652, 22.609678268432617, 16.443744659423828, -56.34090042114258, 27.367219924926758, 61.316253662109375, -63.74778366088867, 3.4938700199127197
-13.23619556427002, 13.939702987670898, 25.297595977783203, -50.88861083984375, -11.969676971435547, 82.41715240478516, -34.82128143310547, -93.39932250976562
-13.447834968566895, 9.17259407043457, 33.08543014526367, -28.89682960510254, -43.52529525756836, 64.89452362060547, 54.189002990722656, -63.15100860595703
-13.89112377166748, 1.9854588508605957, 37.68231964111328, -5.4644455909729, -74.74850463867188, 13.38028621673584, 84.2029037475586, -13.297815322875977
-14.389150619506836, -4.695140361785889, 34.875370025634766, 23.827133178710938, -76.43831634521484, -55.04011535644531, 63.85825729370117, 51.427608489990234
-13.775649070739746, -10.950174331665039, 33.092037200927734, 50.93440246582031, -32.88321304321289, -96.76416778564453, -3.5966274738311768, 78.73237609863281
-13.97700309753418, -16.009902954101562, 18.34909439086914, 54.42610549926758, 11.055196762084961, -80.99175262451172, -91.6307373046875, 20.236286163330078
-12.857953071594238, -21.163860321044922, 6.109794616699219, 43.45454406738281, 61.82107925415039, -16.21957015991211, -115.59474182128906, -69.16447448730469
-11.540862083435059, -25.479887008666992, -8.15889835357666, 39.791343688964844, 56.226505279541016, 45.02690887451172, -47.70673370361328, -143.73876953125
-10.581308364868164, -29.689794540405273, -25.993684768676758, 14.02771282196045, 66.9326171875, 69.42674255371094, 27.528465270996094, -30.35187339782715
-9.437210083007812, -26.634532928466797, -32.592769622802734, -14.545928955078125, 30.322357177734375, 62.26070785522461, 78.93465423583984, 52.477413177490234
-8.373950958251953, -27.951457977294922, -41.64521789550781, -42.13742446899414, -11.329056739807129, 30.751920700073242, 104.1342544555664, 80.1298599243164
-7.009036064147949, -24.615819931030273, -46.92335891723633, -64.02037811279297, -45.075218200683594, -34.8272819519043, 9.501340866088867, 43.38220977783203
-4.978343486785889, -19.62673568725586, -41.083770751953125, -57.00633239746094, -61.89738845825195, -94.20233154296875, -75.86217498779297, -61.62074661254883
-3.4347851276397705, -12.215872764587402, -27.205598831176758, -44.4806022644043, -48.00494384765625, -69.31925964355469, -72.41071319580078, -117.54969024658203
-1.8018748760223389, -6.075207233428955, -11.01157283782959, -23.19797134399414, -32.39699935913086, -41.59196853637695, -35.742034912109375, -53.74964141845703
2.888296025960191e-11, 1.5418345928192139, 4.616025924682617, 8.822351455688477, 15.18580436706543, 21.455951690673828, 30.595895767211914, 44.46836853027344
1.8505316972732544, 9.109688758850098, 20.156906127929688, 33.852500915527344, 41.38972854614258, 91.76558685302734, 71.76457214355469, 141.95028686523438
3.6004183292388916, 14.660516738891602, 28.67466926574707, 45.759002685546875, 64.96611022949219, 76.3316650390625, 84.08552551269531, 54.08065414428711
5.380671501159668, 22.042940139770508, 41.505706787109375, 53.32426834106445, 56.02928924560547, 36.36684036254883, 23.105634689331055, -26.117172241210938
6.738152980804443, 25.525888442993164, 41.05366897583008, 49.133949279785156, 32.402828216552734, -9.099802017211914, -75.01461791992188, -110.76168060302734
7.963107585906982, 24.892732620239258, 42.37008285522461, 21.409440994262695, -14.071623802185059, -71.44731140136719, -82.58422088623047, -66.61212921142578
9.862654685974121, 27.244037628173828, 26.664403915405273, -1.5731761455535889, -65.0693359375, -61.95571517944336, -69.27349853515625, 11.002878189086914
10.963589668273926, 28.504682540893555, 18.288633346557617, -29.55621910095215, -60.626304626464844, -69.71742248535156, 17.902387619018555, 116.88312530517578
11.957779884338379, 25.54540252685547, 1.0904488563537598, -47.532432556152344, -62.81363296508789, -0.14431919157505035, 97.67229461669922, 70.88269805908203
12.667562484741211, 19.74578094482422, -13.620744705200195, -67.54924774169922, -32.11153030395508, 69.57108306884766, 113.93695068359375, 2.4680142402648926
13.161430358886719, 16.26338005065918, -24.085681915283203, -60.61582565307617, 16.217960357666016, 68.4863510131836, 32.61728286743164, -103.70414733886719
13.630725860595703, 9.639527320861816, -39.487518310546875, -36.14982986450195, 42.30977249145508, 66.43321228027344, -36.1051025390625, -100.12866973876953
14.486289024353027, 2.1707775592803955, -43.50263595581055, -5.0393266677856445, 77.60442352294922, 13.0400390625, -85.43452453613281, -11.777313232421875
14.522872924804688, -4.604831695556641, -40.513179779052734, 18.480628967285156, 57.91216278076172, -43.77824783325195, -84.32231903076172, 88.2513198852539
14.006447792053223, -10.792217254638672, -37.54302215576172, 46.64387512207031, 31.35594367980957, -80.38197326660156, 4.512303352355957, 94.74308013916016
13.671390533447266, -17.88739776611328, -19.641632080078125, 48.36216735839844, -12.137171745300293, -60.06108856201172, 77.08638000488281, 23.891157150268555
12.501779556274414, -24.331178665161133, -7.197336673736572, 54.859920501708984, -43.26841354370117, -20.52073860168457, 129.0916290283203, -84.74565887451172
12.511704444885254, -28.765487670898438, 9.04477310180664, 42.00324249267578, -87.13750457763672, 38.20248031616211, 44.38855743408203, -81.06954193115234
10.397448539733887, -25.998933792114258, 24.247243881225586, 13.978686332702637, -64.40669250488281, 100.424560546875, -45.16634750366211, -38.11061477661133
10.004293441772461, -29.004981994628906, 35.13683319091797, -17.234825134277344, -31.68980598449707, 77.94039916992188, -72.83817291259766, 86.91603088378906
8.216788291931152, -25.100236892700195, 46.58376693725586, -38.124725341796875, 14.027663230895996, 31.04570770263672, -92.59077453613281, 106.97110748291016
6.533224582672119, -21.629539489746094, 46.2098503112793, -51.78038024902344, 62.57154083251953, -35.2238655090332, -9.631994247436523, 67.1479721069336
5.2765302658081055, -19.39912223815918, 34.95777893066406, -51.1063117980957, 75.49473571777344, -97.00446319580078, 46.59322738647461, -38.0061149597168
3.6807072162628174, -13.355436325073242, 26.332035064697266, -42.52818298339844, 57.29662322998047, -84.49820709228516, 120.86309814453125, -70.55712127685547
1.7317920923233032, -5.5410614013671875, 12.789807319641113, -17.058061599731445, 25.09390640258789, -29.689586639404297, 42.661399841308594, -79.61918640136719
-3.037083085022374e-11, 1.33674955368042, -4.304205417633057, 7.30037260055542, -10.89398193359375, 20.02336883544922, -37.94829559326172, 30.485889434814453
-1.7799867391586304, 9.034933090209961, -21.9234561920166, 37.67414474487305, -41.578338623046875, 50.2468147277832, -61.57168960571289, 73.99087524414062
-3.457462787628174, 15.498529434204102, -30.63849449157715, 53.88650894165039, -81.01314544677734, 85.91532135009766, -80.87571716308594, 64.20743560791016
-5.142270565032959, 19.959062576293945, -38.57205581665039, 53.63250732421875, -62.27008819580078, 57.06096267700195, -22.010498046875, -16.420631408691406
-6.480938911437988, 23.041494369506836, -41.78038787841797, 44.29112243652344, -30.82711410522461, -9.31241226196289, 72.11064147949219, -138.65170288085938
-8.376052856445312, 26.014938354492188, -41.86963653564453, 21.542272567749023, 11.280801773071289, -59.05300521850586, 122.6500015258789, -94.38617706298828
-9.901906967163086, 28.613807678222656, -32.10694885253906, -1.4005064964294434, 56.772891998291016, -66.24444580078125, 77.6955337524414, 8.434654235839844
-11.328876495361328, 26.74045181274414, -17.750417709350586, -28.939584732055664, 72.15155029296875, -75.24149322509766, -20.443416595458984, 131.79432678222656
-12.14363956451416, 23.709857940673828, -1.0217304229736328, -50.604671478271484, 55.14104461669922, -0.13514171540737152, -105.4832992553711, 115.93916320800781
-12.22203254699707, 22.290821075439453, 12.844411849975586, -45.94052505493164, 32.630924224853516, 64.21675109863281, -85.21253967285156, 2.68390154838562
-13.172377586364746, 15.485250473022461, 24.93876838684082, -50.55923843383789, -12.250297546386719, 60.15749740600586, -22.66144371032715, -95.92237854003906
-14.53137493133545, 9.505256652832031, 42.938743591308594, -35.208473205566406, -56.44480514526367, 72.675537109375, 47.417236328125, -118.7039794921875
-14.594470024108887, 2.0567357540130615, 44.08743667602539, -5.942568778991699, -80.5957260131836, 8.782578468322754, 93.1966552734375, -23.538301467895508
-14.20102310180664, -4.69772481918335, 45.80353546142578, 24.83600425720215, -66.3387222290039, -38.17667007446289, 78.92005920410156, 95.56976318359375
-13.378127098083496, -10.765767097473145, 32.39175796508789, 52.309207916259766, -26.372400283813477, -62.99348068237305, -3.1824018955230713, 88.3134536743164
-13.839865684509277, -16.146690368652344, 20.810110092163086, 61.60003662109375, 13.342082977294922, -76.99226379394531, -67.48860168457031, 21.01690101623535
-12.374317169189453, -24.209121704101562, 6.5072126388549805, 56.57712936401367, 57.85649108886719, -24.87477684020996, -108.65257263183594, -67.93120574951172
-11.725076675415039, -24.638710021972656, -8.381967544555664, 34.862247467041016, 82.74288940429688, 31.577720642089844, -43.28060531616211, -148.30638122558594
-11.223655700683594, -25.68735694885254, -26.996732711791992, 13.12228775024414, 62.988468170166016, 83.0601806640625, 39.93689727783203, -42.31786346435547
-9.232562065124512, -28.32554054260254, -36.9853630065918, -16.013364791870117, 32.51923370361328, 67.84855651855469, 90.6713638305664, 64.36338806152344
-8.08919906616211, -24.341005325317383, -40.62725067138672, -34.21205139160156, -17.513681411743164, 33.96743392944336, 102.58071899414062, 108.54810333251953
-6.561281204223633, -24.905263900756836, -36.141929626464844, -52.63876724243164, -39.380531311035156, -39.08634948730469, 6.489706993103027, 60.177894592285156
-5.199559688568115, -17.49744987487793, -33.80467224121094, -46.32900619506836, -76.24121856689453, -57.66495895385742, -54.46853256225586, -41.97794723510742
-3.4986512660980225, -12.69879150390625, -26.896268844604492, -46.76953887939453, -74.05638885498047, -98.5037841796875, -111.85942077636719, -68.01919555664062
-1.835627555847168, -5.375546932220459, -11.089138984680176, -23.3804931640625, -27.980510711669922, -43.37620544433594, -50.365272521972656, -79.08698272705078
3.0096248410105275e-11, 1.327239751815796, 4.213135242462158, 9.248661041259766, 17.019865036010742, 22.72016716003418, 23.842632293701172, 36.322513580322266
1.7992552518844604, 7.8185601234436035, 17.17597198486328, 30.58283805847168, 60.85276794433594, 66.6639404296875, 102.64850616455078, 81.66043090820312
3.3698012828826904, 14.671895027160645, 27.911846160888672, 45.084571838378906, 61.64991760253906, 85.95225524902344, 95.54419708251953, 57.44244384765625
5.273765563964844, 19.39431381225586, 38.55030822753906, 61.85845184326172, 65.85919189453125, 56.2403450012207, 24.44942283630371, -24.54812240600586
7.1475324630737305, 25.27415657043457, 45.60511779785156, 50.0152587890625, 29.399137496948242, -8.087265968322754, -53.414947509765625, -110.56571960449219
8.238245964050293, 26.980852127075195, 43.70450210571289, 20.879274368286133, -15.559542655944824, -78.15438079833984, -81.91783905029297, -68.79347229003906
9.724675178527832, 30.389131546020508, 26.572948455810547, -1.2931264638900757, -42.916709899902344, -105.09768676757812, -73.07540893554688, 13.980655670166016
10.85909652709961, 29.426551818847656, 18.324291229248047, -28.236682891845703, -61.45560836791992, -57.351531982421875, 15.06782341003418, 131.9293212890625
12.454026222229004, 24.840105056762695, 0.9715064167976379, -52.57719421386719, -62.41889572143555, -0.1152716800570488, 88.29871368408203, 134.4416046142578
13.372607231140137, 20.07152557373047, -14.93868350982666, -52.52023696899414, -35.12683868408203, 54.83213806152344, 81.63861083984375, 3.403719902038574
12.903882026672363, 14.153080940246582, -25.25316619873047, -54.30567932128906, 12.258272171020508, 71.33349609375, 24.632051467895508, -114.34989166259766
14.50124454498291, 8.224403381347656, -42.41983413696289, -29.084674835205078, 62.871517181396484, 64.79794311523438, -47.72627258300781, -101.285400390625
14.781560897827148, 1.9286664724349976, -38.599693298339844, -4.706527233123779, 59.79426574707031, 10.771138191223145, -81.66973876953125, -18.892580032348633
13.499883651733398, -4.652513027191162, -42.0730094909668, 22.562341690063477, 59.42150115966797, -45.00005340576172, -56.463653564453125, 108.51179504394531
13.392768859863281, -12.778227806091309, -34.03034591674805, 50.757850646972656, 25.6441707611084, -87.44706726074219, 4.861188888549805, 65.17489624023438
13.639742851257324, -18.573143005371094, -22.133140563964844, 61.31266784667969, -10.633909225463867, -90.9768295288086, 66.79586791992188, 42.5278205871582
12.386411666870117, -23.418397903442383, -7.219951152801514, 54.95457077026367, -61.04662322998047, -24.742822647094727, 112.85307312011719, -47.44256591796875
11.876270294189453, -27.427818298339844, 9.014586448669434, 43.698238372802734, -79.71973419189453, 31.570785522460938, 55.25714111328125, -80.0250244140625
10.667874336242676, -28.140338897705078, 22.155969619750977, 13.597029685974121, -58.31231689453125, 78.39253997802734, -52.763206481933594, -51.057289123535156
9.701988220214844, -30.722734451293945, 30.727807998657227, -17.658113479614258, -30.83893585205078, 63.51797103881836, -72.2034912109375, 85.06395721435547
8.306857109069824, -26.734281539916992, 39.363094329833984, -33.52854919433594, 12.31061840057373, 22.72605323791504, -85.67462158203125, 100.08493041992188
6.947960376739502, -22.678733825683594, 41.24050521850586, -61.76303482055664, 46.445777893066406, -31.408859252929688, -8.814018249511719, 76.15077209472656
5.396792411804199, -19.806798934936523, 35.399200439453125, -57.42533874511719, 73.88239288330078, -86.68966674804688, 73.66927337646484, -62.789581298828125
3.4980976581573486, -12.875494956970215, 26.496633529663086, -46.10443878173828, 62.34668731689453, -96.89276885986328, 115.09093475341797, -122.87010955810547
1.8552982807159424, -5.972726821899414, 13.241751670837402, -18.606910705566406, 29.940305709838867, -29.758703231811523, 69.83506774902344, -67.95964050292969
-3.141513438276178e-11, 1.4671443700790405, -4.650052070617676, 9.960906028747559, -13.169524192810059, 24.588077545166016, -25.665843963623047, 27.600194931030273
-1.7825247049331665, 8.8410005569458, -21.370847702026367, 34.392059326171875, -63.545982360839844, 54.482460021972656, -123.30204772949219, 154.00558471679688
-3.670753240585327, 15.083311080932617, -27.554439544677734, 52.082096099853516, -81.41959381103516, 61.98374938964844, -65.82667541503906, 71.08153533935547
-5.46227502822876, 19.03545379638672, -35.1188850402832, 49.00648880004883, -57.976783752441406, 40.8426399230957, -21.839609146118164, -32.01753616333008
-7.010532855987549, 22.152475357055664, -46.42205810546875, 44.99327087402344, -30.1562442779541, -12.087414741516113, 65.99850463867188, -81.9156494140625
-8.223461151123047, 29.346054077148438, -43.53750991821289, 25.904577255249023, 17.197546005249023, -78.10577392578125, 107.59329223632812, -82.34893798828125
-9.480806350708008, 25.683216094970703, -30.67922592163086, -1.2776621580123901, 50.386871337890625, -59.86495590209961, 77.57432556152344, 14.775407791137695
-10.381093978881836, 26.55225372314453, -17.041574478149414, -29.749591827392578, 81.90359497070312, -45.942996978759766, -12.87203598022461, 115.50606536865234
-11.771950721740723, 22.48560333251953, -1.184461236000061, -53.43458557128906, 48.958168029785156, -0.08265900611877441, -61.016963958740234, 108.86326599121094
-12.36785888671875, 21.70467758178711, 15.22993278503418, -56.453975677490234, 28.288604736328125, 59.45083236694336, -62.38353729248047, 2.0248987674713135
-13.124363899230957, 16.152368545532227, 31.252479553222656, -41.35563278198242, -16.17888641357422, 77.547119140625, -39.35865783691406, -63.91028594970703
