8.110467910766602, 30.013126373291016, 36.40837097167969, 23.9725284576416, -12.657082557678223, -56.086448669433594, -102.00965881347656, -122.91693878173828
9.709397315979004, 27.635833740234375, 26.228015899658203, -1.636418104171753, -49.29488754272461, -90.8302001953125, -45.64118957519531, 9.320239067077637
10.581437110900879, 28.183380126953125, 15.737293243408203, -29.18739891052246, -75.37356567382812, -71.18698120117188, 20.959962844848633, 77.80327606201172
11.874882698059082, 26.394603729248047, 0.9798792004585266, -53.83038330078125, -76.33373260498047, -0.11314195394515991, 86.06510925292969, 135.00941467285156
12.748446464538574, 19.510738372802734, -16.358144760131836, -50.925907135009766, -26.762683868408203, 41.22873306274414, 69.96012878417969, 2.5623788833618164
13.187870025634766, 15.917623519897461, -32.14534378051758, -47.95197296142578, 11.829734802246094, 90.90802764892578, 38.54182815551758, -106.2753677368164
13.687164306640625, 9.840970993041992, -38.74384689331055, -28.207630157470703, 62.30015563964844, 83.15635681152344, -50.48181915283203, -141.03887939453125
13.416776657104492, 2.292182445526123, -36.31114196777344, -6.114047527313232, 81.95391082763672, 9.71085262298584, -121.25359344482422, -21.96342658996582
13.968671798706055, -4.672792911529541, -45.798194885253906, 25.05425262451172, 75.22197723388672, -38.35402297973633, -52.74418258666992, 114.82351684570312
13.53493881225586, -11.037461280822754, -29.95558738708496, 46.36689376831055, 35.9611701965332, -68.42874908447266, 4.771224021911621, 94.98219299316406
14.011872291564941, -19.0031795501709, -21.68296241760254, 61.61309051513672, -12.984647750854492, -78.23236846923828, 69.0826416015625, 35.360687255859375
13.322649955749512, -24.860309600830078, -7.311864852905273, 44.08950424194336, -58.925968170166016, -15.624528884887695, 64.65982818603516, -84.68585968017578
11.771756172180176, -24.666637420654297, 8.819710731506348, 35.09906005859375, -68.57706451416016, 34.19865798950195, 33.71266174316406, -105.64148712158203
11.400508880615234, -27.06569480895996, 21.590240478515625, 13.198895454406738, -61.494873046875, 91.12147521972656, -50.417808532714844, -48.33045959472656
9.360095024108887, -29.74817657470703, 38.335391998291016, -12.427597045898438, -29.915456771850586, 67.9670639038086, -103.13972473144531, 39.2001953125
8.508316040039062, -25.700029373168945, 36.265907287597656, -33.71696090698242, 10.858831405639648, 37.9653434753418, -84.15931701660156, 72.86531829833984
6.6139421463012695, -23.104637145996094, 44.7187385559082, -64.73197937011719, 57.6954231262207, -22.608013153076172, -6.723708629608154, 72.43065643310547
5.375600814819336, -16.90943717956543, 39.150657653808594, -58.292972564697266, 79.85667419433594, -60.99444580078125, 88.27781677246094, -56.40862274169922
3.6880197525024414, -11.146652221679688, 22.567588806152344, -51.11960220336914, 55.03986358642578, -70.94929504394531, 113.1144790649414, -155.91493225097656
1.728618860244751, -6.140279769897461, 11.821500778198242, -18.44672393798828, 35.42810821533203, -32.814971923828125, 53.073753356933594, -87.73930358886719
-3.523985270259544e-11, 1.531821846961975, -4.305516719818115, 7.560967922210693, -11.781987190246582, 26.546762466430664, -35.898826599121094, 38.292076110839844
-1.8412153720855713, 9.147443771362305, -18.757747650146484, 35.111351013183594, -44.28062438964844, 65.02670288085938, -115.9545669555664, 149.3349151611328
-3.621058225631714, 16.165550231933594, -33.5716667175293, 50.45977020263672, -62.36943054199219, 101.18547821044922, -108.75450134277344, 80.59049224853516
-5.243716239929199, 19.000394821166992, -34.00590515136719, 62.478981018066406, -51.64175796508789, 56.85537338256836, -15.162274360656738, -24.210914611816406
-6.9766926765441895, 24.792003631591797, -47.34663391113281, 48.5236701965332, -22.37079429626465, -8.239813804626465, 51.64590072631836, -78.22232055664062
-8.318212509155273, 27.637773513793945, -36.56146240234375, 28.400035858154297, 17.143030166625977, -50.68342590332031, 81.67761993408203, -87.59622955322266
-9.433223724365234, 27.92399787902832, -26.406362533569336, -1.2544758319854736, 49.94350051879883, -72.80691528320312, 57.503456115722656, 15.388107299804688
-10.366812705993652, 25.731412887573242, -14.491395950317383, -23.746370315551758, 57.629581451416016, -42.89289474487305, -18.35797691345215, 127.8936538696289
-12.2571382522583, 24.9525203704834, -1.0262967348098755, -41.80598068237305, 54.511268615722656, -0.12090326845645905, -72.1084976196289, 71.071533203125
-13.050806999206543, 20.737346649169922, 15.627161026000977, -64.59972381591797, 23.54631805419922, 55.11800003051758, -84.9538345336914, 2.0751125812530518
-12.862302780151367, 14.784749984741211, 25.32303237915039, -53.21949768066406, -11.5313138961792, 65.25385284423828, -42.59443664550781, -110.68610382080078
-13.215964317321777, 8.567431449890137, 37.76458740234375, -33.2106819152832, -55.52577209472656, 82.3282241821289, 66.73429107666016, -79.57601928710938
-14.19256591796875, 2.2611541748046875, 37.033111572265625, -6.078598499298096, -73.26170349121094, 13.417386054992676, 126.15216827392578, -21.643878936767578
-13.920344352722168, -4.832634449005127, 45.94949722290039, 23.25278091430664, -70.61233520507812, -53.37858200073242, 85.66915130615234, 72.98536682128906
-13.68045425415039, -12.786111831665039, 32.943504333496094, 36.402244567871094, -22.975858688354492, -66.74649047851562, -4.086511135101318, 151.6949920654297
-13.534368515014648, -17.212087631225586, 20.903051376342773, 61.519805908203125, 14.5943021774292, -51.361629486083984, -74.25201416015625, 37.34033203125
-12.659915924072266, -21.935829162597656, 5.7606916427612305, 59.08623123168945, 51.987403869628906, -23.69942855834961, -86.43538665771484, -104.81005859375
-11.920255661010742, -25.71468734741211, -9.171060562133789, 34.0849609375, 58.172969818115234, 43.43997573852539, -35.48172378540039, -87.7747802734375
-10.404447555541992, -30.31399154663086, -27.41805648803711, 12.323654174804688, 50.50142288208008, 89.18145751953125, 37.40102767944336, -59.08977508544922
-10.16201400756836, -29.989212036132812, -35.16844177246094, -13.539341926574707, 29.79435157775879, 58.140499114990234, 65.8012466430664, 73.24356079101562
-8.674149513244629, -28.128952026367188, -43.4805908203125, -32.404754638671875, -17.160629272460938, 30.745807647705078, 106.15276336669922, 96.17118072509766
-7.147585868835449, -20.81351089477539, -36.001712799072266, -49.980525970458984, -47.07353591918945, -39.746063232421875, 7.863112926483154, 75.60530090332031
-5.238985061645508, -18.727619171142578, -37.75123596191406, -51.64936828613281, -81.80303955078125, -84.82463836669922, -61.37289810180664, -65.9546127319336
-3.361102342605591, -12.390880584716797, -26.055627822875977, -38.25526809692383, -51.86717224121094, -61.08070373535156, -75.61163330078125, -129.0950927734375
-1.741316795349121, -5.565248489379883, -10.766987800598145, -17.606271743774414, -23.289196014404297, -34.65049743652344, -61.95501708984375, -47.828067779541016
3.455352670655998e-11, 1.3450820446014404, 3.899627923965454, 7.563395977020264, 16.925382614135742, 22.804229736328125, 23.650501251220703, 44.33112335205078
1.6890175342559814, 7.671161651611328, 21.460010528564453, 40.996376037597656, 46.462425231933594, 85.07115173339844, 99.88310241699219, 102.55968475341797
3.4387102127075195, 13.651666641235352, 29.77083396911621, 45.641639709472656, 68.73945617675781, 69.46592712402344, 112.69347381591797, 101.25735473632812
5.119508266448975, 22.227231979370117, 40.72122573852539, 63.917694091796875, 63.515750885009766, 58.175201416015625, 15.146833419799805, -15.648845672607422
6.4762139320373535, 26.71221351623535, 38.4218635559082, 53.15700912475586, 25.66607093811035, -7.984020709991455, -49.18486785888672, -144.92910766601562
8.553373336791992, 26.207225799560547, 34.070701599121094, 26.38603973388672, -13.731292724609375, -83.55078887939453, -93.68406677246094, -54.27339553833008
9.214649200439453, 27.9481258392334, 31.456405639648438, -1.1332030296325684, -39.88237762451172, -78.68535614013672, -62.36382293701172, 15.421103477478027
10.558076858520508, 27.51174545288086, 14.997648239135742, -24.452619552612305, -69.28353118896484, -46.091278076171875, 13.144370079040527, 110.91976165771484
12.506963729858398, 24.575834274291992, 1.0746060609817505, -42.54756164550781, -46.34613037109375, -0.12870052456855774, 105.79737854003906, 116.28389739990234
13.387655258178711, 22.338037490844727, -15.230389595031738, -49.42774200439453, -30.842544555664062, 53.52058792114258, 71.67044067382812, 3.760709047317505
13.356555938720703, 16.245492935180664, -29.916824340820312, -40.577735900878906, 16.660871505737305, 82.5949478149414, 41.54120635986328, -122.0555648803711
13.960322380065918, 9.777090072631836, -40.6834831237793, -29.527429580688477, 46.56075668334961, 53.551116943359375, -40.103904724121094, -110.43277740478516
13.867619514465332, 2.2069597244262695, -42.982666015625, -5.349976539611816, 59.17820358276367, 12.778837203979492, -130.1474609375, -16.73006248474121
14.090163230895996, -5.165583610534668, -36.16867446899414, 25.432348251342773, 63.74557113647461, -45.75836944580078, -73.91362762451172, 99.84343719482422
13.30064582824707, -12.823773384094238, -38.06711196899414, 43.24427032470703, 33.678627014160156, -85.04053497314453, 5.947122097015381, 103.9624252319336
13.769206047058105, -16.025283813476562, -23.211809158325195, 57.003780364990234, -16.340402603149414, -50.973594665527344, 82.49091339111328, 30.4112548828125
12.94731616973877, -20.665508270263672, -7.0007195472717285, 63.58539962768555, -48.25181198120117, -22.031099319458008, 120.1401138305664, -96.24383544921875
11.35607624053955, -24.553565979003906, 8.458281517028809, 34.2205810546875, -58.176700592041016, 33.962955474853516, 47.27458572387695, -126.38346099853516
11.312113761901855, -29.177248001098633, 26.686283111572266, 11.26936149597168, -53.18898391723633, 85.51935577392578, -27.292104721069336, -44.53361129760742
9.535856246948242, -30.621248245239258, 31.585102081298828, -12.712754249572754, -30.935758590698242, 66.5148696899414, -115.0859375, 68.96846008300781
8.419623374938965, -24.246719360351562, 36.26176834106445, -44.22678756713867, 17.21363067626953, 32.07022476196289, -107.77301025390625, 97.62576293945312
6.71130895614624, -23.773435592651367, 47.83180618286133, -59.15965270996094, 57.275917053222656, -37.64854431152344, -5.93685245513916, 73.33562469482422
5.224555969238281, -17.210622787475586, 40.78030014038086, -55.51103973388672, 81.87605285644531, -88.21636199951172, 70.93917083740234, -71.64738464355469
3.6108644008636475, -12.845590591430664, 26.453767776489258, -40.5976448059082, 52.85485076904297, -97.11119079589844, 107.45623016357422, -110.80229949951172
1.772031545639038, -5.407509803771973, 11.040586471557617, -16.93073844909668, 29.325519561767578, -50.920433044433594, 37.946441650390625, -90.05333709716797
-3.27570470748384e-11, 1.3334033489227295, -4.6245293617248535, 7.31254243850708, -13.381006240844727, 22.0784969329834, -22.760099411010742, 32.9814567565918
-1.7264971733093262, 8.723958969116211, -17.863677978515625, 32.607521057128906, -40.22547149658203, 64.84569549560547, -65.06200408935547, 107.74594116210938
-3.4073479175567627, 14.075819969177246, -30.832788467407227, 59.56770706176758, -69.9189682006836, 98.3126449584961, -68.80828857421875, 99.27819061279297
-5.378613471984863, 20.954368591308594, -42.08949279785156, 65.44374084472656, -55.22431945800781, 56.23681640625, -24.639598846435547, -21.63579559326172
-6.939413547515869, 22.598228454589844, -39.54277038574219, 54.87588119506836, -24.46715545654297, -12.369709014892578, 61.74306106567383, -111.08387756347656
-8.265480995178223, 29.609752655029297, -36.19189453125, 23.44396209716797, 10.833844184875488, -51.98207092285156, 81.89891815185547, -92.99523162841797
-10.15988826751709, 28.496337890625, -27.171016693115234, -1.1996923685073853, 39.964630126953125, -93.48796844482422, 74.57230377197266, 7.341567516326904
-11.17420482635498, 26.893617630004883, -16.964096069335938, -31.521408081054688, 66.71321868896484, -41.127628326416016, -15.772396087646484, 73.53609466552734
-11.997702598571777, 24.588150024414062, -1.2462552785873413, -39.09856033325195, 50.46736526489258, -0.0968792736530304, -83.03741455078125, 67.1254653930664
-12.698375701904297, 19.863792419433594, 14.979857444763184, -50.54280471801758, 23.03659439086914, 63.28162384033203, -80.12342071533203, 2.5572803020477295
-13.185941696166992, 16.01251983642578, 28.54566764831543, -42.15143585205078, -13.23682689666748, 69.04303741455078, -42.13678741455078, -124.34042358398438
-14.295120239257812, 9.045502662658691, 42.23123550415039, -33.37934875488281, -59.643638610839844, 64.86729431152344, 50.624969482421875, -138.6121368408203
-13.993746757507324, 2.172487735748291, 48.24518585205078, -5.993619441986084, -87.44851684570312, 11.679378509521484, 83.6301498413086, -19.563539505004883
-14.689613342285156, -5.072288990020752, 39.805885314941406, 19.116132736206055, -75.43091583251953, -51.3316764831543, 52.46992874145508, 112.27951049804688
-14.396678924560547, -12.096848487854004, 34.456199645996094, 53.21823501586914, -34.976463317871094, -101.00052642822266, -4.48793363571167, 141.26730346679688
-13.543706893920898, -17.816112518310547, 20.14495086669922, 64.03922271728516, 15.101957321166992, -89.6396255493164, -93.33148193359375, 25.496829986572266
-12.199562072753906, -22.70147705078125, 6.4974446296691895, 55.13682174682617, 52.001930236816406, -22.27808380126953, -111.12139892578125, -55.387149810791016
-12.4411039352417, -24.49359893798828, -8.446343421936035, 35.02987289428711, 84.33140563964844, 43.935325622558594, -50.501277923583984, -129.7987060546875
-10.737263679504395, -30.034761428833008, -25.77254867553711, 13.34108829498291, 69.05370330810547, 100.54290771484375, 32.383094787597656, -55.133480072021484
-9.727010726928711, -26.137094497680664, -33.42742919921875, -17.91195297241211, 28.334753036499023, 82.21650695800781, 109.28765869140625, 79.7568588256836
-8.23303508758545, -27.421972274780273, -38.39731979370117, -39.88787078857422, -14.029115676879883, 33.33515167236328, 104.9124526977539, 129.34767150878906
-6.783641338348389, -24.503477096557617, -41.953094482421875, -50.53941345214844, -60.25419998168945, -32.21145248413086, 6.116299152374268, 54.89130783081055
-5.403095722198486, -17.102622985839844, -31.279953002929688, -48.91740417480469, -71.79478454589844, -55.16991424560547, -82.32246398925781, -60.97430419921875
-3.485358953475952, -13.257562637329102, -26.774824142456055, -46.638126373291016, -51.52534484863281, -91.04911804199219, -88.75515747070312, -150.67706298828125
-1.783366322517395, -5.753573417663574, -12.603425979614258, -20.631080627441406, -28.6950740814209, -51.41132354736328, -40.04694747924805, -42.1943359375
3.5394822489598354e-11, 1.3446531295776367, 3.974329948425293, 9.932415962219238, 13.044333457946777, 22.641090393066406, 21.591379165649414, 28.785877227783203
1.7331624031066895, 8.164779663085938, 18.66574478149414, 30.197542190551758, 44.55473327636719, 80.51480865478516, 63.34168243408203, 77.6902084350586
3.4738292694091797, 14.962407112121582, 34.38481521606445, 55.386348724365234, 70.90626525878906, 94.48664855957031, 76.8213882446289, 63.92611312866211
5.185028076171875, 18.745752334594727, 45.470096588134766, 54.794612884521484, 50.34041213989258, 41.40103530883789, 21.389455795288086, -15.955475807189941
6.8706769943237305, 25.833698272705078, 43.671504974365234, 48.8282470703125, 32.55842590332031, -10.28515911102295, -44.54222869873047, -81.6851577758789
8.635811805725098, 24.71503257751465, 42.724605560302734, 24.875545501708984, -12.749922752380371, -50.0556755065918, -124.49620819091797, -100.12964630126953
9.242341995239258, 28.170251846313477, 32.62309646606445, -1.1071287393569946, -41.99363327026367, -79.4669189453125, -42.974063873291016, 12.625288963317871
10.49019718170166, 28.07682228088379, 19.098432540893555, -22.909250259399414, -57.474021911621094, -50.43971633911133, 20.665748596191406, 70.15410614013672
12.251265525817871, 24.37205696105957, 1.163804054260254, -51.47010040283203, -69.53190612792969, -0.08464014530181885, 107.12745666503906, 85.91050720214844
13.130067825317383, 19.69045066833496, -14.79421615600586, -45.470298767089844, -29.454816818237305, 55.6612434387207, 90.79580688476562, 3.822240114212036
13.247466087341309, 14.032898902893066, -31.770952224731445, -41.624393463134766, 13.962328910827637, 107.75729370117188, 27.250572204589844, -109.1243896484375
13.60485553741455, 8.43156909942627, -33.552101135253906, -31.7696590423584, 54.798824310302734, 73.50949096679688, -50.50592041015625, -93.32841491699219
13.907576560974121, 2.04056978225708, -43.23870086669922, -5.929080009460449, 75.4498291015625, 12.788374900817871, -100.4817886352539, -14.109293937683105
14.591062545776367, -5.348320960998535, -40.51363754272461, 18.718677520751953, 76.5113754272461, -63.175716400146484, -58.151634216308594, 116.77716064453125
13.328598022460938, -10.84476089477539, -34.15885925292969, 37.258338928222656, 32.84049987792969, -73.42821502685547, 3.672499895095825, 127.0720443725586
13.996687889099121, -18.418701171875, -21.701658248901367, 50.87067413330078, -15.760857582092285, -56.17781066894531, 91.13878631591797, 30.952730178833008
12.202373504638672, -23.764057159423828, -5.587475299835205, 63.54228591918945, -42.02859878540039, -16.975683212280273, 93.8883285522461, -95.3000259399414
12.450357437133789, -27.489856719970703, 8.29849910736084, 38.535240173339844, -74.38938903808594, 37.14987564086914, 29.632383346557617, -129.06515502929688
11.256701469421387, -30.38900375366211, 23.884267807006836, 13.080279350280762, -76.87361145019531, 96.03739929199219, -51.5179443359375, -26.796091079711914
9.987752914428711, -29.924406051635742, 33.668800354003906, -15.915241241455078, -31.168758392333984, 60.14625549316406, -71.0449447631836, 82.44770050048828
8.457134246826172, -24.341035842895508, 37.608497619628906, -37.887306213378906, 13.52851676940918, 30.619699478149414, -86.08535766601562, 70.27352905273438
6.554468154907227, -22.506994247436523, 36.10764694213867, -49.1965217590332, 50.054420471191406, -22.291982650756836, -9.853279113769531, 40.66118240356445
5.1756792068481445, -18.7733211517334, 36.118141174316406, -61.41779708862305, 78.3169174194336, -70.34339141845703, 86.42692565917969, -68.3835220336914
3.638019323348999, -11.364147186279297, 24.09563446044922, -37.313350677490234, 46.52512741088867, -80.98983001708984, 81.07286834716797, -124.82255554199219
1.7285288572311401, -5.948544502258301, 10.011889457702637, -20.199600219726562, 22.167383193969727, -40.57852554321289, 40.69916915893555, -72.85264587402344
-3.301399431610008e-11, 1.3586065769195557, -3.9070827960968018, 10.012914657592773, -13.71686840057373, 20.450220108032227, -21.032541275024414, 35.666351318359375
-1.818988561630249, 8.809898376464844, -18.203184127807617, 29.501781463623047, -51.8797721862793, 85.7361831665039, -88.60092163085938, 67.3684310913086
-3.6401658058166504, 13.952370643615723, -29.29085922241211, 47.33698272705078, -74.18766021728516, 97.31815338134766, -67.60338592529297, 102.36746215820312
-5.104548931121826, 20.393901824951172, -44.6374626159668, 63.89101791381836, -61.01980972290039, 59.4597282409668, -25.739124298095703, -26.876405715942383
-6.6627092361450195, 24.228492736816406, -45.294097900390625, 55.53314971923828, -30.157329559326172, -8.078655242919922, 42.77601623535156, -99.60282135009766
-8.357535362243652, 27.61456871032715, -42.80976104736328, 21.543241500854492, 14.326807022094727, -48.14033508300781, 122.57396697998047, -77.83294677734375
-10.059344291687012, 26.885440826416016, -34.03116226196289, -1.1941102743148804, 64.65723419189453, -85.79631042480469, 67.26116180419922, 12.817708015441895
-11.2483549118042, 28.920434951782227, -15.881633758544922, -23.17326545715332, 64.59127044677734, -42.22126770019531, -22.04562759399414, 139.71546936035156
-11.684141159057617, 24.772254943847656, -1.1829724311828613, -46.384307861328125, 55.47501754760742, -0.14092209935188293, -60.57868957519531, 98.3360366821289
-12.428349494934082, 21.95732879638672, 12.778223037719727, -55.878814697265625, 23.450395584106445, 59.79868698120117, -76.03504180908203, 3.879859447479248
-13.827571868896484, 15.048768997192383, 26.578704833984375, -46.5339469909668, -15.775368690490723, 94.62105560302734, -21.379638671875, -122.42300415039062
-14.087870597839355, 9.740729331970215, 34.89712142944336, -36.630523681640625, -41.26811599731445, 61.328369140625, 66.93704223632812, -133.70616149902344
-13.529129028320312, 2.111142158508301, 38.960166931152344, -5.999325275421143, -56.66047286987305, 11.54360580444336, 114.54632568359375, -21.677295684814453
-13.77324390411377, -5.216032028198242, 39.657222747802734, 20.14916229248047, -46.30449676513672, -57.4391975402832, 71.51700592041016, 103.58516693115234
-13.70701789855957, -12.43505573272705, 37.135711669921875, 37.324378967285156, -25.821414947509766, -105.38033294677734, -4.5572428703308105, 97.27027130126953
-13.687630653381348, -16.22261619567871, 20.776670455932617, 52.83274459838867, 12.758101463317871, -85.89434814453125, -75.52531433105469, 22.886445999145508
-12.415570259094238, -23.266572952270508, 5.658745765686035, 59.74198532104492, 53.016746520996094, -17.123395919799805, -79.31693267822266, -69.51118469238281
-12.099892616271973, -24.916791915893555, -10.599385261535645, 42.94155502319336, 69.41666412353516, 47.89908218383789, -55.95953369140625, -136.59674072265625
-10.519161224365234, -30.61419105529785, -25.72085952758789, 10.317900657653809, 59.09250259399414, 101.03328704833984, 36.0206298828125, -29.287256240844727
-9.379928588867188, -30.764280319213867, -32.88056182861328, -14.976633071899414, 25.89134979248047, 62.271263122558594, 65.67705535888672, 64.39630126953125
-8.054228782653809, -27.99444007873535, -35.73955535888672, -43.46929168701172, -11.024759292602539, 39.26850891113281, 57.62100601196289, 121.30392456054688
-6.601299285888672, -21.44120216369629, -39.81363296508789, -50.82517623901367, -50.646541595458984, -27.795047760009766, 5.042281627655029, 49.676387786865234
-5.3251142501831055, -17.31505584716797, -31.35504913330078, -55.67713928222656, -60.05491256713867, -87.31346893310547, -92.33426666259766, -49.54930114746094
-3.6900103092193604, -13.11844253540039, -24.883121490478516, -47.68880844116211, -57.485069274902344, -103.70623779296875, -108.08231353759766, -72.5645523071289
-1.7915080785751343, -5.162320137023926, -11.77074909210205, -18.1672306060791, -24.00762176513672, -43.4338493347168, -64.70370483398438, -54.4555778503418
3.5117513064175654e-11, 1.5267356634140015, 3.9308459758758545, 7.6627302169799805, 13.04481315612793, 22.77776527404785, 26.170684814453125, 38.445552825927734
1.7851167917251587, 7.609333515167236, 20.42328453063965, 29.46208381652832, 45.40425109863281, 77.86493682861328, 64.64448547363281, 77.77337646484375
3.368102788925171, 15.467748641967773, 36.72746276855469, 48.715084075927734, 74.47747802734375, 107.01547241210938, 94.23078155517578, 70.01163482666016
5.199044227600098, 19.310218811035156, 36.97970962524414, 62.78101348876953, 49.191810607910156, 62.885963439941406, 17.876081466674805, -33.2764892578125
7.062018871307373, 23.259033203125, 48.58018493652344, 54.98768997192383, 31.676435470581055, -8.552587509155273, -44.73979568481445, -125.71358489990234
8.339120864868164, 26.338134765625, 33.110801696777344, 29.075950622558594, -17.185161590576172, -49.06785583496094, -71.31163024902344, -103.44053649902344
10.140487670898438, 28.512653350830078, 33.23859786987305, -1.325123906135559, -42.28034973144531, -105.30936431884766, -50.00471115112305, 7.780378341674805
10.38552188873291, 25.518638610839844, 16.074495315551758, -26.94285011291504, -71.7213134765625, -52.223270416259766, 22.149858474731445, 74.47761535644531
11.579533576965332, 27.10025978088379, 1.0487838983535767, -49.276100158691406, -74.22535705566406, -0.1339482218027115, 64.64143371582031, 135.22499084472656
12.205510139465332, 22.274927139282227, -16.6214656829834, -65.35198974609375, -30.139617919921875, 45.105690002441406, 98.91632843017578, 1.9519991874694824
13.033463478088379, 16.60448455810547, -25.41437339782715, -42.928043365478516, 10.576234817504883, 69.66121673583984, 21.759540557861328, -110.49394989013672
13.202652931213379, 9.688799858093262, -40.01704025268555, -38.175567626953125, 45.44355773925781, 53.455265045166016, -61.56575012207031, -106.2614517211914
13.573513984680176, 1.9639090299606323, -46.459686279296875, -5.961315155029297, 79.79631042480469, 12.585569381713867, -125.98553466796875, -16.02565574645996
13.779876708984375, -5.240258693695068, -43.09807205200195, 17.720489501953125, 47.28831100463867, -55.209835052490234, -86.03295135498047, 98.47564697265625
14.479325294494629, -11.844810485839844, -36.8670539855957, 45.49835205078125, 31.842121124267578, -107.27774810791016, 4.574061393737793, 72.85033416748047
13.625921249389648, -19.35299301147461, -19.194372177124023, 62.972660064697266, -11.170778274536133, -77.20233154296875, 97.98660278320312, 39.35715866088867
12.415888786315918, -22.83509635925293, -7.2425856590271, 44.236297607421875, -56.03982162475586, -24.468826293945312, 125.25070190429688, -94.21220397949219
11.773083686828613, -25.251819610595703, 9.560394287109375, 37.813743591308594, -77.83299255371094, 32.99777603149414, 41.050933837890625, -128.0648956298828
11.129794120788574, -29.131572723388672, 26.7341365814209, 10.992342948913574, -52.742759704589844, 87.05582427978516, -29.734216690063477, -42.705562591552734
10.04401969909668, -30.4779052734375, 36.491661071777344, -15.534912109375, -25.768917083740234, 71.22187042236328, -105.31843566894531, 66.94490051269531
8.449766159057617, -25.538780212402344, 43.65937805175781, -32.934329986572266, 14.35923957824707, 28.05278968811035, -60.6925163269043, 120.74020385742188
7.012685298919678, -22.805294036865234, 39.39540481567383, -54.864707946777344, 55.97090148925781, -29.75048828125, -8.56230640411377, 65.61034393310547
5.375144004821777, -17.247303009033203, 36.85633850097656, -63.67655944824219, 62.3564453125, -92.42817687988281, 81.70553588867188, -57.96654510498047
3.4832475185394287, -11.926383972167969, 26.39908218383789, -40.1103401184082, 64.26750946044922, -91.2064437866211, 78.27277374267578, -75.58065795898438
1.7087846994400024, -5.734425067901611, 11.7641019821167, -16.321977615356445, 34.833717346191406, -31.75950050354004, 54.20359802246094, -51.72814178466797
-3.551505617371831e-11, 1.346127986907959, -4.028106689453125, 9.581964492797852, -14.44626522064209, 15.5513277053833, -20.853483200073242, 51.27761459350586
-1.7137724161148071, 9.205142974853516, -21.272323608398438, 32.16646957397461, -49.10693359375, 89.32260131835938, -67.77755737304688, 69.63873291015625
-3.436455726623535, 13.70974349975586, -33.315773010253906, 48.59955978393555, -71.16381072998047, 89.19778442382812, -87.6732406616211, 85.42134094238281
-5.136125087738037, 20.408361434936523, -37.09311294555664, 59.501766204833984, -64.93072509765625, 41.78560256958008, -14.150400161743164, -31.036256790161133
-7.048825263977051, 26.604455947875977, -36.65909194946289, 49.115909576416016, -23.570831298828125, -10.853374481201172, 54.29872512817383, -75.39392852783203
-7.998879432678223, 26.426904678344727, -40.83496856689453, 28.319419860839844, 10.85541820526123, -47.65912628173828, 126.37432098388672, -100.51358795166016
-10.041439056396484, 25.788970947265625, -29.14885902404785, -1.5104275941848755, 45.30549621582031, -98.11628723144531, 81.29695892333984, 11.794852256774902
-10.419512748718262, 27.746685028076172, -14.629215240478516, -28.226839065551758, 79.41458129882812, -68.44561004638672, -15.263503074645996, 116.42484283447266
-12.149443626403809, 24.870054244995117, -1.0476628541946411, -55.29591369628906, 63.6970329284668, -0.09376901388168335, -114.04154968261719, 87.01744842529297
-12.46080207824707, 18.887561798095703, 13.049188613891602, -52.15250015258789, 33.94623947143555, 52.24532699584961, -108.91643524169922, 1.9041465520858765
-13.510087013244629, 14.890953063964844, 31.351850509643555, -53.91468811035156, -16.01894187927246, 62.69163131713867, -21.97527313232422, -121.63849639892578
-13.933751106262207, 8.520856857299805, 37.45615005493164, -27.570770263671875, -55.90483474731445, 56.21912384033203, 57.26164245605469, -138.28271484375
-13.887842178344727, 1.9958832263946533, 44.02266311645508, -5.128201961517334, -84.76617431640625, 8.577244758605957, 126.46513366699219, -17.658281326293945
-13.644472122192383, -5.1721906661987305, 35.10476303100586, 19.5141544342041, -74.37755584716797, -61.00440979003906, 55.52705764770508, 67.30785369873047
-13.208430290222168, -10.735214233398438, 30.754676818847656, 48.062191009521484, -29.796499252319336, -66.1567611694336, -5.023271083831787, 102.51026153564453
-13.164931297302246, -18.0587100982666, 19.360675811767578, 62.27530288696289, 14.279637336730957, -70.99488067626953, -78.55148315429688, 27.264108657836914
-12.487796783447266, -22.93958282470703, 6.459940433502197, 58.09247589111328, 47.06096649169922, -26.499576568603516, -82.93135833740234, -74.53311920166016
-12.403694152832031, -24.49637794494629, -9.419178009033203, 30.764738082885742, 79.71068572998047, 46.69920349121094, -56.1788330078125, -74.96190643310547
-10.911993026733398, -25.309045791625977, -23.10127067565918, 13.339155197143555, 73.11422729492188, 66.3302230834961, 43.50307846069336, -35.74755859375
-9.857686996459961, -27.83797836303711, -31.915565490722656, -16.848621368408203, 31.692737579345703, 54.96938705444336, 96.51200866699219, 73.98043823242188
-8.697578430175781, -24.31789207458496, -39.32516098022461, -37.470157623291016, -16.627899169921875, 40.003822326660156, 108.70914459228516, 125.48124694824219
-6.6288323402404785, -23.34220314025879, -47.32992935180664, -50.54354476928711, -40.43037414550781, -29.048494338989258, 7.032768249511719, 49.6055908203125
-5.339459419250488, -19.670074462890625, -40.48191833496094, -57.10755920410156, -70.97776794433594, -85.33584594726562, -47.30601501464844, -69.53279876708984
-3.457041025161743, -11.145220756530762, -22.029653549194336, -43.79613494873047, -71.82634735107422, -80.98501586914062, -128.65492248535156, -82.71165466308594
-1.7147936820983887, -5.7700653076171875, -11.241361618041992, -18.65216064453125, -31.054994583129883, -52.659793853759766, -38.05774688720703, -64.28627014160156
3.480853105752857e-11, 1.5099302530288696, 4.155217170715332, 10.065702438354492, 12.188523292541504, 18.560022354125977, 23.85269546508789, 44.4179573059082
1.776099681854248, 7.822573661804199, 20.849184036254883, 32.34846115112305, 58.42389678955078, 75.44164276123047, 85.29133605957031, 86.46577453613281
3.6250483989715576, 15.143194198608398, 31.181520462036133, 58.93215560913086, 61.389556884765625, 105.83989715576172, 104.59706115722656, 72.97062683105469
5.3623809814453125, 20.405529022216797, 45.60379409790039, 58.268680572509766, 72.27934265136719, 57.007747650146484, 25.61328125, -20.498645782470703
6.875940799713135, 23.51354217529297, 45.75708770751953, 49.03116226196289, 33.234092712402344, -11.436988830566406, -55.858707427978516, -84.19683837890625
8.071359634399414, 27.85886001586914, 36.5510139465332, 21.03581428527832, -15.256855964660645, -70.2167739868164, -130.3004913330078, -80.85746002197266
9.339213371276855, 30.35495948791504, 26.120988845825195, -1.5853487253189087, -39.50935745239258, -105.42543029785156, -68.27496337890625, 10.17016887664795
10.495936393737793, 29.225231170654297, 18.467622756958008, -26.128875732421875, -81.78663635253906, -54.29108428955078, 13.658803939819336, 61.073211669921875
11.480749130249023, 23.78305435180664, 0.9506392478942871, -55.60395812988281, -64.21149444580078, -0.09636980295181274, 114.38671875, 103.75640106201172
12.743431091308594, 21.24270248413086, -15.927164077758789, -48.31839370727539, -24.049312591552734, 45.7910041809082, 64.95506286621094, 1.9521774053573608
13.439244270324707, 15.236769676208496, -25.149681091308594, -43.91244888305664, 15.839219093322754, 100.53237915039062, 29.613561630249023, -79.43104553222656
14.196950912475586, 9.899613380432129, -41.554046630859375, -38.342613220214844, 61.21493911743164, 67.47078704833984, -36.081600189208984, -109.92868041992188
14.768470764160156, 2.309781312942505, -44.794395446777344, -4.810392379760742, 57.67897415161133, 9.112507820129395, -81.367919921875, -15.575297355651855
14.680887222290039, -5.124629974365234, -43.932613372802734, 18.878713607788086, 75.35265350341797, -55.410823822021484, -67.36327362060547, 118.37068176269531
13.928135871887207, -12.683955192565918, -34.50448989868164, 43.05347442626953, 27.715044021606445, -86.54671478271484, 4.479526996612549, 133.9779510498047
13.237611770629883, -17.077674865722656, -23.76726722717285, 47.600711822509766, -11.964588165283203, -86.38325500488281, 76.56363677978516, 42.08815002441406
12.898832321166992, -22.48505973815918, -6.152350902557373, 48.721187591552734, -52.35280227661133, -25.3670597076416, 107.24597930908203, -91.99211120605469
12.32083797454834, -24.102497100830078, 9.164676666259766, 37.43111038208008, -69.26343536376953, 34.014957427978516, 29.110044479370117, -113.5685806274414
11.140737533569336, -27.97903060913086, 25.159717559814453, 12.706194877624512, -51.97443771362305, 66.4590072631836, -52.14323043823242, -48.29961013793945
10.033674240112305, -26.57149314880371, 31.350770950317383, -16.759557723999023, -32.24435043334961, 93.14122772216797, -77.46391296386719, 63.72760009765625
8.29957103729248, -28.75862693786621, 41.66654586791992, -47.358829498291016, 14.781987190246582, 23.398853302001953, -70.70280456542969, 91.15047454833984
7.023662567138672, -21.348459243774414, 43.32240676879883, -50.49114990234375, 39.68236541748047, -36.80009841918945, -9.193925857543945, 47.55276870727539
5.1118316650390625, -18.969554901123047, 32.02189254760742, -47.40079879760742, 61.21632766723633, -54.07613754272461, 90.72264862060547, -70.42984008789062
3.5021541118621826, -13.345903396606445, 27.24970054626465, -35.25273895263672, 73.33819580078125, -62.2286262512207, 102.34841918945312, -87.11222076416016
1.6931058168411255, -5.920547008514404, 10.694313049316406, -19.917970657348633, 31.841394424438477, -29.267480850219727, 65.85326385498047, -68.01834869384766
-3.522032665514985e-11, 1.3197945356369019, -4.344008445739746, 9.169764518737793, -13.809772491455078, 15.399497985839844, -24.64284324645996, 46.01015090942383
-1.8412402868270874, 7.635555267333984, -22.067304611206055, 37.352787017822266, -50.938533782958984, 55.822723388671875, -81.296142578125, 151.971923828125
-3.408141613006592, 14.073616981506348, -34.06830596923828, 48.72346496582031, -54.68706130981445, 81.66941833496094, -57.92289733886719, 84.02422332763672
-5.2631516456604, 21.94320297241211, -40.411460876464844, 58.52553939819336, -53.626163482666016, 63.80146789550781, -14.287789344787598, -19.58416175842285
-6.781340599060059, 23.022396087646484, -42.91647720336914, 44.383846282958984, -36.414154052734375, -11.0711669921875, 50.3468017578125, -146.79095458984375
-8.15054702758789, 28.81031036376953, -34.51542663574219, 30.980043411254883, 11.640064239501953, -82.91429138183594, 83.49710845947266, -53.68966293334961
-10.063578605651855, 29.125673294067383, -31.044937133789062, -1.568552851676941, 62.321598052978516, -86.91969299316406, 78.70820617675781, 10.178244590759277
-10.758606910705566, 29.531517028808594, -18.470361709594727, -32.93974304199219, 80.13253021240234, -56.83310317993164, -19.964139938354492, 79.25186920166016
-11.506174087524414, 25.755887985229492, -1.1617255210876465, -56.99785614013672, 76.39434051513672, -0.08263066411018372, -72.90022277832031, 132.12606811523438
-12.427583694458008, 19.75766372680664, 13.402304649353027, -51.73861312866211, 27.476425170898438, 73.81100463867188, -118.37139129638672, 3.56231689453125
-12.938774108886719, 16.15797996520996, 29.501008987426758, -48.91836929321289, -12.303159713745117, 78.1805419921875, -23.838932037353516, -91.36042785644531
-13.593996047973633, 9.365811347961426, 42.772037506103516, -31.811058044433594, -63.51205825805664, 76.48807525634766, 67.72777557373047, -118.5724868774414
-13.841188430786133, 1.9595412015914917, 41.07775115966797, -4.631662845611572, -74.3683090209961, 8.266587257385254, 92.21612548828125, -17.04505157470703
-14.811800003051758, -5.049947261810303, 44.16004943847656, 24.266021728515625, -58.89091110229492, -53.8845329284668, 78.979248046875, 93.13118743896484
-14.469191551208496, -10.836114883422852, 35.729312896728516, 36.3666877746582, -25.4475040435791, -105.3372802734375, -5.982818126678467, 133.259033203125
-13.253798484802246, -19.473609924316406, 23.6961612701416, 60.226409912109375, 15.261619567871094, -87.23347473144531, -58.594268798828125, 40.50761795043945
-12.461797714233398, -23.030044555664062, 5.735208034515381, 43.219356536865234, 47.86428451538086, -23.67432403564453, -84.76432800292969, -54.890010833740234
-11.825346946716309, -28.07457160949707, -8.87470531463623, 36.017784118652344, 66.0098648071289, 45.327178955078125, -28.241172790527344, -140.86370849609375
-11.011679649353027, -30.499345779418945, -24.477680206298828, 15.224617004394531, 74.7010269165039, 60.47800064086914, 27.23011016845703, -39.42940139770508
-9.830549240112305, -28.627872467041016, -30.52397918701172, -16.575542449951172, 36.677879333496094, 70.51006317138672, 72.55420684814453, 52.87815856933594
-8.087547302246094, -27.312305450439453, -43.30294418334961, -45.10095977783203, -16.310361862182617, 33.66868209838867, 58.57419204711914, 75.9205322265625
-7.039056777954102, -24.84852409362793, -44.542869567871094, -58.7768669128418, -46.062538146972656, -28.158206939697266, 6.835466384887695, 68.1249008178711
-5.331425666809082, -17.91754913330078, -36.404090881347656, -60.46193313598633, -54.91242980957031, -95.21514129638672, -90.4783935546875, -38.68171310424805
-3.6190812587738037, -12.45799732208252, -28.387962341308594, -43.79051971435547, -66.60761260986328, -84.7978286743164, -87.28060913085938, -98.02982330322266
-1.7407387495040894, -5.230224609375, -13.158346176147461, -16.701826095581055, -27.36492919921875, -43.6804313659668, -71.28663635253906, -45.673301696777344
3.465433495719594e-11, 1.3874629735946655, 4.566962242126465, 7.369082927703857, 14.344139099121094, 22.400863647460938, 35.17656326293945, 50.944358825683594
1.692779779434204, 9.16887378692627, 18.411270141601562, 40.127540588378906, 43.96392059326172, 57.08313751220703, 94.67412567138672, 153.99722290039062
3.4410128593444824, 14.122835159301758, 29.648256301879883, 53.320770263671875, 71.97036743164062, 79.55255126953125, 85.87841796875, 67.26889038085938
5.214361190795898, 20.977449417114258, 39.003177642822266, 51.47682571411133, 54.3710823059082, 39.84651565551758, 18.92717933654785, -30.104740142822266
6.904083728790283, 26.00360107421875, 46.26594924926758, 41.16044616699219, 29.094011306762695, -9.93079948425293, -42.74076843261719, -127.76779174804688
8.075302124023438, 25.604459762573242, 39.74113082885742, 26.42564582824707, -14.365912437438965, -50.53224182128906, -73.60484313964844, -104.14942169189453
10.4368257522583, 29.832956314086914, 17.293991088867188, -28.717693328857422, -57.48564529418945, -45.89719009399414, 16.950040817260742, 130.7230987548828
12.518599510192871, 27.151395797729492, 1.2342345714569092, -55.6316032409668, -67.04308319091797, -0.14189280569553375, 111.25472259521484, 66.06996154785156
13.321584701538086, 22.258380889892578, -14.455540657043457, -54.015377044677734, -25.02393913269043, 56.6826057434082, 66.59061431884766, 4.112371444702148
12.868072509765625, 14.840246200561523, -26.1146183013916, -52.78997039794922, 13.002623558044434, 103.63713836669922, 25.35395622253418, -77.45350646972656
14.065726280212402, 8.546512603759766, -36.33895492553711, -27.58340835571289, 41.312503814697266, 84.4793930053711, -50.795284271240234, -90.66007232666016
14.713375091552734, 1.9546610116958618, -45.48506164550781, -5.151216983795166, 68.40669250488281, 9.040205955505371, -128.93511962890625, -23.64381217956543
13.708407402038574, -5.167646884918213, -46.13092041015625, 20.973834991455078, 60.72685623168945, -50.193450927734375, -84.91996765136719, 59.581443786621094
13.706681251525879, -12.10865306854248, -33.777523040771484, 37.31599807739258, 26.63115882873535, -86.3303451538086, 3.2192068099975586, 83.02220153808594
13.025530815124512, -18.358028411865234, -19.917770385742188, 48.50109100341797, -13.213936805725098, -51.73805618286133, 84.27371215820312, 38.14613342285156
12.45800495147705, -21.838146209716797, -6.335268974304199, 48.18602752685547, -63.69102478027344, -21.74374771118164, 112.28727722167969, -73.2310562133789
12.434928894042969, -26.46600914001465, 8.830002784729004, 33.62847137451172, -57.49767303466797, 41.0766487121582, 51.04079055786133, -95.55947875976562
10.63669490814209, -30.51073455810547, 25.62847328186035, 13.781131744384766, -58.59063720703125, 79.04728698730469, -49.58668518066406, -28.270509719848633
9.659350395202637, -29.225698471069336, 40.39164352416992, -16.522106170654297, -28.537675857543945, 86.12150573730469, -76.15841674804688, 39.92995834350586
8.345280647277832, -26.32212257385254, 45.617347717285156, -44.826690673828125, 15.920037269592285, 39.54245376586914, -68.1796875, 86.43440246582031
6.539248466491699, -22.66117286682129, 39.907440185546875, -56.83393478393555, 63.4142951965332, -26.643238067626953, -6.361190319061279, 45.53145217895508
5.206149101257324, -19.72021484375, 36.10943603515625, -50.70917892456055, 64.70181274414062, -60.74886703491211, 65.49750518798828, -66.76668548583984
3.6627562046051025, -11.160819053649902, 24.546308517456055, -42.30496597290039, 69.12455749511719, -99.46783447265625, 120.14303588867188, -121.67201232910156
1.7226355075836182, -6.218687534332275, 12.241093635559082, -20.254907608032227, 31.7210750579834, -36.33412551879883, 40.6731071472168, -42.70989227294922
-3.5806285020312245e-11, 1.5395917892456055, -4.352688312530518, 9.653745651245117, -14.946605682373047, 15.316017150878906, -19.242467880249023, 43.521305084228516
-1.8034013509750366, 8.859392166137695, -20.590417861938477, 39.043487548828125, -64.17585754394531, 63.42100143432617, -84.9755859375, 115.54151153564453
-3.4174797534942627, 15.637931823730469, -34.560787200927734, 59.06241989135742, -80.2787094116211, 63.043312072753906, -97.05780792236328, 78.00054931640625
-5.001751899719238, 21.330095291137695, -39.52656555175781, 55.32208251953125, -52.05685806274414, 62.86189651489258, -26.218894958496094, -20.79694175720215
-7.140700340270996, 26.03597068786621, -39.73135757446289, 55.878387451171875, -36.44084548950195, -10.224397659301758, 74.47177124023438, -102.30481719970703
-8.647210121154785, 24.665712356567383, -38.36711120605469, 30.10871696472168, 15.827316284179688, -55.18787384033203, 74.16288757324219, -68.93209838867188
-9.632762908935547, 28.138734817504883, -32.23072052001953, -1.1390070915222168, 61.76872253417969, -91.10069274902344, 72.31471252441406, 14.257161140441895
-10.626778602600098, 26.53685760498047, -18.098539352416992, -30.30874252319336, 66.11258697509766, -65.41835021972656, -14.402456283569336, 138.2180938720703
-11.979930877685547, 23.30411148071289, -0.9837070107460022, -44.14154052734375, 51.54155731201172, -0.11494410783052444, -91.9360122680664, 60.87076187133789
-12.84712028503418, 18.862979888916016, 16.66450309753418, -52.608436584472656, 30.436548233032227, 56.45975875854492, -63.189117431640625, 2.7010369300842285
-13.5953369140625, 15.892346382141113, 25.820072174072266, -55.27230453491211, -17.062009811401367, 69.15921783447266, -34.138343811035156, -72.48428344726562
-13.462489128112793, 8.481060028076172, 43.435794830322266, -32.212921142578125, -51.30315399169922, 69.11369323730469, 55.19226837158203, -87.21698760986328
-13.615869522094727, 2.1726622581481934, 41.32732391357422, -4.829432010650635, -57.37476348876953, 9.81558895111084, 92.97681427001953, -13.163172721862793
-14.041045188903809, -4.573626518249512, 37.78972625732422, 19.692920684814453, -67.95600128173828, -35.72542190551758, 68.72679901123047, 59.137474060058594
-14.495829582214355, -12.847285270690918, 33.55450439453125, 42.87818145751953, -36.05813980102539, -85.69084167480469, -4.1391472816467285, 80.14352416992188
-12.882568359375, -17.7144718170166, 23.063276290893555, 58.515933990478516, 12.190058708190918, -62.04767990112305, -58.80817794799805, 20.620946884155273
-13.161048889160156, -24.808937072753906, 6.088432312011719, 56.717071533203125, 52.7172737121582, -20.9334716796875, -77.94153594970703, -74.89579010009766
-11.441596984863281, -26.404151916503906, -9.454052925109863, 40.800655364990234, 80.92948150634766, 45.024932861328125, -36.52241516113281, -151.3463134765625
-10.609739303588867, -29.41382598876953, -25.5953426361084, 10.691601753234863, 52.227779388427734, 102.10501098632812, 35.863990783691406, -45.27499008178711
-9.394760131835938, -25.348237991333008, -34.706260681152344, -13.0987548828125, 32.42287826538086, 58.94807815551758, 77.0647964477539, 56.884464263916016
-8.344584465026855, -24.94697380065918, -46.272117614746094, -38.07734680175781, -11.800690650939941, 31.341829299926758, 108.0230712890625, 135.80328369140625
-6.8792009353637695, -24.695751190185547, -46.82182312011719, -64.74552154541016, -50.31194305419922, -36.07548522949219, 6.9231133460998535, 62.92963790893555
-4.975057601928711, -18.928491592407227, -37.5046501159668, -52.369537353515625, -77.19854736328125, -57.518062591552734, -46.806007385253906, -65.82816314697266
-3.618523120880127, -12.11743450164795, -26.66998863220215, -45.17121505737305, -67.78270721435547, -67.20274353027344, -86.0774154663086, -109.4218978881836
-1.8058693408966064, -5.319460868835449, -12.825578689575195, -23.3206729888916, -25.979379653930664, -51.475528717041016, -59.309898376464844, -62.78298568725586
3.285560018495559e-11, 1.4697972536087036, 3.6987266540527344, 9.344328880310059, 13.17892074584961, 18.285585403442383, 22.699514389038086, 42.921993255615234
1.743175983428955, 7.859269618988037, 18.608491897583008, 36.78844451904297, 50.880455017089844, 71.63119506835938, 96.46022033691406, 139.70941162109375
3.590618133544922, 14.139199256896973, 32.91414260864258, 44.98841857910156, 56.05900192260742, 81.1224136352539, 69.4476547241211, 82.80146789550781
5.459306716918945, 20.330333709716797, 36.569339752197266, 65.8044662475586, 66.68917846679688, 60.12572479248047, 17.932098388671875, -17.453521728515625
6.923223495483398, 22.25271224975586, 43.520790100097656, 43.192501068115234, 27.845829010009766, -7.593472957611084, -65.77232360839844, -106.61865234375
8.319867134094238, 29.076988220214844, 43.05540466308594, 26.329254150390625, -10.880522727966309, -52.54090881347656, -94.3704605102539, -61.929527282714844
9.273836135864258, 26.40999412536621, 30.633573532104492, -1.4240258932113647, -54.10860061645508, -68.29255676269531, -69.2220230102539, 12.818770408630371
10.938239097595215, 25.863910675048828, 16.637197494506836, -26.9960880279541, -68.74736022949219, -59.12945556640625, 22.965068817138672, 122.17642211914062
11.786287307739258, 26.55316162109375, 0.9325806498527527, -52.11799621582031, -68.69583129882812, -0.11116031557321548, 70.1853256225586, 119.35923767089844
13.238791465759277, 21.70596694946289, -16.77014923095703, -64.62512969970703, -30.852916717529297, 47.853492736816406, 117.6119613647461, 2.9533910751342773
13.112835884094238, 14.302929878234863, -26.28406524658203, -44.055702209472656, 14.26076602935791, 89.6878890991211, 24.631837844848633, -80.55789947509766
14.262296676635742, 9.162196159362793, -40.37788772583008, -32.332088470458984, 40.28937911987305, 50.753662109375, -64.44705200195312, -124.27488708496094
13.691767692565918, 2.09444522857666, -48.59010314941406, -5.535643100738525, 87.08875274658203, 10.009653091430664, -112.95606994628906, -17.950666427612305
14.093609809875488, -5.43004035949707, -35.28327178955078, 22.65679168701172, 72.71532440185547, -39.03395462036133, -62.0486946105957, 63.184749603271484
13.437081336975098, -10.740809440612793, -33.12104415893555, 40.169979095458984, 28.390533447265625, -75.59398651123047, 5.652256011962891, 134.23538208007812
13.328460693359375, -17.314664840698242, -22.310035705566406, 55.75664520263672, -13.894734382629395, -92.58183288574219, 71.6091537475586, 36.63222885131836
12.583803176879883, -20.625267028808594, -6.493565559387207, 52.11183547973633, -39.86897659301758, -16.980491638183594, 69.15248107910156, -72.34265899658203
12.079872131347656, -27.98944091796875, 10.261738777160645, 37.5743522644043, -66.62113952636719, 35.86363983154297, 55.09619903564453, -121.4293441772461
11.285094261169434, -30.236099243164062, 25.559524536132812, 12.2318115234375, -63.61225128173828, 87.64031982421875, -39.9755859375, -47.14004898071289
9.835550308227539, -25.66008186340332, 39.08319854736328, -14.282308578491211, -22.13340187072754, 69.39754486083984, -73.26519775390625, 58.657596588134766
8.053304672241211, -24.84828758239746, 45.56727600097656, -37.675323486328125, 14.697650909423828, 25.07137107849121, -78.78328704833984, 96.73646545410156
6.891666889190674, -21.440872192382812, 37.12372970581055, -62.81907653808594, 57.3691520690918, -37.79174041748047, -5.138869762420654, 77.20886993408203
5.1016669273376465, -19.823408126831055, 39.18959045410156, -53.552398681640625, 81.13756561279297, -54.12370300292969, 72.55224609375, -49.90239715576172
3.60980224609375, -13.421501159667969, 24.825870513916016, -35.5819206237793, 53.9826545715332, -87.88863372802734, 94.18904876708984, -125.2452163696289
1.813125729560852, -5.231852054595947, 10.15067195892334, -23.064565658569336, 35.27552032470703, -39.45734405517578, 45.053707122802734, -78.30247497558594
-3.3180156538969996e-11, 1.3951690196990967, -3.812666654586792, 9.39695930480957, -13.83045768737793, 24.681026458740234, -33.11914825439453, 26.20732879638672
-1.723271369934082, 9.15727424621582, -20.00518798828125, 30.023284912109375, -64.73436737060547, 85.75824737548828, -107.0150146484375, 82.16602325439453
-3.3980417251586914, 14.670604705810547, -27.651782989501953, 57.62199020385742, -77.63987731933594, 78.00366973876953, -59.02592468261719, 52.15284729003906
-5.423055171966553, 20.338611602783203, -39.366424560546875, 56.21025085449219, -58.754947662353516, 37.389488220214844, -25.5574893951416, -31.055583953857422
-6.498424530029297, 24.01884651184082, -45.67527770996094, 50.497169494628906, -33.625667572021484, -9.9728422164917, 64.1003646850586, -73.13375091552734
-8.395923614501953, 26.0390682220459, -34.335044860839844, 27.227602005004883, 12.871450424194336, -50.52944564819336, 75.53543853759766, -121.11579895019531
-9.879212379455566, 29.791603088378906, -29.71161651611328, -1.3854938745498657, 47.11410903930664, -82.70652770996094, 71.26065063476562, 12.617558479309082
-11.014585494995117, 29.950231552124023, -16.817209243774414, -25.721017837524414, 66.4408187866211, -65.43136596679688, -14.050787925720215, 103.42225646972656
-11.848539352416992, 22.756568908691406, -1.1326725482940674, -51.727867126464844, 59.98883056640625, -0.12837094068527222, -84.80805969238281, 60.60508728027344
-12.53967571258545, 20.25847053527832, 12.668532371520996, -48.64277267456055, 23.62260627746582, 51.23766326904297, -72.03022003173828, 1.9777652025222778
-13.187344551086426, 16.567541122436523, 31.886066436767578, -59.73431396484375, -17.01861572265625, 73.5815200805664, -40.71884536743164, -63.38038635253906
-14.06116771697998, 8.368301391601562, 34.14286804199219, -31.66442108154297, -62.099365234375, 68.67218780517578, 69.91195678710938, -135.62185668945312
-13.463325500488281, 2.280596971511841, 36.86585998535156, -5.046582221984863, -84.11443328857422, 11.893698692321777, 89.08950805664062, -16.879638671875
-13.757479667663574, -5.359432220458984, 45.74239730834961, 25.324886322021484, -56.154762268066406, -42.94930648803711, 84.21980285644531, 81.17269134521484
-14.566243171691895, -11.79311752319336, 34.2135009765625, 39.20174026489258, -26.35374641418457, -87.33503723144531, -5.504787921905518, 85.75950622558594
-14.003494262695312, -17.79558563232422, 18.744861602783203, 48.333866119384766, 12.15151596069336, -78.65859985351562, -105.60432434082031, 39.83139419555664
-12.679800987243652, -24.314327239990234, 6.5708208084106445, 57.446311950683594, 42.33759307861328, -26.70281219482422, -77.12718963623047, -93.31058502197266
-11.964627265930176, -26.195415496826172, -8.296320915222168, 38.42093276977539, 60.6321907043457, 47.63700485229492, -36.039527893066406, -129.0591583251953
-11.2366943359375, -30.4660701751709, -23.873964309692383, 10.31435775756836, 76.45564270019531, 76.3615951538086, 54.80382537841797, -40.0599365234375
-9.2674560546875, -26.434171676635742, -34.0706901550293, -17.78067398071289, 27.45591926574707, 70.45899963378906, 100.348388671875, 58.564266204833984
-8.528081893920898, -25.68767547607422, -47.66069030761719, -33.48280715942383, -15.795595169067383, 35.39931106567383, 66.96595764160156, 80.22713470458984
-6.863002300262451, -23.777177810668945, -45.08543014526367, -60.58727264404297, -53.9924430847168, -32.6522331237793, 6.4681077003479, 38.119136810302734
-5.370294570922852, -16.516681671142578, -35.72439193725586, -58.17295455932617, -85.40642547607422, -75.53248596191406, -67.69134521484375, -38.0004768371582
-3.6000657081604004, -11.2816801071167, -24.139789581298828, -37.284584045410156, -46.82976531982422, -88.62921905517578, -110.61827850341797, -108.0221939086914
-1.790391445159912, -6.030539512634277, -11.556127548217773, -21.224868774414062, -31.04255485534668, -51.42998504638672, -38.04610061645508, -95.11833953857422
3.490659497562554e-11, 1.5543161630630493, 3.96648907661438, 8.05198860168457, 14.700060844421387, 16.798067092895508, 24.421630859375, 38.95072555541992
1.763121247291565, 8.250519752502441, 18.96009063720703, 36.12834548950195, 52.665279388427734, 90.69976043701172, 96.87173461914062, 124.24580383300781
3.356727361679077, 15.269815444946289, 31.97785758972168, 45.72159194946289, 65.76981353759766, 94.30115509033203, 82.72024536132812, 86.41687774658203
4.9560065269470215, 19.94581413269043, 42.00422668457031, 55.17151641845703, 73.16523742675781, 64.61155700683594, 21.593658447265625, -34.900482177734375
6.7224202156066895, 23.806903839111328, 41.306636810302734, 45.638423919677734, 25.659879684448242, -11.444977760314941, -72.97209167480469, -76.78744506835938
8.471080780029297, 29.253034591674805, 39.61802291870117, 28.831039428710938, -13.104701042175293, -70.3951187133789, -88.95975494384766, -98.75870513916016
9.829578399658203, 29.56609344482422, 32.09886169433594, -1.5248786211013794, -62.47654724121094, -83.0850830078125, -71.6767578125, 7.180130958557129
10.799182891845703, 27.94188690185547, 15.528870582580566, -23.50515365600586, -59.31206130981445, -62.9878044128418, 13.57210922241211, 79.014404296875
11.603255271911621, 23.053611755371094, 0.9689111113548279, -45.34426498413086, -73.46647644042969, -0.08237075060606003, 109.10366821289062, 120.2822265625
12.289649963378906, 20.28150749206543, -13.673616409301758, -51.87884521484375, -31.823484420776367, 53.38988494873047, 118.93314361572266, 3.726351022720337
13.600810050964355, 16.296545028686523, -25.718957901000977, -47.34369659423828, 16.297788619995117, 79.65506744384766, 30.590063095092773, -129.52593994140625
14.231185913085938, 8.239360809326172, -33.807395935058594, -26.0052433013916, 55.4770393371582, 58.30169677734375, -53.53651428222656, -135.01214599609375
14.715719223022461, 2.131344795227051, -36.08024597167969, -4.704923152923584, 70.13634490966797, 11.939207077026367, -96.57176971435547, -21.73609733581543
13.99545955657959, -5.3072075843811035, -44.11479187011719, 23.0704402923584, 59.86012649536133, -61.06657791137695, -60.66027069091797, 86.18447875976562
14.396772384643555, -11.042743682861328, -29.694515228271484, 38.522212982177734, 32.572322845458984, -66.14751434326172, 5.148314952850342, 133.30702209472656
13.749197959899902, -17.864465713500977, -19.177156448364258, 63.135658264160156, -10.680828094482422, -53.656585693359375, 87.5907974243164, 22.144704818725586
12.311649322509766, -23.352676391601562, -6.585516929626465, 45.42810821533203, -44.222503662109375, -21.27873992919922, 112.23065948486328, -51.275638580322266
12.034103393554688, -25.91290283203125, 10.208492279052734, 38.29410934448242, -64.12837219238281, 37.4356575012207, 31.314943313598633, -79.57223510742188
11.054431915283203, -26.68265724182129, 22.51197052001953, 10.940934181213379, -71.74141693115234, 104.1927490234375, -42.058719635009766, -59.93816375732422
10.119498252868652, -28.93645668029785, 34.92331314086914, -16.27951431274414, -28.974775314331055, 80.4782943725586, -126.45431518554688, 44.168060302734375
8.029961585998535, -27.805065155029297, 42.09156036376953, -43.8236198425293, 12.33474063873291, 35.34850311279297, -70.31912994384766, 114.63092041015625
6.805887699127197, -25.218969345092773, 41.37030029296875, -64.52971649169922, 55.55705261230469, -26.971084594726562, -7.435511589050293, 72.16197967529297
5.047564506530762, -17.644617080688477, 35.635833740234375, -46.21738052368164, 68.18524169921875, -85.6947250366211, 56.81732940673828, -65.83922576904297
3.4435205459594727, -13.567495346069336, 23.79978370666504, -39.60828399658203, 75.19305419921875, -62.842288970947266, 90.27200317382812, -82.0836181640625
1.716871738433838, -5.506927490234375, 11.836284637451172, -18.42582893371582, 34.67951583862305, -36.20346450805664, 68.73863983154297, -44.73576736450195
-3.363286038560176e-11, 1.470780849456787, -4.482219219207764, 10.142683982849121, -11.060314178466797, 17.415124893188477, -38.2309684753418, 27.55978012084961
-1.7552837133407593, 8.317713737487793, -17.621511459350586, 32.028865814208984, -65.01129913330078, 63.053558349609375, -61.89421844482422, 81.27080535888672
-3.6084606647491455, 15.273571968078613, -32.739898681640625, 45.06692123413086, -73.91515350341797, 82.05628204345703, -95.32318878173828, 103.99908447265625
-5.30028772354126, 21.737205505371094, -39.30555725097656, 46.24988555908203, -72.4864730834961, 50.904048919677734, -20.30585479736328, -30.33670997619629
-6.859553337097168, 24.752561569213867, -47.14609146118164, 54.09424591064453, -22.15703582763672, -10.83391284942627, 72.07091522216797, -120.52765655517578
-8.330925941467285, 27.46698570251465, -42.275516510009766, 22.084571838378906, 14.705167770385742, -79.62583923339844, 107.01132202148438, -109.44374084472656
-9.61462116241455, 28.20148277282715, -33.34298324584961, -1.212517499923706, 43.35443115234375, -91.42373657226562, 75.16477966308594, 11.111056327819824
-10.416733741760254, 26.31748390197754, -16.078216552734375, -29.521638870239258, 81.5563735961914, -58.27516174316406, -17.598608016967773, 62.887882232666016
-11.905254364013672, 23.561542510986328, -1.2169204950332642, -41.99079513549805, 66.70356750488281, -0.1143924668431282, -68.51400756835938, 121.14089965820312
-12.273667335510254, 21.51167869567871, 14.393556594848633, -57.74106216430664, 26.930587768554688, 47.70682907104492, -71.59959411621094, 2.708693265914917
-12.92832088470459, 15.389999389648438, 31.112470626831055, -53.66905975341797, -12.198802947998047, 90.95698547363281, -21.082782745361328, -59.19032287597656
-13.920703887939453, 9.139608383178711, 33.42753219604492, -34.90861511230469, -65.01963806152344, 84.96824645996094, 35.43077850341797, -75.86347198486328
-14.342735290527344, 2.139326333999634, 46.141204833984375, -6.270277500152588, -64.90553283691406, 12.673544883728027, 129.2999725341797, -22.638858795166016
-13.799264907836914, -4.596944808959961, 34.793514251708984, 24.079191207885742, -65.89049530029297, -35.54144287109375, 81.31401062011719, 108.74547576904297
-13.497797966003418, -11.029277801513672, 30.415542602539062, 48.53075408935547, -33.61233139038086, -63.33474349975586, -5.1782917976379395, 135.8809814453125
-13.989017486572266, -18.28533935546875, 19.26348304748535, 49.709251403808594, 13.403639793395996, -85.05665588378906, -77.1538314819336, 19.822235107421875
-12.21806812286377, -24.577224731445312, 6.935645580291748, 56.87009811401367, 42.69770812988281, -15.75511360168457, -85.2757339477539, -60.83330535888672
-12.182063102722168, -28.646080017089844, -8.647512435913086, 44.91287612915039, 72.39582824707031, 49.292144775390625, -44.78619384765625, -98.61701202392578
-11.332513809204102, -29.705467224121094, -24.869701385498047, 14.249768257141113, 64.1801986694336, 77.975341796875, 31.143516540527344, -51.70246505737305
-9.337944030761719, -29.53101921081543, -40.2165641784668, -12.901947021484375, 32.2339973449707, 99.03512573242188, 90.77320861816406, 71.4015121459961
-8.593616485595703, -24.14948081970215, -37.978271484375, -43.928672790527344, -17.500856399536133, 27.806114196777344, 54.23938751220703, 115.52153778076172
-6.8008294105529785, -23.754121780395508, -47.764686584472656, -52.28595733642578, -62.39506149291992, -33.68500518798828, 7.877681255340576, 36.1295051574707
-5.119917392730713, -18.432498931884766, -36.871402740478516, -53.4560432434082, -76.44828033447266, -93.68248748779297, -85.29023742675781, -62.24372863769531
-3.524075746536255, -11.188486099243164, -23.314260482788086, -37.716522216796875, -68.46778869628906, -99.14439392089844, -96.82752227783203, -125.2632064819336
-1.8371878862380981, -5.889421463012695, -10.928529739379883, -23.015932083129883, -27.698604583740234, -51.695316314697266, -60.25067901611328, -84.67279052734375
3.440282086986102e-11, 1.3629742860794067, 3.720674514770508, 9.792132377624512, 12.586772918701172, 26.197917938232422, 19.80531120300293, 50.69403839111328
1.8507009744644165, 9.042703628540039, 19.359373092651367, 34.60501480102539, 42.63703155517578, 77.32675170898438, 60.73024368286133, 115.00920867919922
3.410114049911499, 16.117013931274414, 33.04669189453125, 61.41425323486328, 84.02349090576172, 79.23636627197266, 100.5575942993164, 62.909637451171875
5.457583427429199, 19.56180763244629, 36.2426872253418, 55.181182861328125, 65.63017272949219, 35.785953521728516, 23.589027404785156, -32.88869857788086
6.5470709800720215, 22.873437881469727, 39.378334045410156, 45.40364456176758, 35.71290969848633, -12.724030494689941, -67.09362030029297, -75.07892608642578
8.650308609008789, 26.68900489807129, 42.39030838012695, 25.29513168334961, -14.47929573059082, -55.15901565551758, -129.04598999023438, -122.17778778076172
9.985513687133789, 29.78650665283203, 33.02322006225586, -1.1353158950805664, -59.793155670166016, -106.1783218383789, -82.60723114013672, 12.376983642578125
11.197062492370605, 27.42285919189453, 17.858762741088867, -28.558975219726562, -73.85017395019531, -59.945194244384766, 22.5645751953125, 105.23097229003906
11.460083961486816, 22.498586654663086, 0.9956661462783813, -40.66801071166992, -46.23189926147461, -0.10159915685653687, 68.68476104736328, 103.35302734375
12.444392204284668, 19.016279220581055, -14.469261169433594, -60.49773406982422, -27.405170440673828, 73.78086853027344, 91.5598373413086, 3.550964117050171
13.95676040649414, 15.667010307312012, -29.97747802734375, -59.00175857543945, 11.884833335876465, 85.18087005615234, 39.587154388427734, -68.58883666992188
14.412819862365723, 8.388958930969238, -35.69854736328125, -29.965795516967773, 53.57728958129883, 56.816959381103516, -36.0862922668457, -70.31332397460938
14.126232147216797, 2.133403778076172, -46.6431999206543, -6.790134906768799, 56.208160400390625, 12.670408248901367, -90.03135681152344, -11.55060863494873
13.697768211364746, -5.2118706703186035, -43.469547271728516, 19.646848678588867, 71.4456558227539, -44.7171630859375, -64.01879119873047, 87.93756866455078
14.130248069763184, -12.776206970214844, -32.28834915161133, 50.61122131347656, 22.761869430541992, -108.0987777709961, 5.147614002227783, 105.96257781982422
13.852731704711914, -18.138925552368164, -19.694780349731445, 53.751529693603516, -16.1347599029541, -52.21913146972656, 58.245574951171875, 37.410858154296875
13.189417839050293, -23.00769805908203, -5.883193492889404, 63.12657165527344, -43.78181838989258, -21.473276138305664, 71.52426147460938, -63.765071868896484
12.382633209228516, -24.151622772216797, 10.671719551086426, 32.19303894042969, -64.05193328857422, 46.82734680175781, 46.092533111572266, -118.02085876464844
11.440916061401367, -25.467041015625, 20.56139373779297, 11.447465896606445, -64.37664794921875, 91.85506439208984, -47.29834747314453, -31.83168601989746
9.430756568908691, -28.57420539855957, 36.70436096191406, -13.39079475402832, -25.165542602539062, 93.32402801513672, -93.55377960205078, 55.79676818847656
8.167404174804688, -24.92483139038086, 47.33019256591797, -40.86308288574219, 13.074112892150879, 31.514636993408203, -53.7569580078125, 109.05432891845703
6.500333309173584, -24.157428741455078, 44.122920989990234, -46.178565979003906, 63.3594856262207, -28.611555099487305, -6.297183036804199, 40.3607292175293
5.072860240936279, -19.971303939819336, 37.73416519165039, -49.40419006347656, 63.43244934082031, -94.66863250732422, 71.19849395751953, -72.39844512939453
3.6806702613830566, -11.329117774963379, 26.622608184814453, -43.09825134277344, 70.93038177490234, -76.0823974609375, 93.66258239746094, -98.21060943603516
1.8468048572540283, -5.1819329261779785, 12.420899391174316, -20.90992546081543, 26.27279281616211, -41.42731475830078, 69.84998321533203, -77.83011627197266
-3.596463751809331e-11, 1.5503387451171875, -4.71679162979126, 8.295475006103516, -15.490682601928711, 23.501049041748047, -24.32440948486328, 37.7320671081543
-1.7997902631759644, 8.759895324707031, -19.309995651245117, 39.25973129272461, -60.69285583496094, 91.336669921875, -63.54271697998047, 146.13037109375
-3.557992935180664, 15.731669425964355, -32.65365219116211, 49.67125701904297, -77.93543243408203, 106.77106475830078, -115.84207916259766, 98.9554672241211
-5.204314231872559, 20.39535140991211, -41.805355072021484, 67.09784698486328, -64.27903747558594, 41.489845275878906, -20.277002334594727, -26.947998046875
-6.856229305267334, 25.04684066772461, -42.58024215698242, 50.13328170776367, -35.46711730957031, -12.766111373901367, 81.63536834716797, -76.30998992919922
-7.989043712615967, 30.014753341674805, -39.48040008544922, 22.58991813659668, 16.573423385620117, -54.03384780883789, 93.07373046875, -81.73184204101562
-10.027657508850098, 28.877714157104492, -28.587827682495117, -1.5907872915267944, 46.1954460144043, -106.48023223876953, 56.069095611572266, 9.094841957092285
-11.062111854553223, 26.76521873474121, -14.747735977172852, -31.718706130981445, 80.498779296875, -44.32019805908203, -14.752686500549316, 139.7669219970703
-11.78935432434082, 25.361652374267578, -1.0262664556503296, -47.294620513916016, 67.3017578125, -0.10779128223657608, -90.0760498046875, 78.3040542602539
-12.969721794128418, 20.140335083007812, 14.773940086364746, -48.97706604003906, 35.83501434326172, 64.30528259277344, -63.12316131591797, 1.991886019706726
-13.737887382507324, 15.883213996887207, 32.356815338134766, -60.38447189331055, -11.730749130249023, 89.42254638671875, -32.384368896484375, -76.88368225097656
-13.245601654052734, 8.74862289428711, 39.470584869384766, -25.870586395263672, -53.46773910522461, 77.91664123535156, 37.79756546020508, -110.12132263183594
-14.731032371520996, 2.333002805709839, 39.75505828857422, -5.542927265167236, -78.45638275146484, 9.979915618896484, 131.6580047607422, -10.899645805358887
-14.64144229888916, -4.711078643798828, 39.3664436340332, 20.50802993774414, -75.96955871582031, -48.140804290771484, 73.75914001464844, 90.75847625732422
-13.200499534606934, -11.963977813720703, 32.39695358276367, 49.21261978149414, -27.514881134033203, -95.77677154541016, -4.046290874481201, 69.43787384033203
-13.414338111877441, -17.803375244140625, 22.6059627532959, 48.7324333190918, 14.353647232055664, -81.36279296875, -86.54720306396484, 24.075618743896484
-13.148592948913574, -24.246057510375977, 5.9678239822387695, 62.208518981933594, 42.94822692871094, -18.898935317993164, -105.81239318847656, -61.328861236572266
-11.362988471984863, -26.083934783935547, -8.629887580871582, 31.74691390991211, 72.61927795410156, 43.78369140625, -41.064815521240234, -133.52732849121094
-11.277620315551758, -26.67410659790039, -24.001245498657227, 11.968836784362793, 47.6304817199707, 103.42974853515625, 47.229068756103516, -46.355812072753906
-9.70763874053955, -30.314023971557617, -30.200096130371094, -14.24300765991211, 35.014305114746094, 57.27527618408203, 119.96509552001953, 53.38051223754883
-8.302048683166504, -26.608991622924805, -44.70688247680664, -44.03340148925781, -13.982561111450195, 31.205486297607422, 86.74713134765625, 102.08185577392578
-6.6934919357299805, -22.630006790161133, -38.8090705871582, -58.26860809326172, -54.34110641479492, -22.71942710876465, 8.842108726501465, 41.803565979003906
-5.067387104034424, -19.443941116333008, -31.836355209350586, -56.82398223876953, -72.76573181152344, -57.01950454711914, -83.23741149902344, -34.905216217041016
-3.355343818664551, -13.330266952514648, -25.20173454284668, -45.79301452636719, -61.973331451416016, -62.19189453125, -72.40196990966797, -147.99620056152344
-1.6841949224472046, -5.8658905029296875, -12.4512300491333, -18.921384811401367, -26.892738342285156, -36.81402587890625, -50.283790588378906, -85.33155822753906
3.2849178238647525e-11, 1.3722001314163208, 3.859954595565796, 7.156113624572754, 16.259456634521484, 21.79875373840332, 38.292171478271484, 45.336036682128906
1.8512279987335205, 8.909010887145996, 18.43564224243164, 28.2325496673584, 46.22490310668945, 59.266361236572266, 90.46806335449219, 83.6290512084961
3.6901040077209473, 14.15523624420166, 35.375274658203125, 59.12531280517578, 76.42952728271484, 84.42350006103516, 77.6113052368164, 59.900238037109375
5.2685160636901855, 19.938270568847656, 45.48572540283203, 60.06317901611328, 70.25662231445312, 56.0477294921875, 18.748865127563477, -23.322093963623047
6.9938530921936035, 26.30713653564453, 46.6250114440918, 43.351436614990234, 30.2753849029541, -7.811992168426514, -42.9249153137207, -119.414794921875
7.997859477996826, 25.925880432128906, 43.166507720947266, 27.195926666259766, -14.624614715576172, -56.19914627075195, -108.08928680419922, -114.29653930664062
9.933378219604492, 28.498945236206055, 28.323923110961914, -1.5221894979476929, -45.93770980834961, -109.93425750732422, -60.507991790771484, 10.15965747833252
10.718810081481934, 30.202604293823242, 14.82829761505127, -30.751399993896484, -67.17383575439453, -56.69498062133789, 20.927196502685547, 112.87713623046875
11.508678436279297, 25.427820205688477, 1.123170256614685, -47.57296371459961, -58.515380859375, -0.09232939034700394, 76.1570053100586, 82.93896484375
12.591147422790527, 22.865978240966797, -15.322322845458984, -52.3875846862793, -34.19345474243164, 69.92400360107422, 63.4621696472168, 2.655393600463867
13.33421802520752, 14.85360050201416, -30.722999572753906, -57.156288146972656, 13.301125526428223, 93.56039428710938, 37.0971794128418, -62.220890045166016
14.126527786254883, 8.441994667053223, -39.583648681640625, -33.27334213256836, 56.13005447387695, 71.79708099365234, -52.74858093261719, -81.37493133544922
13.8165283203125, 2.1443674564361572, -39.7939453125, -4.755476951599121, 84.36421966552734, 9.064596176147461, -121.701171875, -21.095993041992188
14.585083961486816, -5.345009803771973, -42.712528228759766, 19.11738395690918, 59.59303665161133, -40.3589973449707, -71.76884460449219, 103.88021087646484
13.740202903747559, -10.578228950500488, -38.102203369140625, 41.663814544677734, 33.94548797607422, -101.80139923095703, 3.145378828048706, 81.39897918701172
13.727171897888184, -18.15768814086914, -18.429109573364258, 47.916629791259766, -14.766499519348145, -51.040828704833984, 55.580841064453125, 38.259334564208984
13.313836097717285, -21.98241424560547, -6.207454681396484, 51.188720703125, -59.712650299072266, -24.737548828125, 69.18153381347656, -56.10137939453125
11.791252136230469, -26.93873405456543, 10.888954162597656, 32.6831169128418, -69.73394012451172, 36.8460578918457, 52.748931884765625, -78.14303588867188
10.906279563903809, -28.329381942749023, 26.060638427734375, 13.475164413452148, -51.48861312866211, 83.48076629638672, -34.11854934692383, -41.26523971557617
9.209659576416016, -29.633380889892578, 36.87797546386719, -12.689828872680664, -36.382259368896484, 96.37838745117188, -95.49494934082031, 73.9767074584961
7.9138078689575195, -28.65161895751953, 44.4901123046875, -33.02668762207031, 13.48427677154541, 33.05369567871094, -57.2886848449707, 135.5153045654297
6.491283893585205, -23.20255470275879, 44.99161911010742, -52.09803009033203, 45.82345962524414, -39.266204833984375, -6.97982120513916, 61.74076843261719
5.143715858459473, -18.415361404418945, 32.69304656982422, -54.453392028808594, 79.83932495117188, -62.0507926940918, 85.41450500488281, -58.463924407958984
3.5721187591552734, -13.473943710327148, 25.92655372619629, -35.44643020629883, 71.1573257446289, -91.6820068359375, 67.87306213378906, -115.18255615234375
1.7472248077392578, -5.757720470428467, 11.813323020935059, -21.42841339111328, 29.780029296875, -35.70332336425781, 62.79444122314453, -42.68695831298828
-3.5977484880156396e-11, 1.3933883905410767, -4.672996997833252, 8.787035942077637, -16.230085372924805, 18.875246047973633, -31.045162200927734, 54.021141052246094
-1.859877586364746, 8.129486083984375, -20.008943557739258, 35.80251693725586, -62.7203254699707, 77.75468444824219, -78.29146575927734, 135.03964233398438
-3.4889400005340576, 13.791918754577637, -36.43623352050781, 54.08637619018555, -74.88396453857422, 93.83839416503906, -114.20188903808594, 74.81291961669922
-4.9651780128479, 22.242483139038086, -39.86725997924805, 66.0972671508789, -51.75503158569336, 54.41563034057617, -14.382318496704102, -26.082996368408203
-6.567786693572998, 22.506757736206055, -42.51411819458008, 43.349002838134766, -27.490705490112305, -8.565084457397461, 76.43143463134766, -117.23403930664062
-8.665947914123535, 24.80500030517578, -42.204246520996094, 30.40657615661621, 17.039546966552734, -83.9399185180664, 80.913330078125, -55.69148635864258
-10.162215232849121, 27.364015579223633, -32.27311325073242, -1.5865638256072998, 40.43366622924805, -77.55386352539062, 76.32906341552734, 14.62150764465332
-10.486555099487305, 27.916622161865234, -14.931666374206543, -31.063241958618164, 54.98893356323242, -51.867671966552734, -12.713936805725098, 87.7812728881836
-11.357999801635742, 26.580381393432617, -1.1795717477798462, -53.27056121826172, 76.43099212646484, -0.1313231885433197, -106.27064514160156, 109.88780975341797
-12.388516426086426, 20.91644859313965, 16.180404663085938, -66.14176177978516, 33.92113494873047, 43.764312744140625, -119.75326538085938, 2.2956314086914062
-13.403277397155762, 14.064336776733398, 28.202089309692383, -48.28423309326172, -14.33623218536377, 99.96280670166016, -22.709556579589844, -112.95256805419922
-13.504249572753906, 9.844730377197266, 41.93986129760742, -31.588104248046875, -53.075016021728516, 59.061614990234375, 36.928184509277344, -70.07939147949219
-14.727852821350098, 2.2703843116760254, 41.21519470214844, -4.6157355308532715, -71.95960998535156, 13.295573234558105, 90.76758575439453, -19.7515926361084
-14.283193588256836, -4.451980113983154, 43.3641357421875, 18.258943557739258, -54.499263763427734, -39.64690399169922, 49.35633087158203, 90.86309051513672
-13.960134506225586, -11.317506790161133, 35.487545013427734, 44.63045883178711, -30.62320327758789, -67.71540069580078, -6.2322845458984375, 148.54307556152344
-13.544568061828613, -18.444143295288086, 22.829442977905273, 51.31398391723633, 11.994166374206543, -73.78780364990234, -81.36290740966797, 28.260095596313477
-12.47579574584961, -23.453115463256836, 5.9860663414001465, 47.426815032958984, 53.027225494384766, -24.679122924804688, -101.30015563964844, -88.78971099853516
-12.499859809875488, -25.101011276245117, -8.638209342956543, 33.301822662353516, 62.731449127197266, 52.57938766479492, -44.8094482421875, -118.16573333740234
-11.209600448608398, -28.7570743560791, -21.089521408081055, 12.864569664001465, 76.81275939941406, 97.83470916748047, 28.13142204284668, -30.834449768066406
-9.853225708007812, -28.041963577270508, -37.94906234741211, -14.947122573852539, 28.37556266784668, 80.23739624023438, 111.21708679199219, 47.72791290283203
-8.657909393310547, -25.377357482910156, -43.25031661987305, -41.49184036254883, -13.029241561889648, 26.015348434448242, 97.91327667236328, 97.29703521728516
-6.750263214111328, -20.846574783325195, -42.52259826660156, -55.07969665527344, -54.0414924621582, -26.703718185424805, 6.241893768310547, 58.33301544189453
-5.343097686767578, -16.989032745361328, -32.2947998046875, -66.048095703125, -64.06344604492188, -61.12358474731445, -91.54441833496094, -47.83551025390625
-3.584925889968872, -13.457599639892578, -27.51432991027832, -36.470298767089844, -75.07579040527344, -99.74126434326172, -91.58869934082031, -90.66462707519531
-1.8510050773620605, -5.9736785888671875, -11.71645450592041, -22.948381423950195, -36.557498931884766, -50.74177932739258, -40.16203689575195, -45.01401901245117
3.2916239178781836e-11, 1.4312013387680054, 4.747588634490967, 7.241313934326172, 17.021059036254883, 24.093433380126953, 38.58684539794922, 45.12030792236328
1.7543238401412964, 7.807092666625977, 18.329814910888672, 31.468303680419922, 60.68497085571289, 79.65274047851562, 121.17241668701172, 146.97679138183594
3.4342153072357178, 14.47092056274414, 27.723386764526367, 51.962989807128906, 55.505680084228516, 76.90772247314453, 61.60505676269531, 62.49382781982422
5.030911445617676, 22.202177047729492, 39.094722747802734, 61.26737594604492, 68.36447143554688, 58.525856018066406, 13.99625301361084, -26.02655029296875
6.657987117767334, 22.55879020690918, 45.37008285522461, 42.196510314941406, 28.476064682006836, -13.054975509643555, -71.7243881225586, -116.57144165039062
8.017220497131348, 29.58714485168457, 44.333770751953125, 24.61490249633789, -12.837437629699707, -61.83413314819336, -95.26575469970703, -66.63651275634766
