8.485699653625488, 25.22587776184082, 41.20458221435547, 22.29673194885254, -11.260604858398438, -84.26569366455078, -104.43310546875, -73.94025421142578
9.965960502624512, 28.906875610351562, 26.017501831054688, -1.3610680103302002, -60.4834098815918, -103.72905731201172, -48.2718620300293, 7.883755683898926
11.149540901184082, 27.302127838134766, 17.075719833374023, -28.428443908691406, -58.32795715332031, -61.18283462524414, 12.19276237487793, 111.60055541992188
12.350098609924316, 23.848705291748047, 1.1834852695465088, -50.00221633911133, -49.394805908203125, -0.12531159818172455, 115.31865692138672, 106.60700225830078
12.349793434143066, 22.0007266998291, -15.04709243774414, -49.90501022338867, -33.169273376464844, 47.57771682739258, 71.839599609375, 2.005185127258301
13.926024436950684, 14.587224960327148, -29.026473999023438, -58.08749008178711, 11.95503044128418, 73.38971710205078, 38.06125259399414, -129.88668823242188
14.368596076965332, 9.232419967651367, -40.70722198486328, -37.777931213378906, 47.55073165893555, 69.23958587646484, -56.06235885620117, -75.26994323730469
14.440962791442871, 2.209548234939575, -39.78009796142578, -5.676196575164795, 72.88883972167969, 12.838338851928711, -124.19904327392578, -12.81617546081543
13.412038803100586, -5.089585304260254, -44.21116256713867, 25.654399871826172, 52.36845397949219, -54.17247772216797, -53.32120895385742, 84.8425064086914
13.210942268371582, -12.607439994812012, -33.47046661376953, 38.97974395751953, 30.628969192504883, -64.96805572509766, 6.336554527282715, 87.03166961669922
13.878988265991211, -17.11100959777832, -21.494558334350586, 63.621726989746094, -17.544584274291992, -61.36383056640625, 105.84697723388672, 42.409584045410156
12.847792625427246, -22.24468231201172, -6.1639628410339355, 59.059288024902344, -62.01197052001953, -22.21786880493164, 80.19330596923828, -64.39383697509766
11.590211868286133, -24.664052963256836, 9.835531234741211, 42.00117874145508, -85.1384506225586, 32.74365234375, 32.8759765625, -118.78782653808594
11.015314102172852, -29.645872116088867, 21.408519744873047, 14.509873390197754, -69.44633483886719, 64.9804916381836, -51.24936294555664, -42.6732177734375
9.747152328491211, -28.838764190673828, 32.7520866394043, -15.926273345947266, -33.66981506347656, 81.08780670166016, -93.37353515625, 84.99768829345703
8.404570579528809, -28.68828010559082, 38.6361198425293, -34.00150680541992, 14.288799285888672, 29.380584716796875, -61.327117919921875, 112.76152038574219
6.528097152709961, -21.769168853759766, 42.695579528808594, -58.639259338378906, 53.684696197509766, -34.8249397277832, -8.257389068603516, 45.37448501586914
5.165705680847168, -18.912471771240234, 37.6203498840332, -56.93440246582031, 54.24985122680664, -90.29596710205078, 95.28241729736328, -57.02696990966797
3.537203550338745, -12.64821720123291, 22.972667694091797, -37.53955078125, 71.41195678710938, -69.54080963134766, 102.67882537841797, -144.07171630859375
1.746990442276001, -5.999528884887695, 10.70764446258545, -17.04461669921875, 22.409650802612305, -33.49632263183594, 38.18204116821289, -91.31790924072266
-7.218342677056677e-12, 1.5018874406814575, -3.9612457752227783, 9.660985946655273, -14.171378135681152, 26.659849166870117, -21.990079879760742, 31.768022537231445
-1.7332550287246704, 8.588902473449707, -21.210237503051758, 31.355838775634766, -60.449947357177734, 88.98062133789062, -114.47918701171875, 93.80632781982422
-3.3572065830230713, 16.133560180664062, -34.50473403930664, 52.93307113647461, -83.69344329833984, 93.4995346069336, -82.18108367919922, 73.8969497680664
-4.954120635986328, 18.727365493774414, -43.35612106323242, 58.64602279663086, -46.23627471923828, 44.90914535522461, -13.021538734436035, -29.242324829101562
-7.073225498199463, 24.61385154724121, -46.92185974121094, 40.74125671386719, -22.43700408935547, -11.727417945861816, 72.99602508544922, -122.80120086669922
-8.155085563659668, 27.91054916381836, -43.726959228515625, 23.773698806762695, 17.246301651000977, -84.29072570800781, 111.38650512695312, -74.59837341308594
-9.47431468963623, 28.994359970092773, -27.705659866333008, -1.5989903211593628, 63.882938385009766, -107.01852416992188, 48.71482849121094, 12.801793098449707
-11.32890796661377, 26.603612899780273, -18.356595993041992, -24.701854705810547, 84.58598327636719, -70.82361602783203, -14.053472518920898, 116.08480834960938
-11.747315406799316, 25.838726043701172, -1.0830042362213135, -48.58560562133789, 46.873958587646484, -0.12076062709093094, -114.27049255371094, 115.31571197509766
-13.271533012390137, 19.588342666625977, 16.5153751373291, -60.941192626953125, 36.64567565917969, 67.48298645019531, -62.337867736816406, 3.177380323410034
-13.813706398010254, 15.740668296813965, 28.689855575561523, -50.49910354614258, -11.469961166381836, 74.73467254638672, -41.57414245605469, -74.51897430419922
-14.078635215759277, 9.455516815185547, 36.65711212158203, -30.931751251220703, -64.50322723388672, 55.455711364746094, 62.26246643066406, -117.76973724365234
-13.721667289733887, 2.22017765045166, 45.43096923828125, -4.656370639801025, -80.82633209228516, 9.814484596252441, 64.74042510986328, -19.057119369506836
-13.60727596282959, -4.744102954864502, 36.81532287597656, 21.045116424560547, -69.3664779663086, -60.77976608276367, 89.26160430908203, 55.97373962402344
-13.463143348693848, -10.580785751342773, 38.035606384277344, 43.97352600097656, -31.445833206176758, -98.7901382446289, -5.90118932723999, 129.83956909179688
-13.4234619140625, -16.896928787231445, 21.878461837768555, 64.53648376464844, 14.153938293457031, -51.06935119628906, -56.29207229614258, 24.925893783569336
-12.506443977355957, -21.458513259887695, 5.565274715423584, 59.76429748535156, 52.53749465942383, -24.92375946044922, -104.91117095947266, -66.61193084716797
-12.265660285949707, -28.67943572998047, -8.65642261505127, 33.672088623046875, 63.78261947631836, 41.079498291015625, -36.732486724853516, -95.29154968261719
-11.145674705505371, -30.556488037109375, -20.714269638061523, 13.456729888916016, 48.535640716552734, 71.73396301269531, 32.4212646484375, -56.251800537109375
-9.906503677368164, -30.40553855895996, -37.92251205444336, -15.224438667297363, 29.362022399902344, 55.219276428222656, 118.84709930419922, 53.72376251220703
-8.704791069030762, -26.552640914916992, -44.48697280883789, -42.83586502075195, -12.314297676086426, 34.481712341308594, 81.60491943359375, 137.6092071533203
-7.0807204246521, -25.19628143310547, -35.684242248535156, -55.20534896850586, -49.55107498168945, -34.46570587158203, 7.656823635101318, 54.46321105957031
-5.319014072418213, -17.09176254272461, -39.72150802612305, -56.32506561279297, -82.01854705810547, -53.78759765625, -88.3409194946289, -48.927879333496094
-3.5107874870300293, -12.272799491882324, -26.357772827148438, -43.83612060546875, -49.137203216552734, -96.8131103515625, -96.671630859375, -91.72576904296875
-1.8440860509872437, -6.004773139953613, -13.072389602661133, -23.119976043701172, -30.023204803466797, -50.990020751953125, -62.0800666809082, -78.36433410644531
6.947888878811037e-12, 1.3274133205413818, 4.121595859527588, 7.755889892578125, 15.178184509277344, 23.532024383544922, 34.940921783447266, 49.386531829833984
1.7948193550109863, 9.17588996887207, 18.463590621948242, 32.12270736694336, 46.35984802246094, 78.20079803466797, 89.52690887451172, 78.39661407470703
3.635610342025757, 14.855936050415039, 28.780250549316406, 51.36408233642578, 85.80923461914062, 59.771141052246094, 59.5766716003418, 58.181549072265625
5.186106204986572, 18.53160858154297, 40.44281768798828, 65.33563995361328, 72.46428680419922, 44.912601470947266, 17.795467376708984, -15.327240943908691
6.962987422943115, 23.767807006835938, 39.78769302368164, 51.6077766418457, 23.881763458251953, -13.17390251159668, -78.62272644042969, -109.20880889892578
8.570693969726562, 26.025083541870117, 42.377201080322266, 30.314807891845703, -15.84594440460205, -46.015220642089844, -97.2372817993164, -56.15854263305664
9.876029014587402, 27.756898880004883, 28.25519561767578, -1.2037420272827148, -46.1295166015625, -85.30166625976562, -62.74441146850586, 6.888735771179199
11.246135711669922, 26.795265197753906, 14.428211212158203, -24.611669540405273, -85.08349609375, -75.10999298095703, 14.784953117370605, 69.48094940185547
11.80428409576416, 25.1473445892334, 0.9644342660903931, -56.53416442871094, -58.35282516479492, -0.13186395168304443, 89.76730346679688, 104.80762481689453
12.802193641662598, 21.2349853515625, -16.356582641601562, -58.2627067565918, -29.177574157714844, 66.74527740478516, 71.79061126708984, 2.94266676902771
13.20533275604248, 15.936656951904297, -31.905073165893555, -49.56442642211914, 15.584454536437988, 96.71929168701172, 26.168046951293945, -98.41415405273438
13.830574989318848, 9.09502124786377, -35.154537200927734, -38.08866500854492, 40.3924560546875, 46.29427719116211, -47.35033416748047, -69.18659210205078
14.620646476745605, 2.2653980255126953, -44.48879623413086, -5.571122646331787, 73.8203353881836, 9.163249969482422, -68.36199188232422, -15.299756050109863
13.699973106384277, -5.17208194732666, -41.13887023925781, 20.632173538208008, 62.315635681152344, -48.14756774902344, -78.17617797851562, 79.45008087158203
14.052435874938965, -11.440166473388672, -30.843408584594727, 41.97380447387695, 34.96186828613281, -74.82413482666016, 4.126226902008057, 143.66372680664062
12.9402437210083, -17.802295684814453, -18.807004928588867, 55.64857864379883, -12.51127815246582, -85.09545135498047, 93.01725006103516, 33.81676483154297
12.164081573486328, -24.187349319458008, -7.177506923675537, 49.0527229309082, -48.6691780090332, -23.49488067626953, 75.8443374633789, -56.04936218261719
11.589672088623047, -27.74601173400879, 8.196820259094238, 30.94452667236328, -64.44770812988281, 33.17021179199219, 56.694366455078125, -97.2112045288086
11.387822151184082, -26.708173751831055, 24.655029296875, 14.874415397644043, -57.38008499145508, 103.36193084716797, -28.17868995666504, -49.587562561035156
9.200504302978516, -30.410490036010742, 38.45907211303711, -18.289798736572266, -36.5518684387207, 77.27127838134766, -66.89070892333984, 83.20476531982422
8.025514602661133, -25.409194946289062, 43.64540100097656, -42.274662017822266, 12.65146255493164, 23.3546199798584, -71.78738403320312, 98.71508026123047
6.7878499031066895, -25.040306091308594, 40.1671028137207, -53.57719039916992, 42.40947341918945, -26.3990478515625, -6.907452583312988, 45.341270446777344
5.434945583343506, -17.371049880981445, 31.131080627441406, -47.71507263183594, 58.64005661010742, -68.1739501953125, 58.79426193237305, -47.635162353515625
3.649541139602661, -11.868453025817871, 23.638742446899414, -46.997161865234375, 64.00196075439453, -101.57129669189453, 79.7939682006836, -94.51819610595703
1.7053301334381104, -5.95837926864624, 11.293396949768066, -16.823909759521484, 28.887723922729492, -53.13324737548828, 46.00822448730469, -67.7502212524414
-7.308270308370446e-12, 1.407902479171753, -4.662989616394043, 8.397550582885742, -10.6172456741333, 15.759658813476562, -25.849512100219727, 29.155614852905273
-1.7911567687988281, 7.715828895568848, -18.390432357788086, 39.43096923828125, -46.41887283325195, 74.37297058105469, -117.00287628173828, 146.91722106933594
-3.4567620754241943, 15.688119888305664, -28.09883689880371, 47.956520080566406, -55.54252624511719, 99.6463623046875, -59.82809829711914, 70.4454574584961
-4.9791259765625, 21.884044647216797, -40.994537353515625, 57.77001953125, -56.83293533325195, 39.65855026245117, -22.4014892578125, -30.04026222229004
-6.940835952758789, 26.32451820373535, -41.89271926879883, 42.34677505493164, -22.435577392578125, -10.131781578063965, 70.80311584472656, -73.44927978515625
-8.36721134185791, 24.76937484741211, -38.239051818847656, 30.228343963623047, 16.140626907348633, -84.79319763183594, 103.23998260498047, -74.82579803466797
-9.936786651611328, 28.19983673095703, -30.446229934692383, -1.6233586072921753, 40.49722671508789, -78.4012680053711, 56.36375045776367, 9.078876495361328
-10.929838180541992, 27.73876190185547, -16.631656646728516, -23.600322723388672, 70.78276824951172, -70.80758666992188, -19.973793029785156, 111.07685089111328
-12.245318412780762, 24.44099235534668, -0.9594300985336304, -50.912269592285156, 65.63340759277344, -0.09782394766807556, -95.47500610351562, 97.15189361572266
-12.992053985595703, 22.19795799255371, 12.715666770935059, -52.508907318115234, 27.22115135192871, 54.35044479370117, -108.85203552246094, 1.8429392576217651
-13.627485275268555, 15.44461727142334, 31.684326171875, -52.468021392822266, -11.203279495239258, 67.97366333007812, -25.072813034057617, -104.0557632446289
-14.31126594543457, 8.32351303100586, 36.497581481933594, -35.91606521606445, -57.89253616333008, 75.94751739501953, 67.94206237792969, -123.94493865966797
-13.978328704833984, 2.0111379623413086, 40.95121765136719, -6.221588611602783, -71.49283599853516, 9.93683910369873, 68.48834991455078, -23.317914962768555
-13.895490646362305, -5.28804874420166, 43.56150436401367, 19.033035278320312, -56.6302490234375, -44.48300552368164, 49.71953201293945, 94.64669799804688
-13.922271728515625, -11.870779991149902, 36.4002685546875, 45.004127502441406, -35.48398971557617, -95.84060668945312, -6.2957282066345215, 139.18470764160156
-13.834753036499023, -18.254018783569336, 21.11448097229004, 55.74248123168945, 16.277353286743164, -56.64854431152344, -76.53074645996094, 29.880022048950195
-12.37095832824707, -21.31951332092285, 6.219892501831055, 61.294029235839844, 47.33549880981445, -19.46341896057129, -67.21248626708984, -100.77963256835938
-12.27587890625, -24.918996810913086, -8.1781644821167, 42.482200622558594, 86.85880279541016, 48.24995040893555, -52.256500244140625, -98.22209167480469
-10.991007804870605, -28.69954490661621, -24.37474822998047, 10.311951637268066, 62.65323257446289, 100.4632797241211, 39.186973571777344, -60.67113494873047
-9.377249717712402, -29.679826736450195, -38.35169982910156, -14.160083770751953, 36.30927658081055, 76.37281036376953, 91.9996109008789, 84.92090606689453
-8.21716022491455, -25.80179214477539, -44.18840789794922, -35.8704833984375, -12.663519859313965, 33.62350082397461, 101.73242950439453, 85.52107238769531
-7.010858535766602, -24.652921676635742, -40.954376220703125, -53.78104782104492, -59.764190673828125, -36.18080139160156, 9.79493522644043, 46.11112594604492
-5.3808465003967285, -17.70800018310547, -32.6757698059082, -51.572227478027344, -74.11780548095703, -86.55665588378906, -88.90149688720703, -41.652164459228516
-3.6482508182525635, -12.775235176086426, -23.04690933227539, -41.72557830810547, -46.786991119384766, -83.8599624633789, -90.87682342529297, -103.56450653076172
-1.737969994544983, -5.127371788024902, -10.371522903442383, -17.522871017456055, -29.842615127563477, -41.04465866088867, -39.68820571899414, -89.7282943725586
6.901169739836899e-12, 1.4708691835403442, 3.835979461669922, 8.652081489562988, 14.362850189208984, 15.339691162109375, 28.216899871826172, 44.802974700927734
1.7272988557815552, 8.382601737976074, 21.197830200195312, 31.390684127807617, 61.083709716796875, 90.66497039794922, 119.25431823730469, 133.24459838867188
3.591820478439331, 14.078573226928711, 33.31895065307617, 52.009521484375, 79.08543395996094, 101.89672088623047, 85.0682601928711, 87.89772033691406
5.170107841491699, 22.35179901123047, 45.2703857421875, 64.54701232910156, 47.395660400390625, 57.35912322998047, 15.000977516174316, -23.508726119995117
7.072457313537598, 22.197832107543945, 39.003379821777344, 52.13751220703125, 33.76951217651367, -12.879739761352539, -50.60451889038086, -104.47884368896484
7.960914611816406, 27.160186767578125, 38.847328186035156, 22.164451599121094, -15.888997077941895, -75.06143188476562, -101.27383422851562, -59.49252700805664
9.809453964233398, 27.887239456176758, 33.15727233886719, -1.2776838541030884, -39.39914321899414, -67.89090728759766, -69.46515655517578, 12.188141822814941
11.41595458984375, 28.328569412231445, 17.991291046142578, -30.625246047973633, -78.35677337646484, -64.97715759277344, 18.122987747192383, 118.43962860107422
12.141063690185547, 26.715042114257812, 1.091600775718689, -56.131309509277344, -57.28916931152344, -0.12000582367181778, 114.00244903564453, 127.03130340576172
12.244199752807617, 22.579814910888672, -13.718412399291992, -48.0240364074707, -35.665504455566406, 61.42863082885742, 95.70768737792969, 3.95481276512146
13.728532791137695, 15.360426902770996, -31.099430084228516, -45.52210998535156, 16.446802139282227, 74.61419677734375, 28.889894485473633, -98.93543243408203
14.387609481811523, 8.325338363647461, -37.507266998291016, -34.89200210571289, 39.94068908691406, 53.69638442993164, -69.79950714111328, -110.15352630615234
13.712604522705078, 2.053338050842285, -40.80119705200195, -6.349930286407471, 64.24417114257812, 10.519927024841309, -92.18560028076172, -23.84623908996582
13.445280075073242, -4.760553359985352, -37.5770378112793, 25.544633865356445, 46.923648834228516, -54.808837890625, -87.66096496582031, 81.63423919677734
13.778861045837402, -11.885878562927246, -30.51984405517578, 51.187252044677734, 34.330421447753906, -97.30762481689453, 6.365041255950928, 75.88072967529297
12.863496780395508, -16.28816032409668, -19.488080978393555, 46.85757064819336, -15.265024185180664, -91.08840942382812, 80.69190216064453, 22.209579467773438
12.978083610534668, -23.087398529052734, -6.444040298461914, 53.23653793334961, -46.87399673461914, -20.53244972229004, 91.59500885009766, -95.92362213134766
11.931636810302734, -25.435636520385742, 10.295634269714355, 38.07440185546875, -55.86876678466797, 34.50128173828125, 42.054100036621094, -100.13426208496094
10.607465744018555, -28.511550903320312, 20.750429153442383, 14.395215034484863, -68.86469268798828, 63.25330352783203, -26.57890510559082, -53.60296630859375
9.915764808654785, -29.436199188232422, 37.89268493652344, -16.1756649017334, -36.70904541015625, 88.67147064208984, -69.26777648925781, 61.879276275634766
8.379393577575684, -28.18998908996582, 43.68827819824219, -47.45252990722656, 13.658061981201172, 26.13634490966797, -65.99700927734375, 103.88541412353516
6.636277675628662, -25.10651397705078, 47.26240539550781, -63.061580657958984, 52.98929214477539, -27.631633758544922, -9.882664680480957, 48.696807861328125
5.3051438331604, -20.067922592163086, 32.36248016357422, -59.35626983642578, 83.35691833496094, -58.4228515625, 47.92332458496094, -58.832420349121094
3.674082040786743, -13.11862564086914, 26.74607276916504, -42.0453987121582, 72.3305435180664, -78.01914978027344, 131.52914428710938, -127.3534164428711
1.8137129545211792, -5.22705602645874, 12.207382202148438, -21.90355682373047, 34.05744552612305, -32.25743103027344, 35.44301223754883, -89.30992126464844
-6.77132785606438e-12, 1.3969871997833252, -4.070918083190918, 10.088469505310059, -11.2470064163208, 19.30668830871582, -27.254056930541992, 32.058815002441406
-1.7753037214279175, 7.606743335723877, -21.8028621673584, 36.347434997558594, -39.972145080566406, 81.40367126464844, -120.79428100585938, 92.25064086914062
-3.368640422821045, 14.65217399597168, -29.601547241210938, 60.271907806396484, -71.2218246459961, 65.99116516113281, -107.9194107055664, 105.78202819824219
-5.1526031494140625, 22.076391220092773, -35.215431213378906, 53.3426513671875, -59.57087326049805, 51.12968063354492, -13.846121788024902, -24.7928409576416
-6.837930202484131, 23.715795516967773, -36.75106430053711, 44.994014739990234, -25.40794563293457, -11.853214263916016, 40.34869384765625, -78.37689971923828
-7.940229892730713, 26.356142044067383, -38.243202209472656, 25.048023223876953, 13.932201385498047, -66.847900390625, 114.35563659667969, -108.89061737060547
-9.256096839904785, 27.224483489990234, -29.39392852783203, -1.4625568389892578, 44.2624626159668, -76.05075073242188, 84.5396957397461, 14.055569648742676
-10.963517189025879, 28.93116569519043, -17.956735610961914, -28.44874382019043, 63.60121536254883, -44.30979537963867, -17.73642349243164, 89.50067901611328
-12.303139686584473, 25.74566078186035, -1.0077306032180786, -55.13174057006836, 69.96205139160156, -0.14458580315113068, -83.0569076538086, 79.24822235107422
-12.91323184967041, 22.63496971130371, 14.20162296295166, -48.98046875, 36.07248306274414, 46.79643249511719, -120.15898895263672, 2.75677490234375
-13.24643611907959, 16.846378326416016, 30.588014602661133, -58.028358459472656, -15.111089706420898, 70.93125915527344, -22.785951614379883, -85.75831604003906
-13.735129356384277, 9.534370422363281, 38.97380447387695, -27.09391212463379, -39.77465057373047, 61.356788635253906, 49.589202880859375, -107.04550170898438
-13.605558395385742, 2.089256525039673, 39.763641357421875, -5.647238254547119, -73.5639877319336, 12.569146156311035, 64.14579772949219, -11.242856979370117
-13.465178489685059, -4.622654914855957, 43.06085205078125, 21.082870483398438, -53.79010772705078, -35.072391510009766, 94.60785675048828, 118.58706665039062
-14.30278205871582, -10.558520317077637, 36.039268493652344, 47.64299011230469, -26.20406150817871, -90.29203033447266, -3.9739530086517334, 145.72647094726562
-14.074275016784668, -17.717330932617188, 22.63861656188965, 48.68755340576172, 13.693329811096191, -67.29949951171875, -103.1934585571289, 21.76211929321289
-12.736275672912598, -23.62957000732422, 6.555699348449707, 55.798065185546875, 48.50880432128906, -21.73268699645996, -70.42973327636719, -80.08206176757812
-11.52484130859375, -27.3739013671875, -9.474813461303711, 42.38972473144531, 77.09410858154297, 43.60951614379883, -28.26028823852539, -121.58454895019531
-10.452476501464844, -25.599756240844727, -26.549224853515625, 14.506999015808105, 52.85068893432617, 73.1110610961914, 33.26545715332031, -61.68183517456055
-9.617596626281738, -26.360950469970703, -30.735942840576172, -15.969559669494629, 35.82926559448242, 67.66079711914062, 111.17871856689453, 72.79612731933594
-8.585262298583984, -25.514328002929688, -39.09770965576172, -35.40928268432617, -11.648367881774902, 27.428375244140625, 103.89960479736328, 108.8185043334961
-6.481936931610107, -23.47077178955078, -41.23311996459961, -49.49271011352539, -41.982112884521484, -24.19256591796875, 7.629612445831299, 63.25416564941406
-5.173067092895508, -18.896343231201172, -37.292320251464844, -53.00307083129883, -80.64262390136719, -65.85006713867188, -88.66281127929688, -43.81947708129883
-3.386906623840332, -11.55721378326416, -24.355770111083984, -45.291568756103516, -74.17440795898438, -73.39218139648438, -118.65711212158203, -146.3484649658203
-1.6839861869812012, -5.521658897399902, -12.100371360778809, -20.87117576599121, -36.29430389404297, -50.0096435546875, -60.989410400390625, -78.41934204101562
6.8584734246035506e-12, 1.2982747554779053, 3.992051362991333, 7.065648078918457, 12.858227729797363, 15.147428512573242, 25.552715301513672, 23.589454650878906
1.8555405139923096, 8.730423927307129, 19.605844497680664, 37.07401657104492, 55.61322021484375, 70.45171356201172, 89.88947296142578, 94.57723236083984
3.458937168121338, 14.34862232208252, 28.586814880371094, 43.639305114746094, 77.53401184082031, 68.75592041015625, 81.45246124267578, 64.69127655029297
5.056468486785889, 21.229141235351562, 37.65647888183594, 60.34014129638672, 54.09645462036133, 64.71639251708984, 20.25532341003418, -28.988454818725586
6.99580192565918, 23.64079475402832, 48.15939712524414, 38.54555130004883, 31.688671112060547, -8.424700736999512, -64.6567153930664, -120.51681518554688
8.567941665649414, 28.67584228515625, 38.211151123046875, 20.94035530090332, -10.536742210388184, -73.23863983154297, -124.401123046875, -55.495277404785156
9.258580207824707, 25.964069366455078, 31.971080780029297, -1.1757632493972778, -64.78189849853516, -100.71284484863281, -46.96666717529297, 7.44917631149292
10.48068904876709, 29.896997451782227, 18.00187873840332, -25.337461471557617, -71.78069305419922, -69.87122344970703, 11.169106483459473, 126.20741271972656
11.987488746643066, 25.583887100219727, 1.092331051826477, -53.96890640258789, -55.90707778930664, -0.0903414636850357, 62.25669479370117, 65.436767578125
12.618386268615723, 21.41389274597168, -13.859466552734375, -60.41768264770508, -29.055997848510742, 66.25312042236328, 97.59246826171875, 2.7712886333465576
12.877758979797363, 15.383691787719727, -31.174293518066406, -40.67366027832031, 17.01918601989746, 73.03884887695312, 36.23579406738281, -74.90039825439453
13.590304374694824, 9.95380687713623, -41.958740234375, -34.47718811035156, 52.255367279052734, 70.4666748046875, -46.78571701049805, -94.85205841064453
14.11630916595459, 2.318488597869873, -36.93135452270508, -5.5998454093933105, 55.3432502746582, 12.874631881713867, -92.76351928710938, -17.00570297241211
14.388663291931152, -5.424957275390625, -37.90781021118164, 20.495208740234375, 47.61483383178711, -55.55955505371094, -72.46702575683594, 76.986572265625
13.372546195983887, -12.704344749450684, -37.97801208496094, 43.76432418823242, 24.84295654296875, -94.27054595947266, 3.7908520698547363, 125.26994323730469
13.201038360595703, -17.063499450683594, -24.362035751342773, 64.61697387695312, -12.118456840515137, -77.45040893554688, 69.22372436523438, 36.897945404052734
12.510736465454102, -22.804725646972656, -6.8039069175720215, 54.55353927612305, -53.01387023925781, -18.213464736938477, 77.58905029296875, -95.14935302734375
12.104775428771973, -24.05068588256836, 8.817904472351074, 38.26856994628906, -79.99832916259766, 50.46995544433594, 50.71533966064453, -71.30075073242188
10.563091278076172, -27.47943115234375, 25.090166091918945, 11.176344871520996, -58.236427307128906, 97.33956909179688, -29.958803176879883, -37.479400634765625
9.302939414978027, -28.80129051208496, 38.85995864868164, -13.717962265014648, -31.97811508178711, 86.38369750976562, -115.52193450927734, 80.55744934082031
8.227309226989746, -26.005020141601562, 35.74161911010742, -38.932865142822266, 13.457056045532227, 26.549257278442383, -72.90535736083984, 108.30473327636719
6.579079627990723, -21.210336685180664, 40.169742584228516, -55.49352264404297, 56.65038299560547, -25.7088623046875, -9.154236793518066, 41.43783187866211
5.141571998596191, -18.29464340209961, 31.039806365966797, -58.02351760864258, 69.7020263671875, -72.80587768554688, 46.65116500854492, -32.41154861450195
3.353928804397583, -13.370559692382812, 28.97115135192871, -50.76877975463867, 76.16093444824219, -71.61587524414062, 86.61299896240234, -126.69566345214844
1.7491273880004883, -5.5374226570129395, 12.897765159606934, -21.67508888244629, 35.9851188659668, -28.73259162902832, 52.7209358215332, -43.309326171875
-7.194042236924325e-12, 1.3309341669082642, -3.6394436359405518, 7.593780040740967, -13.725777626037598, 19.986061096191406, -19.099916458129883, 25.99770736694336
-1.7700061798095703, 8.96645450592041, -17.641603469848633, 31.943220138549805, -42.98775100708008, 84.66822052001953, -97.4490737915039, 93.96373748779297
-3.607881546020508, 14.883220672607422, -35.428409576416016, 53.34807205200195, -62.18976974487305, 62.15003204345703, -84.6708984375, 101.82270812988281
-5.100540637969971, 21.630163192749023, -38.73942184448242, 58.69629669189453, -53.36433029174805, 39.33275604248047, -12.966292381286621, -20.38202667236328
-6.719182968139648, 22.234529495239258, -40.025699615478516, 41.93719482421875, -32.05463409423828, -10.010115623474121, 48.48194885253906, -69.43203735351562
-8.554362297058105, 25.203474044799805, -43.07999801635742, 22.98973846435547, 14.581512451171875, -59.28120422363281, 117.98772430419922, -56.07609939575195
-9.78891372680664, 29.43659210205078, -27.322816848754883, -1.555441975593567, 39.90052032470703, -72.58244323730469, 77.82102966308594, 7.80961799621582
-10.957064628601074, 27.00342559814453, -15.789270401000977, -23.64148712158203, 54.343475341796875, -68.81704711914062, -15.05276107788086, 115.05003356933594
-12.183823585510254, 23.397375106811523, -1.2302250862121582, -49.413936614990234, 70.5374984741211, -0.0813644677400589, -57.68806457519531, 81.2621078491211
-12.229761123657227, 22.6554012298584, 15.05943775177002, -57.79457092285156, 24.191652297973633, 51.18268966674805, -88.10546875, 2.647597312927246
-12.989717483520508, 15.195569038391113, 29.769210815429688, -56.97361373901367, -13.722378730773926, 93.05355072021484, -38.972862243652344, -126.95319366455078
-13.343923568725586, 9.034526824951172, 37.19032669067383, -26.233440399169922, -63.202030181884766, 52.03276062011719, 51.53776168823242, -67.27569580078125
-14.121929168701172, 1.9948686361312866, 40.84215545654297, -4.743736743927002, -72.23709869384766, 11.616519927978516, 118.34176635742188, -21.254928588867188
-13.793210983276367, -5.120265960693359, 41.001617431640625, 23.50154685974121, -63.30337905883789, -43.83906173706055, 83.76115417480469, 118.1668701171875
-14.107898712158203, -10.57843017578125, 32.3433723449707, 41.29167938232422, -31.45539093017578, -67.35670471191406, -4.912143230438232, 106.62135314941406
-14.104519844055176, -18.015155792236328, 21.939815521240234, 66.25485229492188, 13.704726219177246, -52.37385940551758, -66.06440734863281, 19.608680725097656
-12.962579727172852, -21.004152297973633, 6.336332321166992, 42.693138122558594, 57.537940979003906, -25.481895446777344, -71.24764251708984, -70.13890075683594
-12.303380966186523, -27.03125, -9.990924835205078, 36.7793083190918, 70.2410659790039, 37.43031692504883, -31.61867904663086, -109.762939453125
-11.333017349243164, -30.16213035583496, -24.702472686767578, 14.368670463562012, 48.525394439697266, 84.05569458007812, 36.45859909057617, -42.706703186035156
-9.27211856842041, -28.823970794677734, -40.32808303833008, -16.479183197021484, 23.76868438720703, 59.95498275756836, 109.71481323242188, 63.87224578857422
-8.066807746887207, -27.094511032104492, -41.69525909423828, -34.52244567871094, -10.696701049804688, 27.892560958862305, 53.71580123901367, 97.94090270996094
-7.0433831214904785, -24.722064971923828, -40.09535217285156, -46.549705505371094, -51.471229553222656, -39.881256103515625, 8.386432647705078, 58.438934326171875
-5.232858180999756, -17.524921417236328, -40.265438079833984, -58.14077377319336, -82.13519287109375, -63.9554557800293, -86.72437286376953, -70.86150360107422
-3.5607526302337646, -11.206877708435059, -28.899951934814453, -43.61338424682617, -56.9371337890625, -97.52384948730469, -115.33494567871094, -78.42979431152344
-1.7638098001480103, -5.782214164733887, -13.043037414550781, -18.772424697875977, -34.50485610961914, -36.452598571777344, -61.95884704589844, -55.845001220703125
7.17731473212635e-12, 1.3471214771270752, 3.9994266033172607, 7.240899085998535, 16.35345458984375, 23.513927459716797, 37.2166748046875, 40.38287353515625
1.8213567733764648, 8.109166145324707, 17.16928482055664, 38.0782356262207, 63.5598258972168, 57.329551696777344, 94.21453094482422, 97.90628051757812
3.510831832885742, 14.318042755126953, 29.208593368530273, 48.651390075683594, 84.25370788574219, 81.42436981201172, 88.9460678100586, 48.96418380737305
5.38525915145874, 19.35976791381836, 44.32875442504883, 52.86216735839844, 73.12222290039062, 57.02912139892578, 16.40717887878418, -29.293468475341797
6.690261363983154, 23.204755783081055, 36.08525085449219, 44.083011627197266, 30.265960693359375, -8.112659454345703, -52.61440658569336, -102.71475982666016
8.314005851745605, 26.380828857421875, 39.29669189453125, 25.37645149230957, -16.2374210357666, -60.39583969116211, -126.04505157470703, -88.92365264892578
10.148950576782227, 27.49671745300293, 26.856401443481445, -1.3982993364334106, -59.70365524291992, -77.95079040527344, -77.44087219238281, 8.151622772216797
10.945072174072266, 27.278968811035156, 15.436821937561035, -27.467763900756836, -78.80482482910156, -49.75333786010742, 13.749269485473633, 88.6067886352539
12.304360389709473, 27.068035125732422, 1.0579134225845337, -49.64851760864258, -70.14671325683594, -0.09398254007101059, 89.61863708496094, 127.1219253540039
12.98597526550293, 20.911176681518555, -15.498039245605469, -46.62749481201172, -36.27390670776367, 56.51791000366211, 113.16185760498047, 2.8486173152923584
13.981658935546875, 15.11401653289795, -26.83458709716797, -53.85286331176758, 17.311683654785156, 108.18838500976562, 31.60288429260254, -83.00904083251953
13.227727890014648, 8.682648658752441, -33.13058853149414, -33.43049621582031, 50.43207931518555, 78.60791015625, -63.359317779541016, -113.04331970214844
13.573430061340332, 2.337905168533325, -47.48381042480469, -6.524771213531494, 61.24814987182617, 12.202211380004883, -109.16722106933594, -12.53669548034668
13.93382453918457, -5.200138092041016, -44.36481857299805, 22.265071868896484, 68.95272064208984, -42.58242416381836, -96.46700286865234, 76.66735076904297
13.949443817138672, -10.96268367767334, -30.133617401123047, 46.436946868896484, 24.237276077270508, -58.821529388427734, 5.813104152679443, 86.77192687988281
13.138378143310547, -19.07145118713379, -18.71002960205078, 64.63033294677734, -17.162935256958008, -83.17144012451172, 59.89567947387695, 38.09383010864258
12.193535804748535, -23.97243881225586, -5.767055034637451, 48.98058319091797, -43.58188247680664, -24.17354965209961, 94.79251861572266, -78.80953979492188
11.373053550720215, -26.23679542541504, 9.239620208740234, 37.76987075805664, -66.4749755859375, 37.859195709228516, 58.232826232910156, -68.26239013671875
11.273383140563965, -26.99323272705078, 21.16082191467285, 13.510641098022461, -49.09438705444336, 80.91961669921875, -30.89568519592285, -38.08348083496094
9.430798530578613, -28.147510528564453, 31.872392654418945, -14.565967559814453, -31.062999725341797, 57.961849212646484, -107.40058898925781, 48.342079162597656
8.661308288574219, -26.47188377380371, 44.54269790649414, -37.23496627807617, 17.092111587524414, 36.8926887512207, -86.97883605957031, 82.76398468017578
6.507575035095215, -24.233196258544922, 38.04438781738281, -49.24142074584961, 50.397613525390625, -24.654006958007812, -5.990723133087158, 38.88506317138672
4.974993705749512, -18.851818084716797, 38.76637649536133, -50.84540557861328, 81.71976470947266, -92.85086822509766, 71.35332489013672, -44.59344482421875
3.3754706382751465, -12.75290298461914, 28.00719451904297, -45.6654167175293, 49.192039489746094, -98.95460510253906, 119.49165344238281, -149.37460327148438
1.8121768236160278, -5.803563594818115, 13.252849578857422, -20.794662475585938, 29.257164001464844, -37.6989860534668, 38.258750915527344, -43.366432189941406
-7.217230719308576e-12, 1.4540865421295166, -3.848644495010376, 7.275417804718018, -16.959884643554688, 18.424497604370117, -28.052528381347656, 42.581974029541016
-1.7226356267929077, 9.021681785583496, -20.518436431884766, 38.957275390625, -43.82850646972656, 56.521453857421875, -71.97469329833984, 70.61385345458984
-3.466453790664673, 14.91738510131836, -30.457918167114258, 61.265010833740234, -80.4999008178711, 62.174198150634766, -67.4881591796875, 67.82307434082031
-5.4198174476623535, 20.049335479736328, -38.64381790161133, 63.23676681518555, -65.82012939453125, 52.71818161010742, -15.165766716003418, -19.304058074951172
-6.618884563446045, 22.3320369720459, -45.551780700683594, 55.05392074584961, -34.459129333496094, -13.433968544006348, 80.53752136230469, -115.65884399414062
-8.431615829467773, 28.02037811279297, -38.16078567504883, 22.73081398010254, 12.281599044799805, -48.599300384521484, 127.69637298583984, -79.79904174804688
-9.883121490478516, 25.623428344726562, -25.656551361083984, -1.4789026975631714, 51.18399429321289, -83.98998260498047, 45.914432525634766, 8.146306991577148
-11.236799240112305, 30.04226303100586, -18.676511764526367, -25.89237403869629, 77.27021789550781, -49.344390869140625, -22.233121871948242, 106.68567657470703
-11.7836275100708, 24.65108871459961, -0.9613392353057861, -50.13006591796875, 74.94590759277344, -0.1338076889514923, -114.20243072509766, 69.97901916503906
-12.443365097045898, 22.687517166137695, 15.211681365966797, -51.28123092651367, 23.174392700195312, 41.36198806762695, -90.18856048583984, 4.151139736175537
-13.903959274291992, 16.50545883178711, 31.42536735534668, -44.953163146972656, -13.688371658325195, 108.89896392822266, -24.908153533935547, -105.20856475830078
-13.329048156738281, 9.51347541809082, 32.83866882324219, -32.14616775512695, -56.4445686340332, 52.643436431884766, 61.103424072265625, -85.81865692138672
-14.02096939086914, 2.220708131790161, 44.76654815673828, -5.265449523925781, -73.54218292236328, 9.858925819396973, 126.13386535644531, -10.534830093383789
-14.330491065979004, -5.107041835784912, 43.278743743896484, 20.449472427368164, -52.03742599487305, -45.085750579833984, 81.08587646484375, 78.90478515625
-13.5917329788208, -11.988309860229492, 35.0997200012207, 37.912193298339844, -27.178117752075195, -93.03260040283203, -6.071817874908447, 80.3932113647461
-14.067173957824707, -16.58440589904785, 18.928730010986328, 52.846473693847656, 16.263792037963867, -61.02304458618164, -53.92774963378906, 33.69773864746094
-12.548954963684082, -23.597042083740234, 7.317413806915283, 57.085147857666016, 40.567630767822266, -25.149555206298828, -94.68192291259766, -60.263797760009766
-11.508234024047852, -27.56851577758789, -8.35052490234375, 36.30500411987305, 63.259124755859375, 35.61928176879883, -40.709632873535156, -154.48915100097656
-11.357046127319336, -25.67130470275879, -22.842926025390625, 13.311963081359863, 48.26420974731445, 92.99723815917969, 35.520721435546875, -31.767393112182617
-9.765157699584961, -26.487194061279297, -35.781288146972656, -13.764885902404785, 31.09368133544922, 87.55070495605469, 119.99252319335938, 55.835994720458984
-8.045884132385254, -24.20758056640625, -41.70962905883789, -42.68888473510742, -11.317774772644043, 37.91560745239258, 92.590087890625, 118.21286010742188
-6.735198020935059, -23.248859405517578, -43.5186882019043, -62.66980743408203, -41.43984603881836, -30.572479248046875, 7.674069881439209, 62.4207763671875
-5.2148895263671875, -19.852712631225586, -39.88618469238281, -54.619625091552734, -55.33835983276367, -91.89643859863281, -87.67301940917969, -63.897850036621094
-3.5291829109191895, -13.581987380981445, -27.202810287475586, -37.69752883911133, -58.391639709472656, -68.79965209960938, -118.80622100830078, -92.89547729492188
-1.8135247230529785, -6.208621501922607, -10.673028945922852, -18.4033145904541, -28.024700164794922, -39.674232482910156, -52.992435455322266, -95.2326889038086
6.949377705234294e-12, 1.5378267765045166, 4.569463729858398, 8.334059715270996, 15.543517112731934, 16.97247886657715, 21.664457321166992, 26.094417572021484
1.778579831123352, 8.069600105285645, 17.673017501831055, 30.719640731811523, 46.31398010253906, 83.97389221191406, 101.67499542236328, 153.87515258789062
3.6538448333740234, 13.613081932067871, 27.589191436767578, 51.29023361206055, 53.45834732055664, 95.89044952392578, 64.77454376220703, 52.96220016479492
5.222305774688721, 21.23825454711914, 43.06068801879883, 51.159889221191406, 51.37811279296875, 38.71134567260742, 13.868287086486816, -17.682069778442383
6.676520824432373, 25.22455406188965, 38.418575286865234, 46.54264450073242, 27.043781280517578, -11.201602935791016, -51.87642288208008, -87.00023651123047
8.532983779907227, 27.371068954467773, 42.51663589477539, 24.583471298217773, -13.644969940185547, -69.15782928466797, -69.49407958984375, -68.23255157470703
10.371994972229004, 27.023658752441406, 16.941621780395508, -23.940736770629883, -72.04939270019531, -61.561546325683594, 14.912405014038086, 78.31595611572266
12.445874214172363, 23.190359115600586, 1.23972487449646, -51.92698669433594, -67.7957992553711, -0.11055565625429153, 101.27828979492188, 87.62007904052734
12.731493949890137, 20.382570266723633, -13.040569305419922, -67.77606964111328, -31.186155319213867, 67.42262268066406, 85.76932525634766, 4.1649065017700195
13.294267654418945, 16.038103103637695, -25.23297882080078, -54.220584869384766, 11.696306228637695, 66.24313354492188, 22.27410316467285, -123.26189422607422
13.934310913085938, 9.546981811523438, -32.48508071899414, -32.669979095458984, 43.96506881713867, 75.54596710205078, -59.83854675292969, -65.8270034790039
14.081521034240723, 2.2142670154571533, -37.7014045715332, -6.237432479858398, 69.17503356933594, 10.901058197021484, -113.72256469726562, -11.423980712890625
13.871112823486328, -5.259689807891846, -35.547515869140625, 17.7641544342041, 54.40696716308594, -43.26107406616211, -67.09207153320312, 67.33129119873047
13.796941757202148, -11.00473403930664, -37.566280364990234, 51.437862396240234, 26.994384765625, -72.75312042236328, 6.38801383972168, 116.21257019042969
13.676177978515625, -18.49748992919922, -20.1951904296875, 47.916847229003906, -16.20720100402832, -56.73785400390625, 106.32292175292969, 19.285303115844727
13.074071884155273, -21.775339126586914, -5.822995662689209, 60.08759689331055, -63.52437973022461, -20.245351791381836, 121.41011810302734, -88.79510498046875
12.239118576049805, -26.901193618774414, 9.502727508544922, 43.58646774291992, -80.65309143066406, 48.5919303894043, 29.223466873168945, -88.8441390991211
11.164510726928711, -26.518451690673828, 25.193574905395508, 13.433012008666992, -60.74429702758789, 97.41232299804688, -53.86301040649414, -54.042083740234375
9.651765823364258, -27.141916275024414, 37.61363220214844, -14.926888465881348, -23.35546875, 60.417842864990234, -98.62798309326172, 56.19648742675781
7.954840660095215, -23.81939125061035, 45.87040710449219, -44.52180862426758, 16.76034927368164, 23.353906631469727, -78.17124938964844, 136.46121215820312
7.088160991668701, -21.509828567504883, 46.856014251708984, -56.648529052734375, 47.07442855834961, -30.75225067138672, -8.79053783416748, 63.59477996826172
5.4145708084106445, -17.455703735351562, 32.75815200805664, -51.38372039794922, 62.48143768310547, -62.075035095214844, 60.86397171020508, -61.52469253540039
3.5549561977386475, -12.535654067993164, 23.802343368530273, -39.221797943115234, 64.77468872070312, -81.1724624633789, 85.99703979492188, -135.06419372558594
1.8270282745361328, -5.9028167724609375, 10.136435508728027, -22.49869728088379, 29.10103416442871, -42.14735794067383, 59.057491302490234, -45.00764465332031
-7.295253810768454e-12, 1.4773030281066895, -4.182251930236816, 9.857712745666504, -13.53757095336914, 27.118452072143555, -20.895896911621094, 35.37309646606445
-1.7026139497756958, 8.889971733093262, -16.90030860900879, 38.549644470214844, -54.880027770996094, 81.29674530029297, -113.69782257080078, 68.43608856201172
-3.478513240814209, 14.210413932800293, -29.179317474365234, 60.98863220214844, -76.94719696044922, 106.34874725341797, -62.97053909301758, 61.95798110961914
-5.093956470489502, 18.41220474243164, -41.063232421875, 52.41150665283203, -54.23664855957031, 49.29388427734375, -13.32736587524414, -19.49815559387207
-6.934950351715088, 26.953462600708008, -47.740421295166016, 38.0643310546875, -24.501840591430664, -9.658817291259766, 60.6714973449707, -96.86647033691406
-8.443583488464355, 25.525331497192383, -37.79376983642578, 30.16518211364746, 11.363280296325684, -45.95903015136719, 93.656494140625, -77.85182189941406
-10.067885398864746, 25.803112030029297, -27.866596221923828, -1.1215358972549438, 60.046905517578125, -89.02937316894531, 77.06085205078125, 15.169361114501953
-10.526729583740234, 29.608928680419922, -15.55079460144043, -27.332550048828125, 75.92957305908203, -69.29436492919922, -18.0766658782959, 101.72933197021484
-11.89156723022461, 25.74848175048828, -1.2156267166137695, -41.531856536865234, 51.16363525390625, -0.0952688530087471, -88.79791259765625, 89.42879486083984
-13.097305297851562, 19.415258407592773, 14.610650062561035, -57.545501708984375, 25.58386993408203, 57.8009147644043, -86.92330932617188, 3.0137414932250977
-13.870235443115234, 16.22492218017578, 24.607398986816406, -60.20030212402344, -10.744044303894043, 108.67477416992188, -35.31413650512695, -98.40677642822266
-14.543917655944824, 8.417011260986328, 33.37984085083008, -37.40704345703125, -47.72876739501953, 52.80530548095703, 56.197505950927734, -134.92080688476562
-13.642338752746582, 2.061065912246704, 39.3538703918457, -5.626433372497559, -77.13829803466797, 8.625473022460938, 107.51016998291016, -23.28949546813965
-14.4594087600708, -4.53643274307251, 46.4705810546875, 22.156566619873047, -70.03880310058594, -41.130157470703125, 51.42194747924805, 97.4510726928711
-13.351669311523438, -11.468167304992676, 34.567405700683594, 48.733333587646484, -24.76092529296875, -72.1874771118164, -4.102848529815674, 98.43993377685547
-13.86489486694336, -16.305818557739258, 20.10999298095703, 61.208858489990234, 14.768208503723145, -75.18350982666016, -54.73309326171875, 43.2761116027832
-12.838534355163574, -21.051219940185547, 6.911165237426758, 60.25267028808594, 46.90906524658203, -19.881324768066406, -78.39418029785156, -58.03022766113281
-11.628223419189453, -28.124027252197266, -8.215507507324219, 44.7264404296875, 62.17446517944336, 29.373226165771484, -35.68411636352539, -150.27734375
-10.951539039611816, -29.901866912841797, -24.21862030029297, 12.684205055236816, 51.03938293457031, 82.8829574584961, 38.10066604614258, -43.69028091430664
-9.409244537353516, -29.490528106689453, -38.682552337646484, -13.626303672790527, 25.62670135498047, 65.74642944335938, 117.2172622680664, 38.97444152832031
-8.510167121887207, -28.37196159362793, -46.853023529052734, -44.45313262939453, -16.68180274963379, 35.80467987060547, 61.79825973510742, 94.73967742919922
-6.688730239868164, -24.417333602905273, -40.51591110229492, -56.93010711669922, -59.229251861572266, -32.72990417480469, 5.256237983703613, 46.88913345336914
-5.262969493865967, -18.069501876831055, -31.02140235900879, -58.401485443115234, -85.92513275146484, -63.151004791259766, -57.204532623291016, -36.72563552856445
-3.6634624004364014, -13.13203239440918, -24.19622802734375, -39.81694030761719, -63.15342712402344, -77.02366638183594, -103.70417785644531, -109.17539978027344
-1.8396639823913574, -5.652706146240234, -11.9647798538208, -20.284038543701172, -25.663070678710938, -46.75398254394531, -50.41830825805664, -60.84885787963867
7.578260935448e-12, 1.333336591720581, 3.6739540100097656, 9.04443073272705, 11.587043762207031, 21.6207275390625, 23.343196868896484, 35.39202117919922
1.7562521696090698, 8.692696571350098, 17.54838752746582, 35.38118362426758, 41.6700553894043, 65.9089584350586, 79.03777313232422, 76.84290313720703
3.6369895935058594, 13.448450088500977, 32.933223724365234, 57.42597961425781, 54.427433013916016, 66.3567886352539, 111.24164581298828, 64.79691314697266
5.1990790367126465, 20.855602264404297, 40.63662338256836, 48.79607391357422, 52.04084396362305, 48.603851318359375, 22.653514862060547, -33.605098724365234
6.6683759689331055, 24.889957427978516, 37.48768615722656, 46.27660369873047, 23.212825775146484, -12.146100997924805, -73.2139663696289, -112.46874237060547
8.175918579101562, 26.84302520751953, 40.83209228515625, 26.971221923828125, -11.309618949890137, -66.89276885986328, -123.38582611083984, -109.86336517333984
9.216689109802246, 29.229528427124023, 26.180686950683594, -1.118695855140686, -58.04629135131836, -85.46826934814453, -43.78926467895508, 11.475252151489258
10.804964065551758, 28.122798919677734, 16.702306747436523, -33.63457489013672, -73.73440551757812, -68.25775146484375, 12.541247367858887, 101.21453857421875
11.654695510864258, 24.075345993041992, 0.9790948629379272, -55.38191604614258, -70.60498046875, -0.09773033112287521, 107.33153533935547, 66.08943176269531
13.251632690429688, 22.923688888549805, -16.212797164916992, -62.57798385620117, -28.054597854614258, 54.79637908935547, 68.68722534179688, 3.354036569595337
13.153424263000488, 13.968668937683105, -31.005884170532227, -60.13043212890625, 13.142658233642578, 78.21401977539062, 30.62226104736328, -122.5737075805664
14.545103073120117, 9.631673812866211, -37.362789154052734, -37.29573059082031, 55.65528106689453, 76.16239166259766, -69.37423706054688, -111.82784271240234
13.546212196350098, 2.1564948558807373, -42.57529830932617, -6.741771221160889, 81.83965301513672, 11.98583984375, -124.01500701904297, -10.443978309631348
14.150527000427246, -5.208441257476807, -42.800811767578125, 25.887619018554688, 73.44422149658203, -51.666481018066406, -63.575050354003906, 103.66226196289062
14.046358108520508, -11.888362884521484, -37.259010314941406, 35.667625427246094, 22.750402450561523, -59.13746643066406, 4.008239269256592, 107.76249694824219
13.789668083190918, -17.013145446777344, -21.40264892578125, 46.05844497680664, -13.638663291931152, -84.62540435791016, 56.37123107910156, 40.66179275512695
12.329293251037598, -21.27100944519043, -6.212539196014404, 60.8623046875, -57.515560150146484, -18.01690101623535, 103.72483825683594, -95.76832580566406
12.196741104125977, -25.741130828857422, 9.605391502380371, 43.93549728393555, -79.0068130493164, 48.89264678955078, 44.45325469970703, -76.0841293334961
11.286969184875488, -28.846445083618164, 27.397130966186523, 13.594605445861816, -48.430870056152344, 70.38585662841797, -31.423402786254883, -58.674015045166016
9.811788558959961, -27.866565704345703, 39.83501434326172, -18.207712173461914, -32.41395950317383, 68.63196563720703, -86.91841888427734, 65.54601287841797
8.088138580322266, -27.002079010009766, 38.13069152832031, -35.8798713684082, 11.886497497558594, 36.08449935913086, -94.41734313964844, 71.950439453125
6.7959794998168945, -24.262304306030273, 36.775142669677734, -64.93889617919922, 59.499935150146484, -33.13964080810547, -10.134105682373047, 78.1111068725586
5.426863670349121, -18.811357498168945, 39.23638153076172, -53.38768005371094, 72.84125518798828, -98.67535400390625, 49.36397933959961, -49.27943801879883
3.454693555831909, -13.285285949707031, 25.886520385742188, -34.39033889770508, 59.96651077270508, -68.68909454345703, 107.59878540039062, -76.38731384277344
1.6924246549606323, -5.59740686416626, 12.301228523254395, -19.968055725097656, 26.980741500854492, -30.261987686157227, 47.42924880981445, -48.34130859375
-7.611550278951995e-12, 1.4797183275222778, -3.9049370288848877, 7.146846771240234, -15.22366714477539, 21.936002731323242, -32.9262580871582, 31.04176139831543
-1.7534480094909668, 8.733844757080078, -16.723196029663086, 35.88175964355469, -39.886436462402344, 78.59233856201172, -60.96061706542969, 130.17808532714844
-3.485231637954712, 14.365690231323242, -34.41509246826172, 55.688507080078125, -77.77286529541016, 86.10417175292969, -99.07567596435547, 90.52059173583984
-5.446356296539307, 20.931394577026367, -36.85026168823242, 66.56905364990234, -49.10577392578125, 35.25708770751953, -16.507516860961914, -23.80171775817871
-6.653229713439941, 25.833253860473633, -43.78970718383789, 51.64528274536133, -22.333694458007812, -8.084599494934082, 68.97247314453125, -113.7998275756836
-8.466385841369629, 28.590471267700195, -42.37349319458008, 22.645729064941406, 10.652300834655762, -59.966365814208984, 93.07315826416016, -54.43454360961914
-9.32776927947998, 28.689697265625, -33.93048858642578, -1.6404061317443848, 58.02676773071289, -82.51138305664062, 51.78994369506836, 11.655661582946777
-11.301283836364746, 28.360647201538086, -14.659854888916016, -29.172752380371094, 85.7127685546875, -49.66933059692383, -22.204397201538086, 121.67475128173828
-11.816938400268555, 23.95319366455078, -1.1087650060653687, -47.84131622314453, 57.52083969116211, -0.1188138797879219, -86.0534896850586, 127.7147216796875
-13.36333179473877, 20.444499969482422, 12.55189037322998, -49.36853790283203, 22.50547218322754, 73.66047668457031, -98.67029571533203, 2.201488494873047
-14.107221603393555, 14.645955085754395, 24.143041610717773, -57.89860534667969, -16.628299713134766, 107.37910461425781, -31.12420082092285, -79.10462951660156
-14.455631256103516, 8.182393074035645, 40.9232177734375, -30.540565490722656, -60.094947814941406, 51.150020599365234, 61.744285583496094, -62.35537338256836
-13.625617980957031, 2.0535085201263428, 41.76535415649414, -5.33877420425415, -65.01448822021484, 9.779309272766113, 94.65380096435547, -22.003589630126953
-13.995223999023438, -4.531187057495117, 45.229774475097656, 22.68144416809082, -62.835235595703125, -57.363067626953125, 57.63383865356445, 93.14701843261719
-13.682268142700195, -10.905438423156738, 29.89894676208496, 49.006473541259766, -34.360206604003906, -74.8398208618164, -5.556067943572998, 121.11421966552734
-13.278064727783203, -16.403688430786133, 23.450153350830078, 61.36345672607422, 15.039602279663086, -81.4311294555664, -64.47086334228516, 23.779415130615234
-12.345602035522461, -20.70330810546875, 7.2030348777771, 58.38607406616211, 56.9354133605957, -20.49368667602539, -101.64582824707031, -83.05904388427734
-11.719480514526367, -26.67159652709961, -10.598518371582031, 36.921119689941406, 59.428340911865234, 42.59292984008789, -47.346099853515625, -111.796142578125
-10.67634391784668, -29.26120948791504, -27.224267959594727, 15.135920524597168, 61.570091247558594, 70.83932495117188, 37.62806701660156, -56.84676742553711
-9.75846004486084, -30.378097534179688, -32.05101776123047, -17.6419677734375, 29.244733810424805, 72.03400421142578, 95.86824798583984, 85.75357055664062
-8.256305694580078, -25.069664001464844, -47.447776794433594, -39.11946487426758, -15.442448616027832, 36.832237243652344, 65.45095825195312, 151.24481201171875
-6.800980091094971, -22.3731689453125, -42.866451263427734, -57.4011344909668, -39.45642852783203, -22.505653381347656, 9.433605194091797, 37.3360710144043
-5.32724142074585, -16.89437484741211, -39.52867126464844, -48.465938568115234, -87.63787841796875, -77.53605651855469, -87.75125122070312, -57.838722229003906
-3.656625986099243, -11.435456275939941, -25.935970306396484, -34.37886047363281, -51.00917053222656, -63.02629089355469, -78.78138732910156, -101.04133605957031
-1.729007363319397, -5.737837314605713, -11.661201477050781, -16.99468994140625, -28.13288688659668, -41.214027404785156, -70.61747741699219, -55.326290130615234
7.200482397828889e-12, 1.2993983030319214, 4.552550792694092, 7.4078216552734375, 10.96810245513916, 21.994382858276367, 35.371498107910156, 29.973962783813477
1.7358663082122803, 9.216599464416504, 20.344324111938477, 40.980892181396484, 57.62530517578125, 85.84020233154297, 99.93653869628906, 84.86869812011719
3.4949839115142822, 15.692176818847656, 29.545276641845703, 56.770259857177734, 63.41262435913086, 86.97156524658203, 63.139556884765625, 103.03874206542969
5.08002233505249, 19.078479766845703, 41.97226333618164, 65.89653778076172, 70.62007904052734, 37.97696304321289, 24.28267478942871, -25.157241821289062
6.686034202575684, 23.124813079833984, 37.81125259399414, 39.862579345703125, 24.806612014770508, -12.362552642822266, -80.06407928466797, -94.5551528930664
8.63798999786377, 28.298818588256836, 34.23214340209961, 27.901180267333984, -14.876134872436523, -75.35009002685547, -130.64654541015625, -63.74005126953125
9.92255973815918, 26.867002487182617, 32.42265701293945, -1.1793211698532104, -40.157676696777344, -85.62376403808594, -82.2132568359375, 11.588957786560059
11.26126480102539, 25.397449493408203, 15.517513275146484, -30.425508499145508, -76.5616455078125, -68.2893295288086, 15.076957702636719, 100.7112808227539
12.400056838989258, 26.30789566040039, 1.1722137928009033, -42.58823776245117, -55.75867462158203, -0.0915822759270668, 61.34141540527344, 75.04753875732422
13.110965728759766, 21.421857833862305, -12.556696891784668, -56.24897384643555, -30.573034286499023, 59.90043640136719, 79.06200408935547, 4.043501853942871
13.180941581726074, 15.712030410766602, -28.450393676757812, -40.853729248046875, 16.37858772277832, 92.17745208740234, 40.69019317626953, -113.00930786132812
14.585198402404785, 9.40839672088623, -43.29475784301758, -37.75099182128906, 47.723289489746094, 57.42839431762695, -48.55593490600586, -115.98040008544922
13.576014518737793, 2.1810734272003174, -45.99600601196289, -6.127471446990967, 87.04077911376953, 13.313589096069336, -85.58847045898438, -21.73196029663086
13.573158264160156, -5.231573581695557, -38.59389877319336, 25.958518981933594, 60.2112922668457, -46.04520034790039, -70.59029388427734, 117.05862426757812
13.905106544494629, -11.022282600402832, -32.596763610839844, 47.801231384277344, 34.3673210144043, -60.44547653198242, 5.083603382110596, 80.66539764404297
13.220789909362793, -16.5959529876709, -20.765859603881836, 45.74726867675781, -13.135184288024902, -92.77513885498047, 103.52122497558594, 21.064422607421875
12.770208358764648, -21.788654327392578, -5.993740081787109, 58.088592529296875, -62.00201416015625, -18.97132110595703, 79.06441497802734, -46.524169921875
11.778932571411133, -24.551136016845703, 8.173977851867676, 37.5192756652832, -75.78273010253906, 52.8284912109375, 49.393802642822266, -114.24786376953125
10.483766555786133, -26.796268463134766, 21.07474708557129, 11.541085243225098, -65.75196075439453, 67.93631744384766, -42.025665283203125, -33.52471160888672
9.617834091186523, -27.791778564453125, 40.459716796875, -12.787230491638184, -22.294111251831055, 68.12184143066406, -121.12293243408203, 65.98729705810547
8.574094772338867, -26.75739288330078, 46.263282775878906, -33.72392272949219, 11.469527244567871, 31.795087814331055, -63.07224655151367, 125.53965759277344
6.511623859405518, -23.92861557006836, 39.8753547668457, -53.26753234863281, 63.83826446533203, -27.494667053222656, -8.419425964355469, 54.032386779785156
5.453217029571533, -18.147241592407227, 34.64039611816406, -64.49711608886719, 80.54753875732422, -57.55759048461914, 70.80471801757812, -65.43047332763672
3.4084768295288086, -12.894222259521484, 28.750160217285156, -38.456729888916016, 61.51078414916992, -60.904930114746094, 68.4199447631836, -91.21207427978516
1.7729424238204956, -5.495298385620117, 12.865621566772461, -16.893280029296875, 26.252859115600586, -49.241886138916016, 46.03688049316406, -81.10102844238281
-7.140095806268398e-12, 1.3972841501235962, -4.432746410369873, 6.941707611083984, -16.930749893188477, 14.695326805114746, -36.62913513183594, 38.67921829223633
-1.8253644704818726, 9.21466064453125, -18.045602798461914, 34.38094711303711, -41.62104797363281, 68.89114379882812, -122.2468490600586, 68.61720275878906
-3.5989151000976562, 13.679854393005371, -29.437650680541992, 44.21592712402344, -78.83885192871094, 97.15072631835938, -58.53069305419922, 79.41983795166016
-5.347533226013184, 22.374116897583008, -43.183982849121094, 46.57753372192383, -70.71589660644531, 36.85093307495117, -24.382837295532227, -32.796566009521484
-7.01108980178833, 25.885915756225586, -46.434627532958984, 46.84276580810547, -30.30419158935547, -12.89626407623291, 65.99862670898438, -79.9441146850586
-8.532790184020996, 26.070524215698242, -43.973541259765625, 20.87483787536621, 14.50590991973877, -48.25016403198242, 79.29630279541016, -86.54203796386719
-9.925498008728027, 30.522985458374023, -31.005653381347656, -1.4266680479049683, 62.214839935302734, -94.20672607421875, 49.49404525756836, 9.492057800292969
-11.283846855163574, 26.16634178161621, -16.323701858520508, -28.59453010559082, 82.87723541259766, -59.492000579833984, -11.650826454162598, 118.01187133789062
-12.159341812133789, 24.322874069213867, -1.221297264099121, -39.51068115234375, 72.17321014404297, -0.10633359104394913, -74.23477172851562, 92.53909301757812
-12.74236011505127, 20.36760139465332, 16.412885665893555, -57.64029312133789, 28.73761558532715, 51.49525833129883, -96.08040618896484, 2.8758862018585205
-13.974289894104004, 16.19070816040039, 24.089553833007812, -42.85957717895508, -16.477272033691406, 96.60044860839844, -30.837820053100586, -63.372352600097656
-14.38570499420166, 8.43187141418457, 40.08283996582031, -30.875377655029297, -59.156192779541016, 77.82502746582031, 43.58668899536133, -121.4129867553711
-14.463963508605957, 2.3254966735839844, 47.33954620361328, -5.82438850402832, -67.21318817138672, 8.299212455749512, 127.34162902832031, -23.058406829833984
-14.401925086975098, -5.267848014831543, 44.59218215942383, 21.38640785217285, -73.1216812133789, -61.0419807434082, 94.5203857421875, 53.27983093261719
-14.356341361999512, -11.237442970275879, 32.39613342285156, 41.62204360961914, -31.08281707763672, -92.10205078125, -6.372544765472412, 99.05833435058594
-13.620217323303223, -18.03001594543457, 20.13126564025879, 65.53951263427734, 13.22580337524414, -78.39054107666016, -72.6019287109375, 30.161422729492188
-12.693120002746582, -20.64525604248047, 6.548238754272461, 48.37007141113281, 59.63003921508789, -19.06693458557129, -75.01207733154297, -90.1387939453125
-11.934612274169922, -28.690526962280273, -9.236371994018555, 35.84808349609375, 58.280879974365234, 38.977840423583984, -43.590545654296875, -93.77652740478516
-10.87070083618164, -27.286428451538086, -20.976303100585938, 11.323441505432129, 67.93152618408203, 77.35895538330078, 51.1995849609375, -37.94609832763672
-9.306472778320312, -29.696868896484375, -40.27321243286133, -12.349522590637207, 28.5130672454834, 93.59170532226562, 79.44534301757812, 65.42057800292969
-7.938698768615723, -24.776290893554688, -36.484432220458984, -39.686824798583984, -14.08218765258789, 36.36705017089844, 60.37493133544922, 154.86204528808594
-6.504687786102295, -23.75600814819336, -42.61553192138672, -48.48941421508789, -51.32086181640625, -22.587818145751953, 5.90701150894165, 66.22817993164062
-5.433593273162842, -16.78246307373047, -33.424598693847656, -49.39190673828125, -54.430484771728516, -92.74124145507812, -60.70598220825195, -51.252445220947266
-3.523752212524414, -11.979564666748047, -23.69559097290039, -34.71953201293945, -56.90779495239258, -70.32624053955078, -127.75074768066406, -112.31433868408203
-1.8364061117172241, -6.142454624176025, -12.794092178344727, -19.854751586914062, -28.95539665222168, -46.27168273925781, -53.867393493652344, -80.00868225097656
7.782333805161912e-12, 1.4672901630401611, 4.81779670715332, 9.055880546569824, 16.654027938842773, 22.639266967773438, 33.02165985107422, 26.431859970092773
1.7348060607910156, 9.116541862487793, 21.247163772583008, 29.724973678588867, 48.56267547607422, 72.53028869628906, 81.36572265625, 102.68205261230469
3.401137113571167, 14.537290573120117, 30.699508666992188, 49.38396072387695, 81.86528778076172, 70.50003051757812, 93.9340591430664, 66.39891815185547
5.205296993255615, 19.376535415649414, 39.78499984741211, 65.58863067626953, 73.82494354248047, 50.5479736328125, 20.069923400878906, -16.309307098388672
6.949001312255859, 26.819480895996094, 43.38705062866211, 53.873416900634766, 22.45873260498047, -13.012371063232422, -63.0427360534668, -115.67411804199219
8.553425788879395, 28.033790588378906, 40.114959716796875, 30.041086196899414, -15.765870094299316, -57.092613220214844, -131.18714904785156, -71.74913024902344
9.339298248291016, 25.71940040588379, 28.18726921081543, -1.42940354347229, -47.9404411315918, -105.50556182861328, -79.17750549316406, 8.339313507080078
10.968873977661133, 26.867780685424805, 14.726847648620605, -24.85857391357422, -67.87620544433594, -63.372406005859375, 15.349202156066895, 63.93269348144531
11.624125480651855, 26.713775634765625, 1.0824944972991943, -39.69721603393555, -62.33920669555664, -0.14285749197006226, 90.37297821044922, 123.83612823486328
12.733449935913086, 18.956218719482422, -14.595115661621094, -60.771575927734375, -36.40463638305664, 65.00325775146484, 69.2791519165039, 4.254832744598389
13.708389282226562, 16.68048667907715, -24.0924072265625, -57.16368103027344, 13.206287384033203, 66.11233520507812, 21.276845932006836, -121.8006591796875
13.868589401245117, 9.42013931274414, -40.641902923583984, -28.302160263061523, 64.96673583984375, 50.0284423828125, -42.535308837890625, -79.78536224365234
14.46920108795166, 2.2421560287475586, -42.25838851928711, -6.275876522064209, 67.81410217285156, 9.266719818115234, -74.91896057128906, -12.097365379333496
14.487582206726074, -5.335256576538086, -39.16200256347656, 21.205242156982422, 52.688114166259766, -53.17314529418945, -91.22203826904297, 60.029571533203125
14.28799819946289, -12.171229362487793, -37.90060043334961, 48.53758239746094, 35.70022201538086, -65.51077270507812, 3.59983491897583, 120.89177703857422
13.927703857421875, -16.770977020263672, -22.02798843383789, 64.2445068359375, -16.23053741455078, -86.69486999511719, 55.912445068359375, 35.732521057128906
12.68683910369873, -22.941028594970703, -6.17655086517334, 51.26543426513672, -46.05705261230469, -19.998756408691406, 75.28108215332031, -54.28705596923828
11.809557914733887, -28.59542465209961, 9.539710998535156, 36.02549362182617, -86.93130493164062, 36.4754753112793, 44.61313247680664, -142.10675048828125
11.11168384552002, -27.975830078125, 20.658002853393555, 12.665600776672363, -64.11412811279297, 82.91542053222656, -32.46940994262695, -41.6169548034668
9.76380729675293, -27.53710174560547, 32.262264251708984, -18.05028533935547, -28.52951431274414, 81.09671783447266, -98.11587524414062, 75.17445373535156
8.234763145446777, -28.74675178527832, 41.79122543334961, -43.041831970214844, 12.595656394958496, 25.087373733520508, -60.760772705078125, 157.7804412841797
6.488483428955078, -25.371158599853516, 46.97494125366211, -61.55059814453125, 64.69869232177734, -29.2618408203125, -9.222983360290527, 35.95305252075195
5.429479122161865, -17.657352447509766, 39.9420280456543, -58.58647537231445, 75.62335205078125, -73.02667999267578, 68.50489807128906, -51.75850296020508
3.5507259368896484, -13.371917724609375, 29.424850463867188, -42.612186431884766, 66.56981658935547, -65.39443969726562, 82.88296508789062, -86.41861724853516
1.79360032081604, -5.51736307144165, 10.241783142089844, -16.2862606048584, 34.067134857177734, -50.38554000854492, 66.659423828125, -74.06219482421875
-7.569980232935425e-12, 1.4117764234542847, -4.6199774742126465, 9.788873672485352, -11.008960723876953, 16.183040618896484, -19.353633880615234, 40.300994873046875
-1.7181003093719482, 8.881635665893555, -18.507001876831055, 34.135772705078125, -58.82820129394531, 60.144596099853516, -89.00836944580078, 99.68644714355469
-3.37619948387146, 14.694846153259277, -34.608482360839844, 41.637081146240234, -61.44716262817383, 77.47716522216797, -63.442420959472656, 73.55250549316406
-5.0339250564575195, 19.11408042907715, -35.30866622924805, 64.98980712890625, -50.99224853515625, 61.12301254272461, -18.750417709350586, -30.852880477905273
-6.981578826904297, 25.4155330657959, -37.103515625, 42.00326156616211, -25.42568588256836, -11.2783842086792, 45.87968826293945, -78.21113586425781
-8.079170227050781, 25.264616012573242, -43.873741149902344, 22.739017486572266, 11.49584674835205, -52.423770904541016, 127.59304809570312, -120.19551849365234
-10.012760162353516, 27.734256744384766, -27.0835018157959, -1.308909296989441, 61.2668571472168, -92.8647232055664, 55.34853744506836, 11.943625450134277
-11.072404861450195, 29.840084075927734, -18.140138626098633, -26.179550170898438, 63.836795806884766, -72.55799865722656, -19.180133819580078, 105.81684112548828
-12.066776275634766, 26.962751388549805, -1.1117156744003296, -54.08700942993164, 62.53976058959961, -0.11189860850572586, -105.73115539550781, 96.79817199707031
-12.933460235595703, 19.090320587158203, 15.58170223236084, -45.691097259521484, 33.481021881103516, 72.65384674072266, -65.25975036621094, 2.4190821647644043
-13.04267692565918, 15.717670440673828, 27.73771095275879, -55.340084075927734, -13.335484504699707, 65.25225830078125, -27.5244140625, -78.22013092041016
-14.499102592468262, 8.9276762008667, 32.988304138183594, -31.793869018554688, -59.63466262817383, 81.62679290771484, 57.835693359375, -124.30293273925781
-14.758759498596191, 2.075634717941284, 38.96335983276367, -5.644250869750977, -81.60601043701172, 8.33909797668457, 81.45092010498047, -20.50221824645996
-14.631972312927246, -5.25554895401001, 40.3188591003418, 25.552946090698242, -72.02926635742188, -45.936092376708984, 56.82536697387695, 63.585994720458984
-14.412291526794434, -12.098350524902344, 32.47977066040039, 46.33028030395508, -35.762916564941406, -105.55335998535156, -5.93438196182251, 138.34320068359375
-13.728195190429688, -17.107563018798828, 20.713226318359375, 55.41900634765625, 14.094080924987793, -79.97298431396484, -73.17613220214844, 38.72502136230469
-12.259209632873535, -22.094207763671875, 5.716629981994629, 57.305335998535156, 60.11054229736328, -16.113731384277344, -96.2717514038086, -54.06766891479492
-12.162819862365723, -23.706161499023438, -10.825873374938965, 42.86626052856445, 58.86382293701172, 49.589813232421875, -29.575225830078125, -156.12098693847656
-10.437867164611816, -25.262704849243164, -25.320167541503906, 12.381635665893555, 52.73664093017578, 92.60472869873047, 38.15073013305664, -57.108917236328125
-9.807109832763672, -27.5323486328125, -34.29147720336914, -18.171300888061523, 26.135940551757812, 79.67643737792969, 83.42279052734375, 83.7186508178711
-8.227917671203613, -26.340246200561523, -42.17112731933594, -44.76861572265625, -12.465578079223633, 40.3701171875, 95.45952606201172, 118.15632629394531
-6.473756313323975, -25.268232345581055, -41.71294403076172, -50.223548889160156, -63.905670166015625, -32.21171188354492, 7.444706439971924, 43.53266525268555
-5.261201858520508, -16.941936492919922, -36.752864837646484, -45.290306091308594, -59.69228744506836, -58.37260818481445, -48.05665588378906, -69.9738540649414
-3.649303913116455, -12.380354881286621, -25.637758255004883, -40.598045349121094, -46.20174789428711, -58.61101531982422, -86.44619750976562, -93.98307037353516
-1.706106424331665, -6.191227912902832, -10.185338020324707, -21.759489059448242, -33.2755241394043, -36.51106262207031, -46.30784606933594, -81.22750091552734
7.375581916047036e-12, 1.5239641666412354, 3.864309787750244, 7.336500644683838, 16.021554946899414, 23.65798568725586, 36.684844970703125, 23.920915603637695
1.7053470611572266, 8.542059898376465, 22.181108474731445, 35.124393463134766, 44.133026123046875, 74.30559539794922, 120.70765686035156, 128.12664794921875
3.443941831588745, 14.870133399963379, 32.32926940917969, 61.6561393737793, 86.0438461303711, 64.72531127929688, 76.82804107666016, 65.38866424560547
5.18268346786499, 21.18058204650879, 40.988136291503906, 57.31756591796875, 47.704524993896484, 60.126739501953125, 18.216182708740234, -27.758630752563477
7.026983737945557, 23.86269760131836, 41.437557220458984, 39.20668411254883, 27.51016616821289, -13.168621063232422, -49.981971740722656, -81.64906311035156
8.134939193725586, 28.709476470947266, 38.85633087158203, 30.267532348632812, -13.933823585510254, -55.72734832763672, -93.37689208984375, -72.89900207519531
9.683956146240234, 26.592966079711914, 29.91575813293457, -1.1800951957702637, -59.69911193847656, -90.46370697021484, -66.5035629272461, 12.586700439453125
10.629557609558105, 28.90986442565918, 17.730854034423828, -31.66156768798828, -78.78658294677734, -64.34696960449219, 11.546112060546875, 76.63738250732422
11.390337944030762, 23.623796463012695, 0.9617559313774109, -47.370765686035156, -65.28001403808594, -0.08769185841083527, 101.66027069091797, 91.252685546875
12.826851844787598, 18.88196563720703, -12.949520111083984, -58.4548225402832, -23.92805290222168, 61.95360565185547, 69.54197692871094, 2.5036845207214355
13.82796859741211, 16.496749877929688, -27.84849739074707, -41.37529754638672, 12.099831581115723, 99.45388793945312, 25.056386947631836, -89.89239501953125
13.480215072631836, 8.37520694732666, -38.20818328857422, -30.76813507080078, 46.415592193603516, 78.19173431396484, -62.3914680480957, -141.22865295410156
14.27168083190918, 2.0776116847991943, -37.2484130859375, -4.7167792320251465, 68.39662170410156, 8.136324882507324, -94.98026275634766, -11.930767059326172
13.975118637084961, -4.84763240814209, -43.087100982666016, 20.323965072631836, 48.3840446472168, -37.40065002441406, -91.8804702758789, 95.84687042236328
13.399888038635254, -12.148798942565918, -32.861915588378906, 40.01385498046875, 33.59654235839844, -67.97846221923828, 4.258204936981201, 115.56090545654297
12.906996726989746, -17.563373565673828, -20.759328842163086, 54.4602165222168, -17.063030242919922, -92.39415740966797, 84.18903350830078, 36.822452545166016
12.541824340820312, -21.759042739868164, -6.456949710845947, 57.168094635009766, -61.32047653198242, -22.90009307861328, 98.47996520996094, -76.53771209716797
12.205862998962402, -25.54881477355957, 9.752799987792969, 36.380252838134766, -78.47380065917969, 52.178524017333984, 41.074466705322266, -151.51670837402344
10.955448150634766, -30.065677642822266, 23.03913116455078, 10.599822998046875, -74.36941528320312, 83.822509765625, -27.279321670532227, -34.2827262878418
9.472736358642578, -27.828670501708984, 36.14546585083008, -13.25558853149414, -33.794776916503906, 87.12853240966797, -93.85009765625, 51.33245849609375
8.24524211883545, -25.764244079589844, 41.9887580871582, -45.850669860839844, 13.221136093139648, 29.232084274291992, -68.34272003173828, 123.4162826538086
6.914505481719971, -21.36743927001953, 37.59355545043945, -53.65158462524414, 52.15129852294922, -23.778989791870117, -10.191502571105957, 60.05179977416992
5.024562358856201, -18.659137725830078, 39.206451416015625, -64.27943420410156, 71.76860046386719, -98.56600189208984, 70.56863403320312, -48.68890380859375
3.383934259414673, -11.463532447814941, 28.202268600463867, -46.730323791503906, 74.66120147705078, -77.35468292236328, 78.35560607910156, -153.45310974121094
1.8258649110794067, -5.6595869064331055, 11.185216903686523, -21.258535385131836, 22.450075149536133, -43.55272674560547, 41.488075256347656, -83.5415267944336
-7.564645958246796e-12, 1.3566738367080688, -4.572754383087158, 7.10439395904541, -14.156289100646973, 23.23737907409668, -19.669189453125, 38.45541000366211
-1.6982265710830688, 8.222187995910645, -17.89204216003418, 37.21577453613281, -48.43643569946289, 51.428375244140625, -115.61174011230469, 92.9990005493164
-3.4221110343933105, 13.724014282226562, -31.767559051513672, 48.11912536621094, -65.22733306884766, 100.6086196899414, -60.01839828491211, 84.41554260253906
-5.372010231018066, 19.9862003326416, -39.14021682739258, 62.807037353515625, -57.371337890625, 51.4509391784668, -15.651565551757812, -29.818017959594727
-6.598601818084717, 26.829652786254883, -37.58341598510742, 51.91036605834961, -24.727567672729492, -12.582260131835938, 76.0845718383789, -75.65223693847656
-8.60863208770752, 27.051654815673828, -33.66593933105469, 28.701086044311523, 16.15511131286621, -84.09281921386719, 133.129150390625, -101.0546875
-9.536051750183105, 28.827407836914062, -32.347938537597656, -1.3198155164718628, 51.687255859375, -62.688194274902344, 57.11014938354492, 8.26089859008789
-11.290562629699707, 29.834152221679688, -17.01231575012207, -30.1170711517334, 62.5423698425293, -40.867279052734375, -19.95509910583496, 108.2667465209961
-11.837571144104004, 24.129484176635742, -1.0183335542678833, -40.94626235961914, 61.4523811340332, -0.08560832589864731, -58.440025329589844, 86.10669708251953
-13.166337013244629, 18.93522071838379, 15.212836265563965, -55.51615905761719, 28.64042854309082, 63.77440643310547, -97.02349090576172, 3.078465700149536
-12.843096733093262, 14.772829055786133, 29.190082550048828, -45.15095138549805, -16.02998161315918, 93.56835174560547, -37.804534912109375, -94.64031982421875
-13.436103820800781, 9.679971694946289, 39.891868591308594, -31.85832977294922, -45.75877380371094, 56.065216064453125, 62.975624084472656, -66.74331665039062
-14.660150527954102, 2.2663676738739014, 43.38218688964844, -5.305539608001709, -87.13456726074219, 12.530295372009277, 118.5660400390625, -12.714096069335938
-14.591628074645996, -5.300110340118408, 43.95499038696289, 23.541309356689453, -68.3250732421875, -62.33004379272461, 50.19239807128906, 86.10159301757812
-13.204215049743652, -10.745827674865723, 37.49211502075195, 37.829124450683594, -22.745704650878906, -68.49304962158203, -6.149792194366455, 143.51968383789062
-13.352521896362305, -18.1192569732666, 22.2629451751709, 49.942604064941406, 14.527173042297363, -63.75505447387695, -94.58209991455078, 23.84663963317871
-12.746708869934082, -22.70803451538086, 7.050135612487793, 53.91876983642578, 47.03058624267578, -22.71558380126953, -122.98600769042969, -76.26203918457031
-11.76772403717041, -26.91663932800293, -8.985392570495605, 35.15614700317383, 87.30680847167969, 33.079681396484375, -43.483680725097656, -114.36387634277344
-10.523469924926758, -29.994524002075195, -26.880361557006836, 13.06788444519043, 71.97523498535156, 68.75858306884766, 37.91706085205078, -51.554927825927734
-9.815825462341309, -29.178468704223633, -34.601158142089844, -14.975774765014648, 32.025901794433594, 80.2269058227539, 74.31424713134766, 73.3941421508789
-7.945983409881592, -24.972335815429688, -40.619964599609375, -41.316062927246094, -11.586394309997559, 38.90414810180664, 101.5014419555664, 121.77928924560547
-7.063222408294678, -21.068906784057617, -47.8201789855957, -56.539756774902344, -46.486698150634766, -40.46538162231445, 8.04692268371582, 37.579994201660156
-5.278931140899658, -18.83723258972168, -39.60796356201172, -49.6571044921875, -85.0586166381836, -74.8331298828125, -59.901451110839844, -46.05580520629883
-3.5666372776031494, -13.026217460632324, -29.575368881225586, -34.51936340332031, -62.286827087402344, -58.88517761230469, -102.78071594238281, -116.61964416503906
-1.7739887237548828, -5.980891227722168, -10.784603118896484, -16.99905014038086, -31.04026985168457, -47.225364685058594, -66.38819885253906, -53.73283386230469
7.554829158096243e-12, 1.4353080987930298, 3.976929187774658, 8.698619842529297, 14.13660717010498, 27.086544036865234, 22.387542724609375, 40.497467041015625
1.778358817100525, 8.154767990112305, 17.96833610534668, 29.036357879638672, 42.52780532836914, 56.62223815917969, 65.51737976074219, 140.0800323486328
3.50179386138916, 13.632699012756348, 35.19398498535156, 43.85924530029297, 68.55718231201172, 98.68510437011719, 117.04100036621094, 50.366119384765625
5.417823314666748, 19.10434341430664, 34.72163391113281, 65.51888275146484, 59.108985900878906, 40.422603607177734, 22.186189651489258, -18.859182357788086
6.6911187171936035, 23.600584030151367, 43.72612380981445, 50.90196990966797, 30.859006881713867, -10.529753684997559, -44.70022201538086, -94.43363952636719
8.167034149169922, 26.965381622314453, 39.40984344482422, 21.01941680908203, -12.852527618408203, -65.80549621582031, -106.22774505615234, -122.97286224365234
