13.993745803833008, -18.234333038330078, -23.01581573486328, 62.796634674072266, -11.267403602600098, -83.33876037597656, 86.15902709960938, 31.61615562438965
12.64600658416748, -23.7755184173584, -7.074122428894043, 53.6408576965332, -62.400108337402344, -24.741985321044922, 88.04094696044922, -71.21282958984375
11.478233337402344, -23.944847106933594, 8.325782775878906, 43.738765716552734, -54.0045166015625, 46.500667572021484, 34.619510650634766, -102.77962493896484
11.056377410888672, -25.56085205078125, 25.999231338500977, 13.213020324707031, -60.442138671875, 95.03226470947266, -50.435272216796875, -40.3099250793457
9.791144371032715, -26.40118408203125, 36.09711837768555, -15.7432222366333, -27.91481590270996, 75.99415588378906, -79.12654113769531, 50.741180419921875
8.378111839294434, -27.12778663635254, 38.85719299316406, -41.941001892089844, 15.155379295349121, 39.3889045715332, -101.5710220336914, 95.9757080078125
7.119030475616455, -22.06022071838379, 45.44276428222656, -58.162452697753906, 52.179405212402344, -39.53704833984375, -6.371367454528809, 37.626705169677734
4.979547500610352, -18.867828369140625, 36.842166900634766, -51.89822769165039, 64.3848876953125, -90.19200897216797, 52.9639892578125, -61.98492431640625
3.514352321624756, -12.783181190490723, 27.415733337402344, -42.95210266113281, 67.076171875, -58.529972076416016, 132.65090942382812, -96.59282684326172
1.771203637123108, -5.2063307762146, 10.411919593811035, -16.90549659729004, 33.1212158203125, -42.097251892089844, 62.1724739074707, -62.245235443115234
-4.9473085350637547e-11, 1.377895712852478, -4.825229167938232, 10.071795463562012, -16.969213485717773, 18.340307235717773, -20.018566131591797, 48.47581481933594
-1.7358791828155518, 8.169078826904297, -20.29622459411621, 29.9937686920166, -56.15476608276367, 68.61467742919922, -97.0931396484375, 153.53488159179688
-3.522132396697998, 16.250486373901367, -29.218122482299805, 50.22359848022461, -54.391117095947266, 102.74217987060547, -66.2131118774414, 62.12110900878906
-4.969244480133057, 21.85333251953125, -37.98371124267578, 56.281761169433594, -67.83909606933594, 56.07836151123047, -18.444063186645508, -33.83217239379883
-6.634306907653809, 25.232383728027344, -45.54349136352539, 45.5833740234375, -32.59527587890625, -11.286846160888672, 52.4924201965332, -106.7711181640625
-8.369852066040039, 25.02121925354004, -36.53329849243164, 22.360061645507812, 12.175119400024414, -51.056888580322266, 72.339111328125, -63.939796447753906
-9.941452026367188, 27.963397979736328, -27.587444305419922, -1.3369026184082031, 57.51354217529297, -71.77889251708984, 58.80473327636719, 8.040384292602539
-10.79654598236084, 25.931718826293945, -16.57227897644043, -27.85106086730957, 77.95794677734375, -60.365596771240234, -11.762337684631348, 96.35198211669922
-12.331938743591309, 26.54529571533203, -0.9903095960617065, -45.30329895019531, 53.95012664794922, -0.09758538752794266, -89.54302978515625, 107.75470733642578
-12.567511558532715, 19.22150993347168, 15.813504219055176, -64.37616729736328, 27.647510528564453, 63.09923553466797, -81.48442077636719, 3.409834146499634
-13.877864837646484, 16.813922882080078, 30.08199119567871, -59.324527740478516, -17.187223434448242, 106.00072479248047, -39.348514556884766, -78.51049041748047
-14.398632049560547, 8.391963958740234, 36.00260543823242, -31.693639755249023, -54.988643646240234, 70.89318084716797, 66.55046844482422, -96.8832015991211
-13.434626579284668, 2.0302886962890625, 38.09467315673828, -5.624945640563965, -66.65653991699219, 7.757834434509277, 127.52488708496094, -12.791173934936523
-14.58751392364502, -4.782196998596191, 45.30331802368164, 23.215892791748047, -49.1217041015625, -49.71950149536133, 76.82292938232422, 106.38677978515625
-13.78770637512207, -10.87711238861084, 31.720212936401367, 51.899658203125, -31.8516845703125, -88.70008850097656, -5.6854424476623535, 144.52462768554688
-14.108959197998047, -16.067289352416992, 24.033845901489258, 57.21772003173828, 12.527017593383789, -90.57502746582031, -87.78257751464844, 39.175045013427734
-12.684989929199219, -21.06641387939453, 5.495420455932617, 53.46308135986328, 64.63301086425781, -19.61886215209961, -80.48040771484375, -53.12300109863281
-12.085185050964355, -25.448015213012695, -9.465069770812988, 35.53227233886719, 55.0079231262207, 41.65629577636719, -48.721675872802734, -137.50852966308594
-10.513978958129883, -26.01883316040039, -25.340456008911133, 10.507052421569824, 48.25703811645508, 66.29681396484375, 40.48890686035156, -31.643518447875977
-9.268933296203613, -27.760080337524414, -31.975536346435547, -16.019786834716797, 32.47713088989258, 64.98126220703125, 121.89397430419922, 64.38771057128906
-8.345979690551758, -28.828510284423828, -36.85845947265625, -38.304100036621094, -11.548276901245117, 34.27310562133789, 93.23736572265625, 132.16453552246094
-6.705105304718018, -22.433048248291016, -37.302276611328125, -44.200111389160156, -48.34897994995117, -27.85304069519043, 9.009062767028809, 50.715171813964844
-5.352818012237549, -16.712932586669922, -33.90956497192383, -60.806053161621094, -60.15586853027344, -79.53496551513672, -84.1146240234375, -40.07469940185547
-3.480386734008789, -11.835200309753418, -27.360639572143555, -45.79784393310547, -52.24049758911133, -99.39917755126953, -68.53043365478516, -109.38128662109375
-1.8596956729888916, -6.058821678161621, -11.040275573730469, -22.19659423828125, -24.06496810913086, -29.315277099609375, -73.17304992675781, -75.21526336669922
4.8506046401719516e-11, 1.2788604497909546, 4.4175944328308105, 9.298763275146484, 15.978201866149902, 23.471940994262695, 26.438278198242188, 48.83211898803711
1.8001539707183838, 7.605481147766113, 20.94475555419922, 36.154090881347656, 56.154624938964844, 63.458946228027344, 123.34435272216797, 147.66217041015625
3.492278575897217, 14.528623580932617, 34.60548782348633, 54.65084457397461, 62.666561126708984, 105.4962387084961, 114.04705810546875, 59.979061126708984
5.074341297149658, 21.15267562866211, 35.37123489379883, 54.542232513427734, 63.066734313964844, 47.83523178100586, 19.967674255371094, -24.584566116333008
6.489138603210449, 25.141250610351562, 41.38328170776367, 39.604835510253906, 31.559646606445312, -9.105185508728027, -45.8958625793457, -110.7114028930664
8.102317810058594, 28.727710723876953, 35.24264144897461, 24.220705032348633, -13.29479694366455, -63.06511688232422, -64.66169738769531, -55.5526237487793
9.595787048339844, 29.798871994018555, 27.10840606689453, -1.4473892450332642, -53.91490936279297, -73.52237701416016, -49.648048400878906, 12.501479148864746
11.255559921264648, 25.290409088134766, 15.958450317382812, -29.98460578918457, -79.57205963134766, -73.70335388183594, 15.281551361083984, 79.52420806884766
12.145285606384277, 23.804468154907227, 1.0438920259475708, -55.14291763305664, -70.61890411376953, -0.13324213027954102, 67.39582061767578, 127.46295166015625
12.541300773620605, 19.277482986450195, -15.258923530578613, -63.59285354614258, -32.255401611328125, 69.76959228515625, 78.56624603271484, 2.824601411819458
13.567912101745605, 15.72418212890625, -26.60725212097168, -43.450992584228516, 11.337030410766602, 106.26934814453125, 34.54706573486328, -110.177978515625
13.308449745178223, 9.379600524902344, -41.90504837036133, -32.433265686035156, 41.52058792114258, 71.31834411621094, -40.95927810668945, -92.46044921875
13.94146728515625, 1.927334189414978, -46.602779388427734, -6.520835876464844, 82.2953109741211, 8.160819053649902, -89.42666625976562, -13.63764476776123
14.21918773651123, -5.204338550567627, -35.864479064941406, 19.275588989257812, 51.70612335205078, -63.32172775268555, -66.73751068115234, 69.30503845214844
13.499090194702148, -10.565217971801758, -31.3870849609375, 40.66704559326172, 36.35477828979492, -98.72188568115234, 4.400238513946533, 149.6422882080078
12.815731048583984, -18.747583389282227, -19.562000274658203, 50.56062316894531, -13.271003723144531, -90.76593780517578, 106.69732666015625, 38.75066375732422
12.394691467285156, -24.209487915039062, -5.961026191711426, 52.56639099121094, -41.50858688354492, -15.732110023498535, 110.41258239746094, -83.52777099609375
11.62700366973877, -25.33973503112793, 9.833553314208984, 41.66938781738281, -74.30851745605469, 40.391807556152344, 36.460140228271484, -84.39995574951172
10.443410873413086, -28.929183959960938, 20.50151252746582, 11.466845512390137, -59.79816436767578, 102.89432525634766, -28.791126251220703, -32.92168045043945
9.631457328796387, -28.615188598632812, 36.12958908081055, -13.903620719909668, -23.6575870513916, 85.45388793945312, -89.38553619384766, 84.88095092773438
8.122386932373047, -27.444311141967773, 38.37343978881836, -39.57036209106445, 16.592466354370117, 31.733905792236328, -65.79964447021484, 121.38043212890625
7.123621940612793, -21.107595443725586, 43.25718307495117, -64.90263366699219, 55.95942306518555, -30.554061889648438, -8.829069137573242, 39.948692321777344
5.113706588745117, -17.614887237548828, 37.71249771118164, -55.11256790161133, 56.52519989013672, -89.84966278076172, 90.18690490722656, -64.74253845214844
3.534729242324829, -12.393177032470703, 27.273866653442383, -43.042293548583984, 58.01041030883789, -60.601829528808594, 116.70590209960938, -135.5787353515625
1.8109766244888306, -5.210615634918213, 12.969476699829102, -22.346864700317383, 28.121511459350586, -43.06168746948242, 62.55668640136719, -85.31967163085938
-4.895285218853296e-11, 1.5204839706420898, -4.670156002044678, 9.295696258544922, -14.017501831054688, 15.007542610168457, -25.94441032409668, 27.95333480834961
-1.7104216814041138, 7.933542251586914, -20.228328704833984, 33.7580680847168, -52.82984924316406, 89.84146118164062, -69.3918228149414, 92.7442626953125
-3.347304105758667, 16.126924514770508, -28.173967361450195, 42.708797454833984, -84.45816040039062, 103.20856475830078, -60.31633758544922, 83.46714782714844
-5.32685661315918, 21.53257942199707, -34.95982360839844, 45.20465850830078, -61.33549499511719, 46.196861267089844, -17.45777130126953, -17.0229434967041
-6.8837761878967285, 25.597623825073242, -45.58345031738281, 45.30482864379883, -25.93166160583496, -10.138299942016602, 67.86940002441406, -80.05620574951172
-8.519156455993652, 24.66809844970703, -40.001739501953125, 21.18692398071289, 14.330862998962402, -46.97072219848633, 133.04473876953125, -79.75838470458984
-9.44330883026123, 26.639732360839844, -28.895835876464844, -1.3838105201721191, 55.26564025878906, -61.589622497558594, 78.72880554199219, 13.661155700683594
-11.291399002075195, 26.05547523498535, -15.811546325683594, -23.117307662963867, 75.10319519042969, -68.85772705078125, -11.460803031921387, 92.06671905517578
-12.307788848876953, 24.059093475341797, -0.9753500819206238, -54.3876953125, 52.76203155517578, -0.14006324112415314, -75.12398529052734, 66.07301330566406
-12.767223358154297, 20.24380874633789, 16.477413177490234, -56.63721466064453, 22.991159439086914, 61.4176025390625, -64.34061431884766, 3.153698205947876
-13.48525619506836, 14.759319305419922, 31.07120704650879, -54.02716827392578, -13.784538269042969, 78.74162292480469, -38.46808624267578, -102.31244659423828
-14.491510391235352, 8.969513893127441, 38.59006881713867, -30.708961486816406, -48.93512725830078, 66.25791931152344, 44.029396057128906, -85.21377563476562
-13.545392036437988, 2.1590662002563477, 35.93907165527344, -5.336223125457764, -79.20382690429688, 7.542108058929443, 64.37400817871094, -20.886505126953125
-13.775516510009766, -4.45099401473999, 35.32933044433594, 25.896804809570312, -75.49061584472656, -56.32368087768555, 78.07841491699219, 80.82848358154297
-13.222394943237305, -11.753599166870117, 35.10294723510742, 37.7234992980957, -27.07573127746582, -78.98257446289062, -4.735158920288086, 69.8158187866211
-13.99123764038086, -16.50226402282715, 24.16411781311035, 54.4202995300293, 16.805395126342773, -85.56314849853516, -76.63749694824219, 30.45085334777832
-12.631793975830078, -21.822040557861328, 5.611205577850342, 56.391204833984375, 47.25704574584961, -26.802392959594727, -65.6907958984375, -61.10746765136719
-12.337722778320312, -25.270978927612305, -10.623411178588867, 42.65641403198242, 53.05250549316406, 31.067684173583984, -40.21693801879883, -136.14749145507812
-10.572884559631348, -27.703826904296875, -25.653024673461914, 13.094733238220215, 60.00634002685547, 86.40479278564453, 29.558773040771484, -41.44561004638672
-9.920210838317871, -27.751346588134766, -33.61831283569336, -17.54461669921875, 29.27001953125, 80.76731872558594, 92.12500762939453, 44.94595718383789
-8.402325630187988, -26.522964477539062, -40.13460159301758, -34.050907135009766, -15.737180709838867, 26.17784881591797, 93.52942657470703, 102.2518081665039
-6.743594169616699, -23.15207862854004, -38.16748046875, -56.101890563964844, -48.606101989746094, -30.23079490661621, 6.8759331703186035, 79.78067779541016
-5.002446174621582, -19.03493881225586, -40.79909896850586, -51.71131896972656, -58.35065460205078, -54.24824905395508, -62.49446105957031, -66.57413482666016
-3.3744876384735107, -12.199493408203125, -23.7340145111084, -34.675384521484375, -59.52376174926758, -71.83734893798828, -115.3653793334961, -72.40574645996094
-1.807010293006897, -5.789582252502441, -10.853119850158691, -16.740657806396484, -22.89777374267578, -52.40531539916992, -41.843441009521484, -62.51552200317383
5.0297620235451035e-11, 1.3046481609344482, 3.9818620681762695, 8.317852020263672, 15.419535636901855, 20.36660385131836, 22.406448364257812, 37.37221145629883
1.7549251317977905, 8.930193901062012, 17.816408157348633, 28.748106002807617, 62.44706726074219, 88.42194366455078, 114.75352478027344, 102.16643524169922
3.4998605251312256, 15.770888328552246, 30.105165481567383, 44.98923110961914, 82.2762451171875, 62.76243209838867, 88.0823745727539, 91.23892974853516
5.381872653961182, 19.964452743530273, 40.98196792602539, 46.35529327392578, 47.924068450927734, 51.04108810424805, 15.8477783203125, -33.4361686706543
6.771403789520264, 23.08138656616211, 41.8330078125, 53.14767074584961, 33.11836242675781, -13.201178550720215, -69.07439422607422, -114.94591522216797
8.234996795654297, 28.16740608215332, 38.19602966308594, 23.68909454345703, -16.082704544067383, -82.80082702636719, -72.49971008300781, -56.54384231567383
9.414665222167969, 27.436199188232422, 25.627700805664062, -1.2779531478881836, -56.116424560546875, -82.40201568603516, -61.69609832763672, 11.071930885314941
10.537848472595215, 28.007246017456055, 17.273378372192383, -33.46553039550781, -67.59710693359375, -69.53984069824219, 20.228883743286133, 107.33644104003906
11.785320281982422, 22.653175354003906, 0.9584532976150513, -57.8757438659668, -54.0433464050293, -0.12402181327342987, 92.23092651367188, 132.1598358154297
12.8711519241333, 21.10068130493164, -14.071066856384277, -50.40651321411133, -30.635465621948242, 50.88562774658203, 70.99298095703125, 3.2551822662353516
13.952537536621094, 14.293461799621582, -32.34803771972656, -60.55093765258789, 17.328182220458984, 107.09073638916016, 23.17062759399414, -58.34281921386719
14.492685317993164, 8.582935333251953, -35.198158264160156, -35.33666229248047, 63.617271423339844, 53.90823745727539, -36.37435531616211, -80.02978515625
13.900708198547363, 2.2729005813598633, -39.49089050292969, -6.783905982971191, 77.5624771118164, 8.250407218933105, -65.20206451416016, -19.226411819458008
14.297779083251953, -4.853262901306152, -40.624568939208984, 25.675537109375, 71.79692077636719, -62.818233489990234, -84.2297592163086, 64.60575103759766
13.681658744812012, -11.921053886413574, -35.973087310791016, 52.3486328125, 35.129608154296875, -97.12035369873047, 5.363733291625977, 105.59913635253906
12.960851669311523, -16.545875549316406, -24.589330673217773, 49.37471008300781, -15.194026947021484, -66.30741119384766, 67.89239501953125, 35.013431549072266
12.318107604980469, -23.83456802368164, -5.483734130859375, 55.51523208618164, -62.23299789428711, -21.336877822875977, 126.16896057128906, -78.71048736572266
11.378803253173828, -28.5994815826416, 8.88405704498291, 36.877010345458984, -80.06784057617188, 47.06858825683594, 38.65972137451172, -107.67163848876953
10.695423126220703, -27.37956428527832, 22.944019317626953, 12.25340747833252, -47.08035659790039, 100.47277069091797, -36.593406677246094, -31.791465759277344
9.626466751098633, -29.5947322845459, 39.26966857910156, -12.630151748657227, -23.405471801757812, 89.82352447509766, -106.72862243652344, 64.4709701538086
8.526471138000488, -27.077192306518555, 45.9212532043457, -47.207733154296875, 14.196205139160156, 25.928739547729492, -70.47786712646484, 155.4044952392578
6.5393218994140625, -23.139026641845703, 42.666259765625, -61.116905212402344, 56.276641845703125, -32.22604751586914, -5.633075714111328, 51.48979949951172
5.301098823547363, -19.758262634277344, 33.4627799987793, -44.370513916015625, 87.47367095947266, -59.58041763305664, 80.67667388916016, -45.91343688964844
3.5462210178375244, -11.716885566711426, 23.108203887939453, -47.19791793823242, 73.31208801269531, -57.00517272949219, 112.7551040649414, -104.32089233398438
1.736851453781128, -5.269824028015137, 11.988851547241211, -18.226417541503906, 27.716941833496094, -46.37007522583008, 39.66261672973633, -90.72793579101562
-5.019108739734435e-11, 1.404522180557251, -4.2493510246276855, 7.320323944091797, -16.867692947387695, 16.525224685668945, -21.95943832397461, 41.88446044921875
-1.7296594381332397, 8.319502830505371, -16.724594116210938, 34.04963302612305, -42.751708984375, 58.95505142211914, -100.95320892333984, 146.69195556640625
-3.462463855743408, 14.466151237487793, -30.039234161376953, 50.89930725097656, -62.06668472290039, 90.45158386230469, -96.72322082519531, 89.9720687866211
-5.45880651473999, 22.082748413085938, -34.596282958984375, 64.46711730957031, -69.66902160644531, 50.75492477416992, -22.165416717529297, -28.98003578186035
-6.61049222946167, 26.409282684326172, -36.5260124206543, 52.311302185058594, -32.8436164855957, -12.106703758239746, 49.542415618896484, -143.75538635253906
-8.084280967712402, 27.746755599975586, -40.573692321777344, 23.817712783813477, 14.3060941696167, -47.75963592529297, 97.3144302368164, -68.96918487548828
-9.323655128479004, 25.86841583251953, -26.310949325561523, -1.4452226161956787, 61.501434326171875, -95.99454498291016, 72.11373138427734, 9.846596717834473
-11.278553009033203, 29.586421966552734, -18.59687614440918, -28.251909255981445, 54.77747344970703, -46.33222961425781, -18.175310134887695, 62.30622100830078
-11.90087604522705, 24.060672760009766, -0.9578716158866882, -44.669254302978516, 47.600372314453125, -0.09638223052024841, -107.33389282226562, 126.2002944946289
-12.817934036254883, 21.1947078704834, 13.01462459564209, -46.01468276977539, 29.162473678588867, 64.53627014160156, -122.19850158691406, 1.9919111728668213
-13.01795768737793, 14.763548851013184, 24.452388763427734, -56.93428039550781, -11.923698425292969, 105.05660247802734, -40.755191802978516, -97.82902526855469
-13.923946380615234, 9.108621597290039, 37.32123947143555, -34.512996673583984, -45.67242431640625, 75.82577514648438, 41.53186798095703, -106.15081787109375
-14.726217269897461, 2.0085856914520264, 41.43796157836914, -6.591359615325928, -53.58900833129883, 11.765704154968262, 92.33065032958984, -19.219406127929688
-14.529389381408691, -5.368417739868164, 43.49032974243164, 23.53274917602539, -58.583396911621094, -44.99528121948242, 80.00735473632812, 117.13358306884766
-13.999332427978516, -12.015871047973633, 34.266029357910156, 39.40013122558594, -27.14930534362793, -99.99397277832031, -3.1715564727783203, 66.3277587890625
-12.792414665222168, -19.458057403564453, 20.945186614990234, 45.77803039550781, 13.972786903381348, -52.23994445800781, -56.45754623413086, 41.385108947753906
-13.01683521270752, -24.763500213623047, 6.375523567199707, 49.9241828918457, 45.005226135253906, -23.883153915405273, -126.32829284667969, -63.97949981689453
-12.464998245239258, -24.106800079345703, -9.271835327148438, 34.838077545166016, 81.19530487060547, 33.08832931518555, -37.86307907104492, -153.25120544433594
-10.411608695983887, -28.69881248474121, -21.406492233276367, 11.354349136352539, 53.670738220214844, 91.97467803955078, 51.39333724975586, -59.173221588134766
-9.543740272521973, -27.317832946777344, -34.284549713134766, -14.922822952270508, 23.115999221801758, 72.50599670410156, 113.42765045166016, 47.962745666503906
-8.18442153930664, -25.83826446533203, -39.24045181274414, -42.90213394165039, -12.652828216552734, 30.267606735229492, 52.887046813964844, 154.78488159179688
-6.901302814483643, -24.488245010375977, -46.0728645324707, -59.78406524658203, -46.90221405029297, -27.1085205078125, 7.655543804168701, 37.804443359375
-5.186598300933838, -19.224477767944336, -41.463035583496094, -50.627830505371094, -65.15580749511719, -78.66849517822266, -75.27690124511719, -41.77510452270508
-3.5009052753448486, -11.663633346557617, -24.027816772460938, -48.93431854248047, -47.86342239379883, -103.33232116699219, -125.0698013305664, -74.31109619140625
-1.8531769514083862, -5.718903541564941, -11.289163589477539, -18.11345100402832, -28.57298469543457, -33.170005798339844, -39.87823486328125, -76.59069061279297
4.843344128535598e-11, 1.4068950414657593, 4.134411811828613, 8.780227661132812, 11.860099792480469, 21.553173065185547, 25.021108627319336, 47.52480697631836
1.8464688062667847, 8.23648452758789, 19.48786163330078, 39.1951789855957, 46.00541305541992, 68.73432159423828, 118.63743591308594, 88.31029510498047
3.4318430423736572, 13.60883617401123, 31.689287185668945, 42.3475341796875, 70.77637481689453, 79.20789337158203, 60.39064407348633, 78.88410949707031
5.077093601226807, 20.46378517150879, 45.90935516357422, 53.55824279785156, 50.67915344238281, 58.3045539855957, 13.190383911132812, -24.801076889038086
7.120850563049316, 22.83993911743164, 37.32926940917969, 55.70567321777344, 34.67529296875, -12.735605239868164, -72.8297119140625, -142.10787963867188
8.135499000549316, 29.459909439086914, 34.98973083496094, 25.391002655029297, -13.004325866699219, -79.7394790649414, -99.35380554199219, -109.731689453125
9.281274795532227, 28.077455520629883, 26.25868034362793, -1.4679656028747559, -46.05170440673828, -81.33975219726562, -85.71794891357422, 9.023794174194336
10.93721866607666, 27.0367431640625, 16.729755401611328, -28.136423110961914, -53.23202896118164, -58.2507438659668, 22.786052703857422, 137.56829833984375
11.391429901123047, 25.07424545288086, 1.0145913362503052, -53.9130744934082, -62.601409912109375, -0.10014189034700394, 104.71279907226562, 110.68994140625
12.749664306640625, 20.533283233642578, -13.524443626403809, -50.978515625, -33.052085876464844, 52.483253479003906, 95.67005157470703, 2.562875270843506
14.11783504486084, 14.92989444732666, -29.36685562133789, -42.440223693847656, 13.857568740844727, 98.03704833984375, 38.50041580200195, -77.87184143066406
14.179110527038574, 8.284736633300781, -42.1329460144043, -27.486722946166992, 53.54164505004883, 62.01676940917969, -38.157310485839844, -90.57038879394531
13.608564376831055, 2.335606575012207, -38.47212600708008, -6.3774614334106445, 69.37366485595703, 13.286884307861328, -92.9185562133789, -19.566946029663086
13.655097961425781, -5.2671613693237305, -41.44815444946289, 20.197921752929688, 63.97163009643555, -64.2242431640625, -80.08384704589844, 118.07988739013672
14.099605560302734, -11.615150451660156, -31.445451736450195, 41.746944427490234, 35.385711669921875, -102.28265380859375, 5.244919300079346, 98.16329193115234
13.884349822998047, -18.48038673400879, -18.302677154541016, 65.5669937133789, -13.738078117370605, -67.39313507080078, 83.3377685546875, 40.09600830078125
13.161027908325195, -24.704648971557617, -6.0453410148620605, 53.52312088012695, -49.19466018676758, -15.419346809387207, 111.56858825683594, -64.61067962646484
11.808563232421875, -27.304533004760742, 9.522926330566406, 35.52028274536133, -57.404518127441406, 37.63216018676758, 30.732955932617188, -92.63353729248047
11.050963401794434, -30.02037239074707, 23.46539306640625, 11.875262260437012, -52.18617630004883, 97.42124938964844, -49.38233947753906, -37.27323532104492
9.577254295349121, -29.25718116760254, 36.177452087402344, -15.018990516662598, -33.40878677368164, 77.29483795166016, -104.74067687988281, 73.59732055664062
8.194390296936035, -28.037269592285156, 47.34963607788086, -33.074249267578125, 13.018004417419434, 28.42353630065918, -57.323143005371094, 73.7458724975586
6.774724960327148, -24.95549964904785, 43.7568244934082, -63.48860168457031, 55.8642463684082, -32.68309020996094, -7.289244174957275, 35.785118103027344
5.377809047698975, -18.840343475341797, 39.55757141113281, -64.5771484375, 65.65560150146484, -70.2920150756836, 58.697959899902344, -38.12887954711914
3.6594414710998535, -12.208693504333496, 26.46156120300293, -34.4593620300293, 52.546634674072266, -89.55646514892578, 90.24793243408203, -73.58152770996094
1.7724409103393555, -5.716355800628662, 10.269877433776855, -23.309024810791016, 30.699129104614258, -33.6402587890625, 53.99095153808594, -78.15303039550781
-4.8439752209361586e-11, 1.3006802797317505, -4.018173694610596, 7.614498615264893, -11.321760177612305, 23.008682250976562, -33.6806526184082, 49.847469329833984
-1.7933117151260376, 8.455224990844727, -18.79452133178711, 33.32061767578125, -45.02298355102539, 71.70793151855469, -96.23533630371094, 102.25548553466797
-3.4184165000915527, 15.192085266113281, -34.726558685302734, 42.33989334106445, -76.50633239746094, 69.14390563964844, -94.07460021972656, 97.49127960205078
-5.302400588989258, 19.55580711364746, -39.21638870239258, 67.53203582763672, -65.5678482055664, 37.903419494628906, -19.38077735900879, -17.321624755859375
-6.6353302001953125, 23.629179000854492, -39.35961151123047, 50.80884552001953, -30.67792320251465, -10.851578712463379, 82.0198745727539, -117.06041717529297
-8.211402893066406, 26.566118240356445, -36.8367919921875, 26.322050094604492, 14.807449340820312, -49.938011169433594, 95.2822494506836, -60.99829864501953
-9.871639251708984, 30.20277214050293, -27.45268440246582, -1.1127593517303467, 48.1984748840332, -81.8856430053711, 57.85047149658203, 13.176228523254395
-11.392364501953125, 26.019433975219727, -17.036218643188477, -30.091249465942383, 73.4064712524414, -51.924415588378906, -14.043462753295898, 99.6502456665039
-12.057575225830078, 25.40770149230957, -1.0529183149337769, -40.776424407958984, 70.65100860595703, -0.09890002012252808, -68.33512115478516, 113.76276397705078
-12.376327514648438, 22.521425247192383, 12.776677131652832, -65.3241195678711, 32.61410140991211, 46.63261795043945, -83.36152648925781, 2.5514636039733887
-13.011222839355469, 15.224642753601074, 26.1289005279541, -41.754581451416016, -10.700909614562988, 94.46320343017578, -33.51411056518555, -86.41980743408203
-13.788847923278809, 9.057666778564453, 36.19353485107422, -31.712318420410156, -46.940773010253906, 64.0679702758789, 37.429832458496094, -130.9836883544922
-14.338557243347168, 2.329103469848633, 44.15818405151367, -6.804224967956543, -67.95475769042969, 12.688559532165527, 77.30424499511719, -15.962071418762207
-14.177694320678711, -5.316175937652588, 40.942298889160156, 18.21831703186035, -48.04375457763672, -56.84286880493164, 81.70927429199219, 76.1965560913086
-13.969791412353516, -10.79897403717041, 38.28883361816406, 39.06260681152344, -31.673673629760742, -78.57182312011719, -4.379587650299072, 127.2345962524414
-13.703402519226074, -17.214712142944336, 19.613130569458008, 48.749446868896484, 13.734334945678711, -52.584930419921875, -94.66276550292969, 43.10599136352539
-13.357003211975098, -23.95543098449707, 6.749241352081299, 57.366580963134766, 53.42924499511719, -16.054731369018555, -97.59739685058594, -95.0730972290039
-12.131080627441406, -24.488718032836914, -8.881213188171387, 36.31056594848633, 63.823387145996094, 29.878711700439453, -39.13851547241211, -98.42078399658203
-10.716193199157715, -29.066802978515625, -22.086576461791992, 12.663188934326172, 73.47386169433594, 77.33624267578125, 37.70882034301758, -39.179054260253906
-10.09475326538086, -27.664506912231445, -34.838340759277344, -17.192913055419922, 30.821929931640625, 84.07118225097656, 73.51407623291016, 39.216766357421875
-8.064756393432617, -25.798824310302734, -40.943695068359375, -44.752193450927734, -15.815446853637695, 27.216808319091797, 101.69109344482422, 130.71710205078125
-6.867740154266357, -23.510051727294922, -40.403076171875, -58.9571647644043, -60.169864654541016, -39.489479064941406, 7.803040504455566, 53.733055114746094
-5.323282241821289, -20.03956413269043, -38.785648345947266, -50.03350830078125, -66.80547332763672, -85.11742401123047, -72.23735046386719, -63.63711929321289
-3.539797306060791, -13.027666091918945, -28.955224990844727, -39.31791687011719, -68.84578704833984, -76.7279052734375, -78.982177734375, -90.03706359863281
-1.7831488847732544, -5.314708709716797, -10.310200691223145, -21.452640533447266, -27.666154861450195, -44.79671859741211, -51.447330474853516, -71.62928771972656
4.866048536333878e-11, 1.387584924697876, 4.2390007972717285, 7.886253833770752, 13.28526496887207, 20.671194076538086, 25.348480224609375, 33.549713134765625
1.7914211750030518, 8.375718116760254, 22.338489532470703, 39.054588317871094, 42.487483978271484, 65.88172149658203, 74.5574951171875, 76.35838317871094
3.572453498840332, 14.119033813476562, 28.414535522460938, 57.413360595703125, 83.13460540771484, 63.80964279174805, 67.72025299072266, 91.52970123291016
5.18078088760376, 22.2958927154541, 39.627986907958984, 63.394615173339844, 55.97237777709961, 39.28338623046875, 18.806900024414062, -18.30618667602539
6.850629806518555, 25.38547706604004, 44.07833480834961, 54.19533920288086, 34.87135696411133, -9.588740348815918, -60.94105911254883, -148.11778259277344
8.582342147827148, 29.183908462524414, 39.98173141479492, 29.957448959350586, -11.53554630279541, -55.51080322265625, -99.56198120117188, -120.13737487792969
10.051511764526367, 29.869611740112305, 26.914962768554688, -1.1092232465744019, -62.426292419433594, -64.7454605102539, -59.3900260925293, 10.40919303894043
10.371227264404297, 28.6396484375, 17.9500732421875, -23.461681365966797, -86.13751983642578, -60.56045913696289, 19.27997589111328, 74.83689880371094
11.373496055603027, 24.92411994934082, 1.1662209033966064, -53.936763763427734, -63.48965835571289, -0.11911008507013321, 77.5014877319336, 72.84052276611328
12.748824119567871, 20.873004913330078, -13.977890968322754, -48.24568176269531, -34.377769470214844, 62.9206657409668, 90.86265563964844, 2.920503616333008
13.658940315246582, 15.916715621948242, -27.11658477783203, -40.944847106933594, 16.056821823120117, 100.0359878540039, 32.49574661254883, -105.81736755371094
14.07140827178955, 9.239099502563477, -37.669429779052734, -32.609519958496094, 64.92252349853516, 47.22737503051758, -48.56080627441406, -118.22128295898438
13.412169456481934, 2.1040477752685547, -41.517845153808594, -5.3482770919799805, 64.8627700805664, 7.741037845611572, -119.2605209350586, -20.991846084594727
14.12403392791748, -4.903959274291992, -45.129032135009766, 25.8623104095459, 62.28311538696289, -38.351341247558594, -79.02116394042969, 89.60698699951172
13.883172035217285, -11.154507637023926, -30.317644119262695, 40.471588134765625, 29.26483726501465, -60.497894287109375, 4.956556797027588, 136.4763641357422
13.218947410583496, -17.618410110473633, -22.3807430267334, 58.55316162109375, -14.739686012268066, -90.71332550048828, 102.88162994384766, 37.2219352722168
13.055285453796387, -20.775911331176758, -6.054945945739746, 43.071861267089844, -46.44725036621094, -23.49660873413086, 79.21461486816406, -61.822635650634766
12.3183012008667, -27.53923225402832, 9.596982955932617, 41.13852310180664, -62.44437026977539, 42.672706604003906, 44.08642578125, -95.96753692626953
11.327244758605957, -28.802921295166016, 22.745615005493164, 12.917129516601562, -75.00535583496094, 78.79092407226562, -41.96339797973633, -55.98224639892578
9.383434295654297, -29.07290267944336, 37.390655517578125, -17.411481857299805, -33.15047836303711, 94.81382751464844, -81.12722778320312, 81.24884033203125
8.718405723571777, -24.312881469726562, 37.14246368408203, -40.859947204589844, 15.101977348327637, 29.87766456604004, -78.2213134765625, 123.28997039794922
6.67418909072876, -23.925430297851562, 44.316795349121094, -64.8780517578125, 42.37601852416992, -22.40959930419922, -8.439350128173828, 72.65203857421875
5.258920669555664, -16.93940544128418, 32.89077377319336, -59.0930061340332, 58.98702621459961, -66.22066497802734, 88.82112884521484, -54.15831756591797
3.6549904346466064, -11.255670547485352, 24.839223861694336, -48.75177001953125, 67.63268280029297, -98.06900787353516, 99.61799621582031, -155.27867126464844
1.7075779438018799, -5.173743724822998, 12.458970069885254, -22.61225700378418, 27.874771118164062, -38.17138671875, 52.3354606628418, -61.08056640625
-5.0351538910531346e-11, 1.4134842157363892, -4.559122562408447, 8.492349624633789, -14.224228858947754, 17.234180450439453, -25.3048152923584, 38.157405853271484
-1.7734147310256958, 8.737038612365723, -17.326271057128906, 33.95808410644531, -46.20330047607422, 76.7870864868164, -88.2613525390625, 79.42745208740234
-3.3559534549713135, 15.563913345336914, -35.75958251953125, 42.857852935791016, -87.6664047241211, 84.54537200927734, -91.61226654052734, 75.53302764892578
-5.033296585083008, 19.415874481201172, -43.788299560546875, 60.64327621459961, -72.91551208496094, 53.87026596069336, -18.889495849609375, -20.8973331451416
-6.919620990753174, 24.25667381286621, -36.24978256225586, 42.50919723510742, -35.81075668334961, -11.398552894592285, 64.90445709228516, -68.04845428466797
-8.412985801696777, 24.804840087890625, -41.34466552734375, 26.413909912109375, 11.03934383392334, -61.16798400878906, 103.99364471435547, -109.39456176757812
-9.82040786743164, 30.3415584564209, -29.321882247924805, -1.6107314825057983, 50.63174819946289, -99.91207122802734, 60.136226654052734, 13.902565956115723
-11.08094310760498, 25.062580108642578, -18.109338760375977, -33.417564392089844, 59.58076095581055, -48.55520248413086, -13.693380355834961, 136.7244415283203
-12.367179870605469, 25.323745727539062, -1.1789205074310303, -49.89548110961914, 72.96288299560547, -0.07974280416965485, -111.0938491821289, 115.21707153320312
-13.427539825439453, 22.215415954589844, 12.786317825317383, -66.38874053955078, 24.259931564331055, 64.64288330078125, -89.37767028808594, 4.223820209503174
-12.82583236694336, 16.044710159301758, 26.52250862121582, -42.31913375854492, -15.740737915039062, 70.31745910644531, -22.28905487060547, -101.26688385009766
-13.4956636428833, 8.6363525390625, 43.02079772949219, -33.844417572021484, -43.32722473144531, 72.33210754394531, 36.280635833740234, -143.5289764404297
-13.899264335632324, 2.1967098712921143, 39.28935241699219, -4.798205852508545, -77.6126480102539, 9.634649276733398, 112.48944091796875, -16.23379135131836
-14.48840618133545, -5.290463924407959, 38.63824462890625, 23.237154006958008, -52.56507873535156, -43.697025299072266, 95.49678039550781, 102.3256607055664
-13.789535522460938, -11.46391487121582, 32.437713623046875, 37.30519485473633, -23.433902740478516, -97.2332763671875, -3.982180595397949, 130.0640106201172
-13.100563049316406, -18.17621612548828, 22.21567153930664, 61.8420524597168, 16.641908645629883, -57.31200408935547, -102.90579986572266, 23.26775360107422
-12.746933937072754, -20.457630157470703, 7.128997802734375, 54.93730163574219, 41.79335021972656, -22.48817253112793, -79.91341400146484, -89.05199432373047
-11.7987642288208, -23.958988189697266, -8.206668853759766, 32.40664291381836, 63.5224494934082, 28.70090103149414, -52.676063537597656, -72.18798828125
-10.369540214538574, -29.500635147094727, -22.06529426574707, 10.386540412902832, 57.78896713256836, 64.87909698486328, 40.09284973144531, -29.76808738708496
-9.813760757446289, -29.367334365844727, -30.517532348632812, -15.850957870483398, 25.51655387878418, 97.9502182006836, 76.20006561279297, 64.53077697753906
-7.959031105041504, -26.133338928222656, -43.278839111328125, -34.345314025878906, -17.432083129882812, 22.30339813232422, 88.25962829589844, 78.77439880371094
-6.659642696380615, -25.103740692138672, -36.45374298095703, -47.69200897216797, -54.565040588378906, -36.88662338256836, 8.741621971130371, 37.95695877075195
-5.125781059265137, -17.210512161254883, -40.61338806152344, -56.69681167602539, -76.2650146484375, -63.73564910888672, -71.98571014404297, -51.69004821777344
-3.6111302375793457, -13.44568920135498, -26.659292221069336, -35.272865295410156, -70.58721160888672, -81.5584945678711, -124.30001831054688, -103.41680145263672
-1.8468389511108398, -5.246532440185547, -11.532391548156738, -20.465450286865234, -27.755613327026367, -43.44055938720703, -66.07718658447266, -51.960105895996094
4.9329644535855977e-11, 1.5105156898498535, 3.9926137924194336, 7.654738903045654, 14.724298477172852, 24.599288940429688, 39.11716842651367, 44.72147750854492
1.7374852895736694, 8.126293182373047, 20.455535888671875, 40.10801696777344, 55.864540100097656, 67.76901245117188, 108.2878646850586, 84.820556640625
3.5115997791290283, 15.499619483947754, 32.09040832519531, 47.65180969238281, 59.7647590637207, 66.1936264038086, 59.41949462890625, 53.90962219238281
5.403710842132568, 20.5347900390625, 38.38062286376953, 52.08786392211914, 58.26531982421875, 51.83156967163086, 14.605846405029297, -35.08157730102539
7.104318141937256, 24.350025177001953, 41.703617095947266, 44.37379837036133, 35.22802734375, -8.354114532470703, -76.54096984863281, -137.9345703125
7.96790075302124, 25.17592430114746, 43.26059341430664, 26.28333282470703, -12.067778587341309, -83.59158325195312, -133.58059692382812, -79.95782470703125
11.43535327911377, 24.953285217285156, 15.515350341796875, -33.45021057128906, -76.20748138427734, -50.75183868408203, 13.519186973571777, 107.265625
11.655830383300781, 24.1779727935791, 1.0884239673614502, -48.016212463378906, -48.747459411621094, -0.1051427349448204, 97.08301544189453, 125.61962890625
12.35786247253418, 22.188396453857422, -15.141542434692383, -59.54820251464844, -22.974302291870117, 63.25251388549805, 69.59363555908203, 2.380004405975342
13.963769912719727, 16.007627487182617, -26.489744186401367, -58.09646224975586, 15.281332015991211, 73.59473419189453, 25.555450439453125, -94.51631927490234
14.574801445007324, 8.418413162231445, -42.01998519897461, -30.195131301879883, 58.16196823120117, 63.278629302978516, -40.01186752319336, -76.8103256225586
14.335037231445312, 2.273452043533325, -42.671722412109375, -5.179233074188232, 73.9020767211914, 8.070377349853516, -88.74191284179688, -23.524290084838867
14.077129364013672, -5.036859035491943, -36.97519302368164, 26.258188247680664, 64.93983459472656, -62.6479377746582, -75.70326232910156, 62.60997009277344
13.49600601196289, -11.043523788452148, -34.35713195800781, 46.49020767211914, 26.044153213500977, -76.15502166748047, 4.2812347412109375, 110.62773132324219
13.004923820495605, -17.373056411743164, -21.680524826049805, 53.77265548706055, -17.328325271606445, -53.614463806152344, 53.29610824584961, 31.694488525390625
12.658199310302734, -20.639551162719727, -7.295600414276123, 55.5147705078125, -64.83488464355469, -25.735464096069336, 80.89950561523438, -86.64823913574219
12.056173324584961, -26.197118759155273, 9.711451530456543, 44.89975357055664, -78.58682250976562, 33.35441589355469, 51.69133758544922, -90.180908203125
10.87962818145752, -29.344013214111328, 23.46481704711914, 11.479079246520996, -73.89018249511719, 98.75911712646484, -39.84143829345703, -39.66667938232422
9.682873725891113, -26.431640625, 32.043540954589844, -17.107378005981445, -22.383787155151367, 62.345951080322266, -64.47998809814453, 65.4269790649414
8.073076248168945, -23.796154022216797, 47.12100601196289, -39.85053253173828, 16.597841262817383, 38.92989730834961, -106.750244140625, 123.8216552734375
6.555060386657715, -22.32451057434082, 46.91685485839844, -45.80778503417969, 52.15549850463867, -30.738399505615234, -6.761251926422119, 36.089698791503906
5.402225017547607, -16.82064437866211, 36.629920959472656, -49.90946960449219, 57.18321990966797, -97.55060577392578, 90.73371887207031, -32.92660903930664
3.4386401176452637, -11.190713882446289, 28.26694107055664, -44.50639724731445, 47.894535064697266, -61.97915267944336, 70.54701232910156, -155.11273193359375
1.7831447124481201, -5.387979984283447, 10.56871223449707, -21.999624252319336, 24.81639862060547, -35.21775436401367, 57.47634506225586, -79.61636352539062
-4.852258872478643e-11, 1.4470016956329346, -4.175388336181641, 7.529353618621826, -16.56014633178711, 21.317577362060547, -21.153799057006836, 53.802490234375
-1.7092043161392212, 8.715259552001953, -19.535573959350586, 32.65398406982422, -60.91443634033203, 51.11088562011719, -104.17562866210938, 114.1633529663086
-3.3498153686523438, 13.58240795135498, -34.336551666259766, 49.83306121826172, -65.68650817871094, 97.62081909179688, -67.80294799804688, 53.73930358886719
-5.328954219818115, 20.49268341064453, -45.812320709228516, 54.789161682128906, -65.57637786865234, 38.1738395690918, -21.82805061340332, -23.075660705566406
-6.570117473602295, 26.341140747070312, -43.621639251708984, 53.642887115478516, -29.95581817626953, -13.33398723602295, 55.49171829223633, -78.56752014160156
-8.018564224243164, 25.800193786621094, -34.99440383911133, 28.423423767089844, 12.99351692199707, -61.15885543823242, 92.58039093017578, -84.20067596435547
-9.439321517944336, 30.22080421447754, -28.145055770874023, -1.1355642080307007, 58.649925231933594, -79.93303680419922, 42.920345306396484, 12.275906562805176
-11.272743225097656, 26.748493194580078, -16.847900390625, -24.907161712646484, 87.51856994628906, -66.78298950195312, -12.18191146850586, 71.24153900146484
-12.34568977355957, 26.286592483520508, -1.2401937246322632, -50.25830841064453, 75.11725616455078, -0.13832226395606995, -70.05238342285156, 111.9670181274414
-13.111551284790039, 22.418243408203125, 16.02318572998047, -63.374935150146484, 32.42633819580078, 64.89060974121094, -122.07069396972656, 2.6207354068756104
-13.324301719665527, 15.93869400024414, 30.17487907409668, -51.34662628173828, -11.451333045959473, 93.45953369140625, -36.25666046142578, -130.56129455566406
-13.26291561126709, 8.694681167602539, 41.078189849853516, -30.06838035583496, -60.33736038208008, 74.4402084350586, 53.53798294067383, -105.3846206665039
-14.49263858795166, 2.109328508377075, 40.32622528076172, -5.622552871704102, -75.51439666748047, 11.268792152404785, 122.44095611572266, -21.265979766845703
-13.519033432006836, -4.514101028442383, 36.128692626953125, 21.56485939025879, -72.24341583251953, -51.93332290649414, 92.74381256103516, 72.52226257324219
-14.44230842590332, -12.317220687866211, 35.84245300292969, 46.64775466918945, -23.424293518066406, -62.88160705566406, -5.529731750488281, 129.79718017578125
-13.577897071838379, -17.43956184387207, 20.418354034423828, 59.27456283569336, 12.69141960144043, -82.98674011230469, -85.6487045288086, 41.69032669067383
-12.235739707946777, -22.731101989746094, 6.294127464294434, 49.131832122802734, 43.046241760253906, -18.29364776611328, -75.60194396972656, -45.7952995300293
-11.525127410888672, -27.300792694091797, -10.106706619262695, 44.5233154296875, 78.51237487792969, 32.797420501708984, -32.04228973388672, -94.59930419921875
-11.012929916381836, -27.094741821289062, -27.613189697265625, 14.340493202209473, 51.149192810058594, 60.710479736328125, 31.612987518310547, -60.695404052734375
-9.642780303955078, -26.586755752563477, -34.71858215332031, -16.264123916625977, 23.401447296142578, 94.3375015258789, 79.29913330078125, 41.022708892822266
-8.050517082214355, -28.825483322143555, -43.151466369628906, -37.891357421875, -12.77878475189209, 23.439340591430664, 99.08199310302734, 90.32536315917969
-6.995080471038818, -25.308637619018555, -36.307857513427734, -52.70827102661133, -52.78036117553711, -27.699735641479492, 5.825878143310547, 72.61598205566406
-5.28136682510376, -17.40105438232422, -34.14949417114258, -54.796104431152344, -54.85708236694336, -62.419044494628906, -89.03074645996094, -70.93181610107422
-3.6049861907958984, -12.949843406677246, -27.5672664642334, -47.28973388671875, -52.783653259277344, -66.68426513671875, -121.78199005126953, -115.76557922363281
-1.7761958837509155, -5.479189872741699, -10.4235200881958, -21.190967559814453, -35.774715423583984, -40.909671783447266, -49.23051452636719, -55.331565856933594
5.1368798104078905e-11, 1.2935984134674072, 4.390600204467773, 8.433731079101562, 16.50347900390625, 26.96702003479004, 21.547409057617188, 25.426132202148438
1.8457255363464355, 8.647332191467285, 18.890853881835938, 33.72724533081055, 40.339195251464844, 69.5030517578125, 96.62616729736328, 140.85162353515625
3.641202688217163, 15.246426582336426, 29.90896224975586, 48.38749313354492, 56.64683151245117, 102.59828186035156, 61.97050094604492, 91.61583709716797
5.110095977783203, 19.091459274291992, 41.069923400878906, 60.07301330566406, 67.85601806640625, 50.068946838378906, 16.56728744506836, -26.6568660736084
7.006524562835693, 24.353151321411133, 42.12910842895508, 51.49116897583008, 31.33727264404297, -10.174707412719727, -73.88147735595703, -122.88288879394531
8.477527618408203, 26.04103660583496, 39.37909698486328, 22.26145362854004, -15.121241569519043, -76.32805633544922, -98.84986114501953, -66.4417953491211
10.12159538269043, 25.796262741088867, 33.62235641479492, -1.3542506694793701, -52.387393951416016, -72.14391326904297, -84.78636932373047, 9.348493576049805
11.335783004760742, 25.841922760009766, 14.464118957519531, -31.496328353881836, -68.03089904785156, -51.57582092285156, 19.604196548461914, 67.24603271484375
12.47693157196045, 23.124622344970703, 1.1424413919448853, -54.602535247802734, -70.51878356933594, -0.10603906214237213, 115.29778289794922, 85.69841003417969
12.68761920928955, 19.313621520996094, -14.365882873535156, -50.975616455078125, -36.553260803222656, 59.40081787109375, 124.74219512939453, 3.6675548553466797
12.84891414642334, 15.487303733825684, -28.424184799194336, -58.70903396606445, 14.485827445983887, 91.0031967163086, 27.268911361694336, -67.60261535644531
13.97239875793457, 8.392985343933105, -34.94745635986328, -37.923805236816406, 49.19809341430664, 69.8387680053711, -35.90314865112305, -113.50005340576172
13.587015151977539, 1.9522980451583862, -36.730045318603516, -6.4689040184021, 82.68012237548828, 8.620527267456055, -116.63213348388672, -21.223482131958008
13.89383316040039, -4.948660850524902, -42.42877197265625, 25.019947052001953, 56.92588424682617, -53.89699172973633, -54.8377685546875, 92.76228332519531
13.254584312438965, -12.230334281921387, -30.256046295166016, 43.32476806640625, 26.9210262298584, -71.5160140991211, 3.843045473098755, 115.1344985961914
14.020761489868164, -16.3607120513916, -22.97313690185547, 60.29035949707031, -16.952037811279297, -60.06675720214844, 54.43207931518555, 43.23233413696289
12.310840606689453, -21.892019271850586, -5.9919939041137695, 57.78280258178711, -53.41162872314453, -18.775354385375977, 67.08161926269531, -63.14176940917969
11.952210426330566, -24.31960105895996, 10.282081604003906, 39.893829345703125, -55.68389129638672, 42.91259765625, 28.935813903808594, -92.63645935058594
10.712892532348633, -29.09131622314453, 21.22795295715332, 12.751480102539062, -61.562808990478516, 97.25495910644531, -42.883480072021484, -42.93419647216797
9.965255737304688, -27.776641845703125, 32.414268493652344, -15.553998947143555, -33.421852111816406, 57.52409744262695, -69.40351104736328, 74.61894989013672
8.40117073059082, -25.02174949645996, 36.07386779785156, -46.037479400634766, 14.336919784545898, 35.963260650634766, -67.877685546875, 80.93736267089844
7.104206562042236, -21.165794372558594, 41.34101486206055, -46.78833770751953, 50.22111129760742, -31.63966178894043, -8.917034149169922, 51.26046371459961
4.9579949378967285, -18.518278121948242, 38.268150329589844, -49.3410758972168, 81.45552062988281, -73.40962982177734, 72.9283676147461, -35.913692474365234
3.5130343437194824, -11.37802791595459, 26.227258682250977, -48.681400299072266, 54.00265121459961, -76.59120178222656, 89.2128677368164, -125.51917266845703
1.7464675903320312, -5.114608287811279, 11.034930229187012, -20.903093338012695, 29.516813278198242, -44.03214645385742, 70.53596496582031, -89.7015380859375
-4.9833182719227764e-11, 1.365162968635559, -4.650747776031494, 8.222002029418945, -16.545452117919922, 26.17725944519043, -29.865140914916992, 43.744049072265625
-1.6927623748779297, 9.198751449584961, -20.382787704467773, 39.3671989440918, -53.257747650146484, 74.53860473632812, -64.34396362304688, 81.63094329833984
-3.59407377243042, 13.689452171325684, -29.41912841796875, 49.20916748046875, -72.8124008178711, 58.80537033081055, -65.2724609375, 100.67182922363281
-5.260481357574463, 22.361515045166016, -45.95802688598633, 65.77174377441406, -56.797889709472656, 49.66883087158203, -16.456544876098633, -27.153654098510742
-6.5575408935546875, 25.149362564086914, -44.286190032958984, 51.28713607788086, -30.531883239746094, -8.906778335571289, 42.799781799316406, -76.32417297363281
-8.242258071899414, 25.201194763183594, -42.54761505126953, 27.255735397338867, 11.434313774108887, -55.3525390625, 124.41658020019531, -92.46359252929688
-9.767617225646973, 27.88727569580078, -32.73313903808594, -1.6470662355422974, 52.809913635253906, -83.5460433959961, 71.84864807128906, 15.36645221710205
-10.613177299499512, 26.929962158203125, -18.395530700683594, -27.707984924316406, 78.74275207519531, -50.425254821777344, -12.19200325012207, 125.06893157958984
-11.596046447753906, 24.037364959716797, -1.2108670473098755, -50.71644592285156, 53.7983512878418, -0.0833582654595375, -107.36432647705078, 95.8243179321289
-12.655780792236328, 21.696853637695312, 14.246862411499023, -46.48497009277344, 36.64487838745117, 52.849853515625, -82.6059341430664, 1.8501732349395752
-13.980902671813965, 14.047591209411621, 24.850488662719727, -47.77088928222656, -15.342758178710938, 105.7881088256836, -35.635135650634766, -102.2320556640625
-13.524760246276855, 9.055401802062988, 37.38267135620117, -29.3239803314209, -58.976219177246094, 52.79884719848633, 62.956336975097656, -123.27960968017578
-13.70267105102539, 1.990791916847229, 42.8338508605957, -6.72499418258667, -71.26110076904297, 9.525191307067871, 126.81287384033203, -11.828086853027344
-13.511139869689941, -4.671650409698486, 46.29707336425781, 25.115854263305664, -63.01862335205078, -54.39228057861328, 72.37139129638672, 88.91706085205078
-13.458503723144531, -12.110382080078125, 29.434412002563477, 40.368896484375, -23.80746841430664, -99.0035400390625, -5.422964096069336, 96.04560852050781
-12.925884246826172, -16.234935760498047, 20.203947067260742, 63.76148223876953, 15.024934768676758, -67.43755340576172, -58.81216812133789, 25.629419326782227
-12.56559944152832, -21.60437774658203, 5.785167694091797, 54.35823059082031, 39.25688171386719, -21.633089065551758, -99.63009643554688, -67.95104217529297
-11.630647659301758, -27.66568374633789, -9.138457298278809, 39.76689529418945, 59.32889938354492, 47.90138626098633, -53.54616928100586, -143.3997802734375
-10.88948917388916, -25.28738021850586, -22.308040618896484, 11.23330307006836, 72.44417572021484, 74.07227325439453, 29.56100845336914, -27.048128128051758
-9.242705345153809, -29.937166213989258, -34.24425506591797, -17.6063232421875, 33.03717803955078, 72.81168365478516, 67.5402603149414, 68.82223510742188
-8.249452590942383, -26.674030303955078, -46.66474914550781, -45.40121841430664, -10.844490051269531, 26.16497230529785, 95.72527313232422, 132.13580322265625
-7.112968444824219, -22.4639835357666, -45.97380065917969, -46.036468505859375, -52.51359558105469, -32.637550354003906, 5.465014457702637, 69.9508285522461
-5.145534038543701, -17.95865249633789, -39.681983947753906, -57.56794357299805, -54.01084899902344, -73.32080078125, -85.2326889038086, -34.8463134765625
-3.3842453956604004, -13.116009712219238, -28.848461151123047, -35.6242790222168, -51.834007263183594, -87.99481964111328, -101.49942779541016, -105.9695816040039
-1.766741156578064, -6.096498012542725, -11.976289749145508, -22.495403289794922, -29.356332778930664, -30.923547744750977, -64.11607360839844, -82.94023895263672
5.161365085326608e-11, 1.5468934774398804, 4.28486442565918, 9.942399978637695, 17.554107666015625, 15.828667640686035, 19.091135025024414, 31.644853591918945
1.6907683610916138, 8.295698165893555, 20.728225708007812, 31.603046417236328, 64.28531646728516, 77.46882629394531, 79.20248413085938, 88.9829330444336
3.549736738204956, 16.29202651977539, 29.185508728027344, 42.04597854614258, 75.83423614501953, 101.38646697998047, 65.51325988769531, 49.18140411376953
5.273685455322266, 19.90546989440918, 45.15890121459961, 55.15048599243164, 71.84690856933594, 55.09270477294922, 19.84093475341797, -34.359718322753906
6.897758960723877, 25.43667221069336, 48.64431381225586, 49.21363830566406, 30.827899932861328, -9.815935134887695, -73.970458984375, -101.98900604248047
8.046263694763184, 28.997039794921875, 34.32096481323242, 25.668994903564453, -13.103453636169434, -54.3477668762207, -106.66592407226562, -113.67047882080078
9.90989875793457, 28.981990814208984, 26.46767807006836, -1.543305516242981, -45.18624496459961, -72.92979431152344, -41.96335220336914, 11.59254264831543
11.044452667236328, 27.34381103515625, 17.773149490356445, -22.93434715270996, -86.79057312011719, -69.90524291992188, 16.010475158691406, 116.86122131347656
12.223492622375488, 25.9746150970459, 0.9347530603408813, -57.92964172363281, -49.20743942260742, -0.09580940008163452, 107.70977783203125, 68.4188232421875
12.67126178741455, 20.709228515625, -15.925281524658203, -66.2555160522461, -22.3754825592041, 65.6789779663086, 116.82291412353516, 2.444234848022461
12.896763801574707, 16.947290420532227, -28.272165298461914, -49.65628433227539, 12.794549942016602, 85.76954650878906, 25.4135799407959, -95.92982482910156
14.419852256774902, 8.843040466308594, -40.40620803833008, -29.4600772857666, 59.79530715942383, 54.49338150024414, -55.59619903564453, -113.01548767089844
14.707019805908203, 2.0933616161346436, -44.49529266357422, -6.420522212982178, 54.626609802246094, 9.877482414245605, -114.87196350097656, -11.28249454498291
14.76191520690918, -5.4202399253845215, -36.7381591796875, 24.069002151489258, 51.186798095703125, -36.289466857910156, -65.04780578613281, 68.69628143310547
14.058799743652344, -11.412508964538574, -33.76426315307617, 46.38700485229492, 33.483253479003906, -66.57395935058594, 4.575594902038574, 95.47161865234375
13.60512638092041, -16.666038513183594, -20.59381103515625, 64.08001708984375, -16.64072036743164, -85.5030288696289, 77.43790435791016, 42.07012939453125
12.73257827758789, -23.9700927734375, -6.370499134063721, 55.38125228881836, -60.574790954589844, -17.006248474121094, 80.67606353759766, -104.39427947998047
12.12382984161377, -27.500656127929688, 9.456697463989258, 31.31671714782715, -72.77484130859375, 40.13159942626953, 53.73728561401367, -113.02670288085938
11.291260719299316, -28.405973434448242, 21.168033599853516, 15.262678146362305, -59.4776496887207, 65.38034057617188, -53.76875686645508, -58.69036865234375
9.75141429901123, -26.068361282348633, 30.112659454345703, -14.447724342346191, -30.76688003540039, 94.04026794433594, -124.66404724121094, 64.52291870117188
8.238332748413086, -26.232364654541016, 38.76933670043945, -32.293617248535156, 16.876487731933594, 29.353897094726562, -107.28788757324219, 93.12044525146484
6.775136470794678, -21.88741111755371, 46.855133056640625, -48.75059509277344, 59.95990753173828, -22.748868942260742, -7.555099964141846, 76.32670593261719
5.298656940460205, -16.77568817138672, 36.06969451904297, -63.87651824951172, 63.65091323852539, -60.49097442626953, 60.57048416137695, -66.45137023925781
3.6415088176727295, -13.271685600280762, 24.938493728637695, -50.143096923828125, 75.82649993896484, -74.67266082763672, 132.4821014404297, -115.69892883300781
1.8020786046981812, -5.691406726837158, 11.576443672180176, -17.10794448852539, 32.28883361816406, -49.50235366821289, 63.62174606323242, -66.57833099365234
-5.1228094682942427e-11, 1.3708035945892334, -4.575041770935059, 7.11240816116333, -11.21823501586914, 25.43881607055664, -38.756195068359375, 38.04738235473633
-1.8142198324203491, 8.445552825927734, -21.121917724609375, 28.97378158569336, -58.3035888671875, 81.67982482910156, -80.50504302978516, 131.38552856445312
-3.3966901302337646, 14.268232345581055, -30.086502075195312, 54.023868560791016, -69.58153533935547, 91.3395004272461, -89.74784088134766, 52.120941162109375
-5.230226516723633, 21.272056579589844, -41.20976638793945, 46.80840301513672, -55.22903823852539, 50.65970230102539, -13.91219711303711, -29.138084411621094
-6.563983917236328, 25.574434280395508, -45.44126892089844, 53.17359924316406, -26.63903045654297, -12.54452133178711, 43.86126708984375, -108.31153106689453
-8.091146469116211, 28.39889907836914, -35.65892791748047, 26.427770614624023, 11.283639907836914, -82.22212219238281, 65.76565551757812, -78.60345458984375
-9.92874813079834, 28.844270706176758, -25.66277503967285, -1.1949764490127563, 51.15989685058594, -97.0164794921875, 64.25021362304688, 11.195396423339844
-11.398369789123535, 27.15529441833496, -15.936193466186523, -29.290435791015625, 81.94813537597656, -58.74748229980469, -13.637833595275879, 83.53734588623047
-12.054718017578125, 24.07668113708496, -0.9944164156913757, -49.091888427734375, 50.60493469238281, -0.13721396028995514, -81.28121185302734, 80.40579986572266
-13.057169914245605, 20.663251876831055, 16.35457420349121, -56.7464714050293, 32.405879974365234, 43.49190139770508, -124.38946533203125, 3.930269718170166
-13.991512298583984, 15.178043365478516, 32.44649887084961, -49.209503173828125, -11.13663101196289, 108.60113525390625, -26.47980308532715, -77.57551574707031
-14.154253959655762, 8.227354049682617, 36.515933990478516, -37.05719757080078, -60.63299560546875, 58.132476806640625, 64.53375244140625, -84.38285827636719
-13.423442840576172, 1.9471169710159302, 48.144187927246094, -4.619975566864014, -59.32536697387695, 13.49203109741211, 98.03399658203125, -19.352994918823242
-14.803667068481445, -5.252884387969971, 45.924800872802734, 25.62969398498535, -70.64749145507812, -54.48974609375, 85.80294799804688, 79.31147766113281
-13.976993560791016, -10.772828102111816, 28.868009567260742, 47.63421630859375, -31.948022842407227, -82.37712860107422, -4.117998123168945, 99.55449676513672
-13.702391624450684, -16.319194793701172, 18.628746032714844, 66.580810546875, 11.371774673461914, -70.03055572509766, -62.11270523071289, 40.601810455322266
-12.558610916137695, -24.681493759155273, 7.028163909912109, 58.910255432128906, 39.08644104003906, -20.035314559936523, -91.81783294677734, -94.0146713256836
-11.854629516601562, -23.7437801361084, -10.411394119262695, 43.99826431274414, 79.29231262207031, 45.522701263427734, -39.72053909301758, -152.44020080566406
-10.539070129394531, -27.82525634765625, -21.135643005371094, 12.127960205078125, 76.69671630859375, 104.82259368896484, 44.234256744384766, -54.20947265625
-9.5437593460083, -29.447616577148438, -30.853609085083008, -15.124879837036133, 32.677120208740234, 63.59973907470703, 88.71463775634766, 45.17741394042969
-8.644486427307129, -27.799488067626953, -45.86058807373047, -35.116249084472656, -12.668346405029297, 38.11684799194336, 106.730712890625, 150.56466674804688
-6.550939083099365, -24.226978302001953, -45.22340774536133, -48.601863861083984, -59.3444938659668, -35.786556243896484, 6.954550743103027, 39.383853912353516
-5.200821399688721, -17.60821533203125, -37.19546127319336, -48.789527893066406, -79.9073715209961, -77.1730728149414, -56.212345123291016, -59.983970642089844
-3.46844482421875, -11.392932891845703, -26.21168327331543, -46.317501068115234, -53.79645919799805, -78.15872955322266, -126.8519287109375, -68.41986083984375
-1.8068981170654297, -5.902496337890625, -10.290426254272461, -16.28887176513672, -35.15802764892578, -37.09852600097656, -48.43867492675781, -66.69198608398438
4.9486418435273904e-11, 1.2877415418624878, 3.988912582397461, 10.06916618347168, 13.982027053833008, 16.395709991455078, 21.78450584411621, 39.39635467529297
1.8358465433120728, 8.2611083984375, 16.979734420776367, 38.35026550292969, 40.38371658325195, 66.87113952636719, 115.39984130859375, 77.6169662475586
3.540652275085449, 14.077739715576172, 34.040802001953125, 47.659698486328125, 71.64173889160156, 74.46878051757812, 87.19216918945312, 100.73719787597656
4.999589443206787, 21.855392456054688, 39.29664611816406, 52.599735260009766, 75.267333984375, 39.21915054321289, 20.573814392089844, -15.715599060058594
6.925149440765381, 26.84272575378418, 45.639373779296875, 38.677978515625, 28.14513397216797, -11.714682579040527, -76.87942504882812, -94.09932708740234
7.969663619995117, 24.57916831970215, 36.610816955566406, 29.83635902404785, -13.18497371673584, -62.163719177246094, -131.8363494873047, -104.24073791503906
9.82550048828125, 26.458332061767578, 31.95108413696289, -1.5908454656600952, -64.6844711303711, -82.1007308959961, -77.41857147216797, 12.925980567932129
11.048864364624023, 26.970067977905273, 15.396767616271973, -23.45186996459961, -80.41731262207031, -48.231632232666016, 19.382898330688477, 106.57050323486328
11.818353652954102, 27.261062622070312, 1.1044471263885498, -57.55071258544922, -70.66717529296875, -0.11059383302927017, 80.79432678222656, 114.26123809814453
12.737960815429688, 21.78359603881836, -16.29239273071289, -64.38748168945312, -32.81028366088867, 46.3398551940918, 107.91958618164062, 3.8795006275177
12.852243423461914, 14.200199127197266, -26.667207717895508, -47.8929443359375, 12.587532043457031, 63.51957702636719, 21.318744659423828, -101.5549545288086
13.909258842468262, 8.206798553466797, -40.328834533691406, -36.13016128540039, 52.01630401611328, 57.96735763549805, -67.53794860839844, -128.41156005859375
13.495929718017578, 2.060823917388916, -46.691898345947266, -6.050379753112793, 68.63858795166016, 13.223183631896973, -109.55337524414062, -17.302541732788086
14.12752628326416, -4.73150634765625, -36.159175872802734, 20.403364181518555, 53.27460479736328, -35.732086181640625, -61.98632049560547, 82.88125610351562
13.524901390075684, -11.854344367980957, -28.52245330810547, 44.80905532836914, 25.209768295288086, -94.35503387451172, 5.68162202835083, 132.2339324951172
13.631531715393066, -18.98089027404785, -23.077199935913086, 52.67099380493164, -10.55591869354248, -81.9919662475586, 52.495113372802734, 36.35275650024414
12.716292381286621, -21.271047592163086, -5.7485833168029785, 63.13682174682617, -48.12765884399414, -16.204591751098633, 68.38627624511719, -80.56795501708984
11.448436737060547, -23.548702239990234, 9.105036735534668, 31.63871192932129, -56.151771545410156, 47.88655090332031, 56.08800506591797, -107.46672821044922
10.470586776733398, -28.253530502319336, 25.176212310791016, 11.003253936767578, -49.279476165771484, 76.8750228881836, -49.92593765258789, -35.10426712036133
9.198477745056152, -28.774112701416016, 36.19181823730469, -14.851633071899414, -30.40513038635254, 68.09405517578125, -114.49617767333984, 70.65814208984375
7.909554958343506, -27.866479873657227, 43.732479095458984, -45.59431076049805, 16.845643997192383, 30.04002571105957, -86.54468536376953, 87.15924835205078
6.893281936645508, -23.963665008544922, 39.904449462890625, -44.213932037353516, 50.149314880371094, -34.0071907043457, -5.955761432647705, 39.94309997558594
5.174217224121094, -17.759498596191406, 38.797088623046875, -54.82252883911133, 87.72174835205078, -62.19560623168945, 54.76430130004883, -38.07792282104492
3.6280019283294678, -11.525521278381348, 27.89295196533203, -41.42448806762695, 57.539520263671875, -75.72358703613281, 120.6544189453125, -75.64095306396484
1.7125672101974487, -5.925880432128906, 10.229887962341309, -18.06814193725586, 35.28759765625, -45.63470458984375, 48.06315231323242, -62.59905242919922
-4.984405943542214e-11, 1.5034480094909668, -4.427466869354248, 7.584715843200684, -17.53529930114746, 15.721360206604004, -23.317962646484375, 36.28070831298828
-1.7149075269699097, 8.166569709777832, -20.35222816467285, 39.47108459472656, -55.26189041137695, 62.81470489501953, -110.4743881225586, 122.7962646484375
-3.5834131240844727, 15.356268882751465, -35.722599029541016, 48.667842864990234, -70.37458801269531, 75.37700653076172, -66.3084945678711, 93.06099700927734
-5.248295783996582, 19.744903564453125, -34.743919372558594, 54.92414474487305, -59.44186782836914, 49.351627349853516, -20.700895309448242, -16.75692367553711
-6.501768589019775, 24.665517807006836, -39.381683349609375, 54.70542526245117, -29.480350494384766, -10.22719669342041, 82.65990447998047, -142.71435546875
-8.019928932189941, 28.579668045043945, -43.302833557128906, 29.8245906829834, 14.781664848327637, -63.878055572509766, 88.26980590820312, -68.8494644165039
-9.644632339477539, 27.553190231323242, -26.9013614654541, -1.4519023895263672, 49.839256286621094, -63.94145584106445, 42.66051483154297, 10.085716247558594
-11.338724136352539, 29.310592651367188, -14.753787994384766, -27.078948974609375, 71.61994934082031, -72.72364807128906, -22.105857849121094, 111.68358612060547
-12.458087921142578, 23.383100509643555, -1.026767611503601, -40.853763580322266, 75.4154052734375, -0.12773315608501434, -90.8608169555664, 93.09042358398438
-12.539325714111328, 19.755794525146484, 16.33213233947754, -55.835121154785156, 32.79642868041992, 41.70179748535156, -110.4830322265625, 3.309828281402588
-12.836944580078125, 16.7334041595459, 26.714906692504883, -59.97299575805664, -13.365243911743164, 86.5898666381836, -31.439544677734375, -76.25321197509766
-13.825937271118164, 8.801762580871582, 40.21908187866211, -37.68072509765625, -41.675167083740234, 58.01151657104492, 62.49540328979492, -105.94738006591797
-14.53901481628418, 2.117152452468872, 40.92021179199219, -6.032960891723633, -53.94827651977539, 11.698068618774414, 105.26103210449219, -21.903217315673828
-14.431014060974121, -4.849091053009033, 46.382164001464844, 26.250545501708984, -75.64631652832031, -59.67961120605469, 94.51688385009766, 62.197113037109375
-14.329689979553223, -12.876747131347656, 29.12317657470703, 43.70977783203125, -36.23501968383789, -96.37289428710938, -3.9493658542633057, 72.80510711669922
-12.810367584228516, -16.436403274536133, 18.961040496826172, 45.525177001953125, 15.874213218688965, -61.523258209228516, -67.6358871459961, 33.213409423828125
-12.620012283325195, -23.950878143310547, 7.1961236000061035, 58.05215072631836, 42.38669204711914, -26.165098190307617, -69.17940521240234, -56.19232940673828
-11.354887962341309, -27.857418060302734, -8.61748218536377, 38.35450744628906, 61.060546875, 41.161136627197266, -57.7936897277832, -94.63055419921875
-10.523059844970703, -29.44816017150879, -23.229347229003906, 14.216411590576172, 75.84093475341797, 59.4226188659668, 39.33869552612305, -52.52273178100586
-9.526241302490234, -28.507150650024414, -33.24422836303711, -18.3428955078125, 33.877254486083984, 90.48381042480469, 125.23651123046875, 52.206809997558594
-8.457376480102539, -24.702219009399414, -46.11188888549805, -39.312042236328125, -15.519668579101562, 25.172067642211914, 85.89527130126953, 114.91443634033203
-6.68810510635376, -21.831327438354492, -38.664710998535156, -45.393863677978516, -57.6573600769043, -36.634830474853516, 6.648070812225342, 44.98850631713867
-5.02488374710083, -16.506772994995117, -39.54739761352539, -46.86320877075195, -81.50914001464844, -72.42786407470703, -51.89087677001953, -69.34407806396484
-3.3769946098327637, -11.705410957336426, -23.740949630737305, -46.33026885986328, -53.89860534667969, -65.94920349121094, -72.7377700805664, -145.4142608642578
-1.7796823978424072, -5.699112415313721, -11.583952903747559, -21.068016052246094, -24.766511917114258, -37.79005432128906, -62.71501922607422, -92.79315185546875
5.139612346827249e-11, 1.411027431488037, 4.811713695526123, 9.221291542053223, 17.35694122314453, 24.917070388793945, 32.295684814453125, 37.478271484375
1.8176946640014648, 8.591666221618652, 19.308563232421875, 29.816394805908203, 57.08095169067383, 60.305301666259766, 109.56733703613281, 75.31290435791016
3.685485363006592, 15.23660945892334, 32.852176666259766, 50.82366180419922, 64.26958465576172, 83.10130310058594, 62.04418182373047, 106.16079711914062
5.347404956817627, 21.18113136291504, 45.153133392333984, 63.943241119384766, 60.157745361328125, 40.173377990722656, 24.392744064331055, -15.7621431350708
6.939131259918213, 23.729583740234375, 39.40951919555664, 55.80751037597656, 25.342256546020508, -11.398467063903809, -68.84867858886719, -103.76807403564453
8.1499662399292, 28.715295791625977, 39.62207794189453, 30.9624080657959, -12.779929161071777, -53.17152786254883, -127.80474853515625, -88.11139678955078
9.876355171203613, 27.483394622802734, 33.413055419921875, -1.4265366792678833, -42.75591278076172, -74.07766723632812, -66.26272583007812, 12.477326393127441
10.609336853027344, 26.116960525512695, 14.709794998168945, -33.918235778808594, -76.89900970458984, -69.90596008300781, 16.44586181640625, 124.08453369140625
11.59347152709961, 25.74819564819336, 1.2408502101898193, -57.80467987060547, -60.08760070800781, -0.08027302473783493, 70.19144439697266, 101.5872802734375
13.21658706665039, 19.23396873474121, -12.76000690460205, -57.32211685180664, -34.32069396972656, 70.77313232421875, 109.46858215332031, 2.6607866287231445
13.541255950927734, 14.244662284851074, -27.95439338684082, -59.262168884277344, 13.758232116699219, 91.41447448730469, 38.75438690185547, -110.1412582397461
14.159951210021973, 8.205291748046875, -42.224021911621094, -36.65216064453125, 53.25653839111328, 47.00179672241211, -70.003173828125, -109.66887664794922
13.46505355834961, 2.3428380489349365, -46.65277099609375, -4.818262577056885, 76.14971923828125, 7.776159763336182, -98.14683532714844, -18.23689842224121
13.64844036102295, -5.173190593719482, -36.59223937988281, 22.176198959350586, 54.52095031738281, -61.9158821105957, -80.35294342041016, 62.63048553466797
14.29757022857666, -10.572224617004395, -33.05017852783203, 37.057861328125, 27.259265899658203, -86.66291809082031, 5.518263339996338, 67.772705078125
13.034124374389648, -19.267261505126953, -23.176136016845703, 63.9669075012207, -11.878190040588379, -90.6838607788086, 79.77635192871094, 20.146224975585938
12.92731761932373, -23.219661712646484, -5.683383941650391, 63.82278823852539, -44.627471923828125, -19.924720764160156, 124.98043060302734, -83.82909393310547
11.893757820129395, -25.95723533630371, 10.171022415161133, 31.919551849365234, -86.33450317382812, 34.0589599609375, 36.11167526245117, -107.58466339111328
11.190375328063965, -26.508094787597656, 23.405405044555664, 11.320207595825195, -47.920928955078125, 90.8822021484375, -43.48310089111328, -38.06910705566406
9.544334411621094, -30.704294204711914, 37.64640808105469, -12.366626739501953, -33.04248046875, 91.67646026611328, -121.39680480957031, 51.032772064208984
7.977060794830322, -26.242141723632812, 47.04902648925781, -40.953216552734375, 12.087175369262695, 26.848278045654297, -87.74140930175781, 107.13102722167969
6.864767551422119, -24.98302459716797, 37.926063537597656, -57.654029846191406, 53.08149337768555, -24.706390380859375, -10.212881088256836, 61.767433166503906
5.458337783813477, -19.43408966064453, 36.51100540161133, -58.639869689941406, 61.395591735839844, -98.36911010742188, 90.7104721069336, -33.73859405517578
3.465627670288086, -12.650391578674316, 25.32651138305664, -48.735511779785156, 66.07456970214844, -68.26163482666016, 102.0425033569336, -116.70488739013672
1.6977566480636597, -6.021457195281982, 12.62064266204834, -16.116357803344727, 31.693920135498047, -36.41535186767578, 60.082672119140625, -53.69289016723633
-4.8402049729334706e-11, 1.3210093975067139, -4.581775665283203, 9.97502613067627, -12.07974910736084, 25.447675704956055, -32.2420539855957, 43.14175033569336
-1.7352886199951172, 7.680661201477051, -17.225862503051758, 30.221704483032227, -50.658905029296875, 59.974754333496094, -117.45021057128906, 134.94952392578125
-3.5972251892089844, 14.102852821350098, -30.627750396728516, 57.36549377441406, -67.91903686523438, 81.38236236572266, -117.51648712158203, 75.95365905761719
-5.324805736541748, 21.407949447631836, -34.121761322021484, 65.05558776855469, -75.31952667236328, 37.81914520263672, -19.358694076538086, -33.96636962890625
-6.930063247680664, 23.56696891784668, -38.16408920288086, 45.76263427734375, -30.55463218688965, -10.275398254394531, 79.6810531616211, -78.0557861328125
-8.190031051635742, 28.685718536376953, -38.012332916259766, 21.11008071899414, 12.492507934570312, -67.35375213623047, 118.80250549316406, -54.31458282470703
-9.835747718811035, 25.955307006835938, -28.850181579589844, -1.5815898180007935, 42.12942886352539, -65.628173828125, 59.91703796386719, 11.79305648803711
-10.788850784301758, 24.863492965698242, -16.848588943481445, -30.446468353271484, 74.81364440917969, -44.234901428222656, -11.612539291381836, 74.16035461425781
-12.006568908691406, 27.25495147705078, -0.9789431095123291, -38.90859603881836, 76.3873291015625, -0.08699008077383041, -88.7829818725586, 113.70219421386719
-13.08886432647705, 19.323902130126953, 15.443052291870117, -62.08399200439453, 27.967723846435547, 42.71416091918945, -121.23209381103516, 2.9890589714050293
-13.17633056640625, 14.022022247314453, 24.845447540283203, -45.397151947021484, -13.998233795166016, 98.849609375, -38.78479766845703, -63.51961135864258
-13.533215522766113, 8.555920600891113, 33.52086639404297, -36.01584243774414, -60.8535041809082, 77.9383773803711, 68.21249389648438, -102.00523376464844
-13.851877212524414, 2.225511074066162, 39.806610107421875, -4.674649238586426, -71.81884002685547, 12.140148162841797, 112.46721649169922, -20.04475975036621
-14.262621879577637, -4.529857158660889, 38.785709381103516, 21.663043975830078, -72.54120635986328, -55.27140808105469, 48.21257019042969, 94.949462890625
-13.485641479492188, -11.674016952514648, 31.4080753326416, 43.12981414794922, -27.25312042236328, -58.734004974365234, -5.432056903839111, 76.69740295410156
-13.528103828430176, -16.67473793029785, 22.534387588500977, 47.463722229003906, 17.00718116760254, -68.47673797607422, -59.287540435791016, 28.047622680664062
-12.569622993469238, -24.29768180847168, 5.613006591796875, 51.255287170410156, 62.37251281738281, -21.798490524291992, -121.33267974853516, -64.1569595336914
-11.38071060180664, -27.168170928955078, -8.243477821350098, 40.94070816040039, 80.8958740234375, 51.80830383300781, -33.1026496887207, -70.98157501220703
-11.064640998840332, -30.328920364379883, -22.661428451538086, 13.318746566772461, 72.30094909667969, 91.51322937011719, 42.26968002319336, -57.489688873291016
-9.606579780578613, -29.63576316833496, -32.16997528076172, -15.297807693481445, 27.737686157226562, 68.64663696289062, 124.8946304321289, 58.683143615722656
-8.29822826385498, -27.223569869995117, -36.17115020751953, -42.3725471496582, -10.75965690612793, 36.858123779296875, 76.8814697265625, 78.97953033447266
-6.639581680297852, -22.169395446777344, -37.60409927368164, -51.123085021972656, -51.73933792114258, -34.97159194946289, 5.518338680267334, 39.02885818481445
-5.024374008178711, -18.037492752075195, -39.69911575317383, -59.23387145996094, -65.83743286132812, -85.81294250488281, -86.19806671142578, -71.20868682861328
-3.5576133728027344, -12.048941612243652, -22.075212478637695, -37.73137664794922, -68.61314392089844, -103.6961669921875, -106.57611846923828, -72.74774169921875
-1.79960036277771, -5.8945183753967285, -12.68576431274414, -18.163410186767578, -23.453222274780273, -43.792484283447266, -36.4515266418457, -82.09420013427734
5.044450968050285e-11, 1.356284499168396, 3.663947820663452, 8.510268211364746, 13.972712516784668, 19.603416442871094, 30.905838012695312, 44.969459533691406
1.827748417854309, 9.03267765045166, 19.432294845581055, 33.81602096557617, 39.779884338378906, 70.15270233154297, 87.87049102783203, 88.42161560058594
3.5225789546966553, 15.748085021972656, 28.114471435546875, 57.81871032714844, 65.82805633544922, 86.32298278808594, 62.784786224365234, 53.286354064941406
5.232900619506836, 20.252389907836914, 39.51490783691406, 51.510318756103516, 66.5883560180664, 60.353519439697266, 24.94222640991211, -32.22231674194336
6.92778205871582, 26.374744415283203, 38.616058349609375, 40.56832504272461, 23.60236930847168, -11.738175392150879, -42.924930572509766, -119.36455535888672
8.076868057250977, 29.54860496520996, 38.57205581665039, 23.456466674804688, -13.218107223510742, -71.01224517822266, -116.98259735107422, -112.53056335449219
9.77899169921875, 25.9457950592041, 30.096067428588867, -1.1424535512924194, -47.73326110839844, -64.66626739501953, -65.98902130126953, 13.757707595825195
10.873858451843262, 28.73457145690918, 17.466829299926758, -28.620357513427734, -62.94681930541992, -54.84259796142578, 16.858333587646484, 131.36459350585938
11.682768821716309, 23.063386917114258, 0.9514356851577759, -44.691566467285156, -49.49197006225586, -0.1281503438949585, 102.74529266357422, 81.92243957519531
12.451775550842285, 19.309795379638672, -13.862690925598145, -51.5062141418457, -24.643606185913086, 74.22132873535156, 65.37152862548828, 3.8088104724884033
13.037440299987793, 14.858569145202637, -25.285253524780273, -48.334869384765625, 14.526616096496582, 92.4681625366211, 29.150182723999023, -81.40584564208984
14.423188209533691, 8.785409927368164, -36.223697662353516, -30.18209457397461, 49.24493408203125, 76.41959381103516, -49.451148986816406, -66.74809265136719
14.382516860961914, 2.1695592403411865, -43.872379302978516, -4.799127101898193, 80.93779754638672, 8.79760456085205, -68.09133911132812, -15.399744033813477
14.365653991699219, -5.357766628265381, -42.027252197265625, 19.706836700439453, 74.63475799560547, -61.185630798339844, -82.64958190917969, 106.87355041503906
13.734624862670898, -11.026575088500977, -30.296512603759766, 47.13135528564453, 28.72662353515625, -87.61444854736328, 5.382145404815674, 84.57231140136719
13.640984535217285, -17.009933471679688, -22.327564239501953, 57.14511489868164, -15.21828842163086, -90.06346130371094, 88.12572479248047, 25.493303298950195
