13.16672134399414, -18.491769790649414, -22.36676597595215, 57.733951568603516, -15.773885726928711, -59.154930114746094, 70.76094818115234, 35.89366912841797
12.730113983154297, -21.328083038330078, -7.073927879333496, 51.76631546020508, -49.723960876464844, -21.602706909179688, 120.45122528076172, -45.16515350341797
11.4159574508667, -26.482370376586914, 10.754600524902344, 40.014373779296875, -83.31005859375, 41.20316696166992, 37.7219352722168, -146.8500213623047
10.472563743591309, -26.379104614257812, 27.066173553466797, 15.009659767150879, -56.1037712097168, 85.03987121582031, -52.17500686645508, -27.022724151611328
9.731793403625488, -29.353986740112305, 36.020591735839844, -14.632133483886719, -33.58187484741211, 77.9179916381836, -91.04713439941406, 71.60221099853516
8.504926681518555, -26.942062377929688, 43.23995590209961, -38.57636642456055, 15.195893287658691, 25.094621658325195, -92.22615814208984, 156.33535766601562
6.740553379058838, -22.628305435180664, 39.39299011230469, -64.98502349853516, 61.04182815551758, -31.088787078857422, -7.018199920654297, 42.59487533569336
5.043373107910156, -18.169570922851562, 37.58956527709961, -58.999629974365234, 70.31475830078125, -81.16919708251953, 89.24018096923828, -48.41246032714844
3.6098620891571045, -11.979264259338379, 22.454439163208008, -34.613162994384766, 49.38657760620117, -96.06641387939453, 98.03706359863281, -71.49739074707031
1.8453636169433594, -5.28761100769043, 10.416899681091309, -17.668317794799805, 24.435468673706055, -37.50407028198242, 56.46624755859375, -52.15007019042969
-8.36904243822767e-12, 1.4460346698760986, -3.774839162826538, 7.102026462554932, -10.739629745483398, 24.027347564697266, -29.093734741210938, 24.24281883239746
-1.7564266920089722, 8.703010559082031, -21.19235610961914, 35.69173812866211, -62.92400360107422, 53.1016731262207, -81.81990814208984, 66.44508361816406
-3.6143107414245605, 14.115299224853516, -29.516193389892578, 60.94762420654297, -66.29828643798828, 66.88443756103516, -65.7528305053711, 94.84827423095703
-5.4651970863342285, 20.019634246826172, -35.790992736816406, 53.717529296875, -76.55229187011719, 48.345394134521484, -17.98081398010254, -23.979524612426758
-6.624417304992676, 22.402809143066406, -46.96215057373047, 48.085914611816406, -23.762924194335938, -11.924491882324219, 78.06656646728516, -82.4552001953125
-7.917209625244141, 26.224407196044922, -37.16659164428711, 25.348575592041016, 17.10472869873047, -60.108558654785156, 83.37149810791016, -59.70752716064453
-9.845258712768555, 30.276561737060547, -29.221830368041992, -1.4889075756072998, 50.585105895996094, -72.50761413574219, 63.132205963134766, 7.810303688049316
-10.759044647216797, 26.236268997192383, -17.436141967773438, -28.388782501220703, 62.23344039916992, -59.336795806884766, -14.209940910339355, 79.55485534667969
-11.735511779785156, 24.12941551208496, -1.1293044090270996, -40.06132507324219, 69.73432922363281, -0.08085852861404419, -88.10458374023438, 116.54166412353516
-13.319572448730469, 20.148900985717773, 16.2185115814209, -47.1486930847168, 32.36504364013672, 48.46395492553711, -105.33746337890625, 2.4802348613739014
-13.737692832946777, 16.834331512451172, 29.495262145996094, -52.86330032348633, -16.449487686157227, 95.93407440185547, -25.869407653808594, -83.5307388305664
-13.875922203063965, 8.542112350463867, 40.71477508544922, -28.45052719116211, -57.23922348022461, 57.27631759643555, 43.4507942199707, -116.26251220703125
-14.314315795898438, 2.0283048152923584, 39.045562744140625, -6.532412528991699, -63.939231872558594, 8.477250099182129, 105.18882751464844, -20.063825607299805
-14.32466983795166, -5.2505202293396, 44.43649673461914, 21.376678466796875, -71.1544418334961, -61.64762496948242, 47.7330207824707, 76.66386413574219
-13.517126083374023, -12.402015686035156, 29.364513397216797, 38.658329010009766, -26.7962703704834, -80.21214294433594, -4.701979160308838, 103.84898376464844
-13.096141815185547, -16.51784896850586, 20.95880126953125, 49.39963912963867, 13.412506103515625, -84.12698364257812, -104.94064331054688, 31.896106719970703
-12.508501052856445, -23.746728897094727, 7.084903717041016, 54.17369079589844, 58.45116424560547, -22.76987075805664, -112.17789459228516, -102.07260131835938
-12.444178581237793, -28.67557716369629, -8.630538940429688, 37.95515060424805, 81.7349853515625, 33.88731384277344, -30.663196563720703, -118.31339263916016
-11.30588150024414, -28.47057342529297, -24.287992477416992, 10.742485046386719, 54.424400329589844, 103.56676483154297, 40.8659782409668, -33.6982536315918
-9.79065227508545, -25.69227409362793, -33.758785247802734, -15.486661911010742, 26.15976905822754, 97.61534881591797, 80.38711547851562, 70.64434051513672
-8.24465560913086, -24.635929107666016, -38.85995101928711, -42.92096710205078, -12.156906127929688, 27.396291732788086, 81.48345184326172, 104.83432006835938
-6.756779670715332, -23.583280563354492, -39.9998779296875, -45.56095886230469, -59.5562858581543, -28.58948516845703, 8.718608856201172, 55.55998229980469
-5.29295539855957, -19.326229095458984, -40.555625915527344, -61.362030029296875, -79.3009033203125, -58.23283004760742, -59.10454559326172, -52.636566162109375
-3.400665044784546, -12.260859489440918, -25.117469787597656, -42.280033111572266, -51.49494171142578, -70.70508575439453, -71.31636047363281, -77.93909454345703
-1.758198857307434, -5.132981300354004, -10.263993263244629, -19.198759078979492, -25.86105728149414, -37.86561584472656, -49.18064498901367, -69.70209503173828
8.093551003007793e-12, 1.4496654272079468, 4.716528415679932, 7.658210754394531, 13.90001392364502, 18.478439331054688, 29.422626495361328, 36.80229187011719
1.7030683755874634, 9.038309097290039, 18.017881393432617, 34.913883209228516, 60.26496887207031, 80.0725326538086, 90.37811279296875, 85.95714569091797
3.4500207901000977, 13.89534854888916, 32.54841232299805, 42.096038818359375, 55.96464920043945, 89.62123107910156, 93.95051574707031, 72.83782958984375
5.417521953582764, 19.70917510986328, 41.50068283081055, 58.91577911376953, 59.660125732421875, 47.30927276611328, 17.087289810180664, -16.671205520629883
7.136363506317139, 24.590545654296875, 37.942134857177734, 48.70949172973633, 22.303665161132812, -11.54856014251709, -64.2226791381836, -75.90618896484375
8.061559677124023, 29.974199295043945, 34.40165710449219, 29.77037811279297, -13.478507995605469, -58.271034240722656, -110.63054656982422, -92.46931457519531
9.622354507446289, 27.02107810974121, 30.351730346679688, -1.3949013948440552, -63.442874908447266, -99.72551727294922, -51.257957458496094, 6.853719234466553
10.795778274536133, 30.152387619018555, 17.367977142333984, -24.208560943603516, -80.05436706542969, -70.54945373535156, 18.123653411865234, 128.20263671875
12.311263084411621, 25.830453872680664, 1.1482408046722412, -49.36232376098633, -66.2340316772461, -0.08285070210695267, 65.84889221191406, 90.28086853027344
13.124383926391602, 21.786380767822266, -13.28878402709961, -52.75531005859375, -28.3879451751709, 61.42123794555664, 110.91577911376953, 1.8598638772964478
13.543116569519043, 14.739237785339355, -25.194677352905273, -55.45526885986328, 17.37828254699707, 68.25016021728516, 33.385223388671875, -71.88214874267578
13.837959289550781, 8.287014961242676, -42.2364616394043, -27.443988800048828, 62.30611038208008, 61.73392868041992, -57.9113883972168, -140.5733184814453
13.908909797668457, 2.060293436050415, -44.00836944580078, -6.13857364654541, 62.50389862060547, 8.139226913452148, -122.43555450439453, -15.64339542388916
14.362030982971191, -5.224160194396973, -35.348419189453125, 19.962003707885742, 55.9747200012207, -54.655357360839844, -81.63692474365234, 90.73399353027344
13.203065872192383, -10.675393104553223, -31.809633255004883, 43.43622970581055, 28.497426986694336, -82.00241088867188, 5.701066493988037, 122.54551696777344
13.157770156860352, -18.56679916381836, -18.89842414855957, 58.700843811035156, -10.845232963562012, -83.55656433105469, 60.96345901489258, 32.99995422363281
12.976237297058105, -20.45134735107422, -7.279858589172363, 60.245235443115234, -54.21349334716797, -23.03485107421875, 110.794677734375, -91.667724609375
12.106860160827637, -28.022127151489258, 9.379681587219238, 33.415199279785156, -59.617401123046875, 37.28325653076172, 45.557716369628906, -129.77322387695312
11.313665390014648, -26.7265567779541, 25.115427017211914, 11.321512222290039, -55.98189163208008, 63.54374313354492, -32.520416259765625, -58.62867736816406
9.5672607421875, -29.251220703125, 33.861976623535156, -12.859129905700684, -35.29539489746094, 87.74537658691406, -79.16104125976562, 51.089256286621094
7.97361946105957, -25.265104293823242, 35.46074295043945, -41.83610534667969, 15.89795970916748, 38.854679107666016, -66.38533020019531, 104.25737762451172
7.077338695526123, -20.910049438476562, 46.10856246948242, -45.8494873046875, 58.71502685546875, -36.92107009887695, -6.633477210998535, 42.55211639404297
5.3072662353515625, -19.629566192626953, 40.27039337158203, -56.20988845825195, 65.9561996459961, -62.83803176879883, 63.93013381958008, -64.28826141357422
3.4191548824310303, -11.918620109558105, 22.200157165527344, -49.46471405029297, 56.14429473876953, -59.30241775512695, 87.89170837402344, -76.11051940917969
1.8581891059875488, -5.266268253326416, 10.043156623840332, -21.728303909301758, 25.450332641601562, -52.01566696166992, 59.17744827270508, -52.03206253051758
-8.465045504835178e-12, 1.3192135095596313, -4.5197649002075195, 9.357144355773926, -14.032769203186035, 21.170223236083984, -25.754009246826172, 44.00494384765625
-1.7881245613098145, 7.565698146820068, -17.04758071899414, 38.4703483581543, -51.38385009765625, 86.51271057128906, -115.03429412841797, 97.31562042236328
-3.518001079559326, 16.07794189453125, -28.148576736450195, 45.27165985107422, -60.176517486572266, 70.06269073486328, -99.22012329101562, 81.28146362304688
-5.4544782638549805, 20.72344970703125, -41.477684020996094, 57.73561096191406, -67.27131652832031, 51.863582611083984, -25.976919174194336, -22.13809585571289
-6.852006435394287, 23.96358299255371, -38.45835876464844, 46.832740783691406, -31.505647659301758, -11.627508163452148, 69.46768188476562, -124.28173828125
-7.966360092163086, 26.367013931274414, -34.276123046875, 22.045711517333984, 13.407100677490234, -56.40929412841797, 118.04296875, -85.46781158447266
-9.357439041137695, 27.455028533935547, -30.559188842773438, -1.5952614545822144, 54.997230529785156, -68.61358642578125, 57.92852783203125, 10.319214820861816
-11.306012153625488, 27.42306900024414, -16.225046157836914, -26.4114990234375, 70.2566146850586, -73.48656463623047, -15.188553810119629, 82.39253997802734
-12.252820014953613, 23.78278923034668, -1.1009083986282349, -48.85028839111328, 61.40225601196289, -0.11734342575073242, -86.5626449584961, 84.20553588867188
-13.106472969055176, 20.760690689086914, 13.640122413635254, -53.93364334106445, 30.12148666381836, 68.10334014892578, -78.3060302734375, 3.4034502506256104
-13.963094711303711, 14.96264934539795, 28.827199935913086, -60.38840103149414, -15.803804397583008, 103.20973205566406, -35.820796966552734, -98.51251220703125
-14.304518699645996, 8.940260887145996, 36.896053314208984, -30.796663284301758, -51.471351623535156, 80.15864562988281, 41.969058990478516, -83.71919250488281
-13.803522109985352, 1.9864786863327026, 43.25497817993164, -4.740359306335449, -59.697654724121094, 11.009139060974121, 66.37326049804688, -19.126737594604492
-13.45396900177002, -4.842069625854492, 39.7860107421875, 25.683692932128906, -60.254085540771484, -44.010990142822266, 64.95785522460938, 59.56776428222656
-14.516486167907715, -10.846359252929688, 38.260536193847656, 47.033443450927734, -35.3443717956543, -67.21267700195312, -5.217606544494629, 85.024169921875
-13.06093978881836, -17.914796829223633, 23.146657943725586, 50.171260833740234, 16.950960159301758, -82.6902847290039, -87.98632049560547, 41.41891860961914
-13.417845726013184, -23.542158126831055, 5.519952297210693, 63.922340393066406, 62.09931945800781, -24.686416625976562, -86.16678619384766, -88.27340698242188
-11.989995956420898, -28.281057357788086, -8.228483200073242, 39.109622955322266, 69.77759552001953, 41.56290817260742, -42.134613037109375, -73.68663787841797
-10.805587768554688, -29.904617309570312, -23.599903106689453, 11.626891136169434, 56.55756378173828, 62.21334457397461, 30.070995330810547, -31.3339786529541
-9.483474731445312, -30.50582504272461, -39.363983154296875, -17.76629066467285, 24.705900192260742, 54.86241149902344, 128.0897674560547, 52.739837646484375
-8.304539680480957, -27.133432388305664, -45.50320816040039, -36.508262634277344, -10.760967254638672, 39.20021438598633, 105.64960479736328, 106.79415130615234
-6.727791786193848, -24.602876663208008, -47.672828674316406, -59.105255126953125, -56.418701171875, -22.861278533935547, 7.606944561004639, 37.61406707763672
-4.969875335693359, -16.854978561401367, -38.245784759521484, -57.125450134277344, -71.1142578125, -70.05938720703125, -58.56610107421875, -37.55829620361328
-3.535738468170166, -11.57491397857666, -23.22889518737793, -46.651695251464844, -65.11927032470703, -60.938812255859375, -81.70071411132812, -68.7572250366211
-1.8036913871765137, -5.221643924713135, -12.071566581726074, -20.01432228088379, -30.572452545166016, -29.103755950927734, -66.34856414794922, -48.169349670410156
8.35425305323323e-12, 1.3054794073104858, 4.861175537109375, 9.558903694152832, 11.188333511352539, 16.87909698486328, 20.633312225341797, 25.02227783203125
1.7964671850204468, 9.106411933898926, 22.046127319335938, 29.818706512451172, 39.50948715209961, 60.91992950439453, 77.92916870117188, 153.86720275878906
3.494946241378784, 16.22808837890625, 30.382450103759766, 47.67756652832031, 76.50165557861328, 86.67007446289062, 69.0735092163086, 82.51272583007812
5.277968406677246, 21.78392219543457, 45.48749542236328, 47.769439697265625, 63.516475677490234, 55.85311508178711, 23.92254066467285, -31.517770767211914
6.500796318054199, 25.909503936767578, 41.3717041015625, 40.44232940673828, 26.60148048400879, -12.475515365600586, -56.143646240234375, -109.60456085205078
8.41431999206543, 24.720565795898438, 35.39759063720703, 26.650314331054688, -11.066352844238281, -61.12519073486328, -75.60393524169922, -62.156700134277344
9.47195816040039, 27.557357788085938, 28.022192001342773, -1.1661603450775146, -58.80582046508789, -94.74519348144531, -62.382598876953125, 8.744458198547363
10.784158706665039, 25.741403579711914, 16.147598266601562, -30.277606964111328, -84.92427062988281, -53.78278732299805, 12.700136184692383, 114.6095199584961
11.432296752929688, 25.8614444732666, 0.9490442276000977, -44.33594512939453, -69.49156188964844, -0.10949775576591492, 78.25457000732422, 88.76763916015625
12.225208282470703, 21.107450485229492, -13.055127143859863, -57.05678939819336, -33.27875900268555, 60.237205505371094, 108.8960952758789, 3.8499317169189453
13.7913179397583, 14.61308765411377, -30.219587326049805, -46.77858352661133, 11.690564155578613, 61.590904235839844, 20.77322006225586, -126.74848937988281
13.822175025939941, 9.92983341217041, -33.20235061645508, -33.200199127197266, 52.122005462646484, 65.8731689453125, -57.73202133178711, -71.07959747314453
14.35657024383545, 2.1840596199035645, -36.015472412109375, -5.6996846199035645, 53.25448226928711, 9.890898704528809, -78.29891204833984, -19.736894607543945
14.624015808105469, -5.202861309051514, -40.43682098388672, 21.268028259277344, 72.16651153564453, -39.85993957519531, -69.42292022705078, 77.7922592163086
14.223691940307617, -10.551225662231445, -29.527572631835938, 40.995384216308594, 22.647497177124023, -84.66040802001953, 5.123728275299072, 102.84939575195312
13.083687782287598, -18.49048614501953, -23.566057205200195, 54.30609130859375, -12.266592979431152, -91.82047271728516, 93.40070343017578, 28.347652435302734
13.315611839294434, -23.16803550720215, -7.063282012939453, 55.328086853027344, -54.38996505737305, -16.863235473632812, 74.96735382080078, -66.74739074707031
11.828523635864258, -24.35506820678711, 8.518908500671387, 33.57050704956055, -74.322998046875, 41.31218338012695, 28.873451232910156, -127.34080505371094
10.653489112854004, -26.862648010253906, 27.342227935791016, 14.934229850769043, -65.51324462890625, 85.67184448242188, -50.7793083190918, -38.655086517333984
9.667580604553223, -25.968093872070312, 39.837738037109375, -15.608631134033203, -32.16448974609375, 57.64033508300781, -118.74341583251953, 46.22691345214844
8.392911911010742, -25.51630973815918, 44.056785583496094, -45.99761962890625, 13.341987609863281, 33.32155227661133, -100.45636749267578, 150.4644775390625
6.963386058807373, -21.18560218811035, 37.02901840209961, -54.90879821777344, 57.02117919921875, -38.086368560791016, -7.776939392089844, 60.645809173583984
5.454462051391602, -17.525569915771484, 41.12312316894531, -63.78984069824219, 85.72891235351562, -72.69107818603516, 80.21746063232422, -32.3621826171875
3.4403107166290283, -13.342375755310059, 28.260086059570312, -43.827110290527344, 72.58135986328125, -86.0573959350586, 82.9719467163086, -153.7234344482422
1.8011497259140015, -5.1174516677856445, 10.33994197845459, -22.093673706054688, 23.89310646057129, -51.083980560302734, 36.65632629394531, -61.56449508666992
-8.55672650790229e-12, 1.3046785593032837, -4.518702507019043, 7.401822090148926, -16.056394577026367, 19.29827308654785, -37.68698501586914, 27.088438034057617
-1.8111777305603027, 8.060616493225098, -21.534711837768555, 27.76910972595215, -43.58018493652344, 92.06436920166016, -89.88494110107422, 106.52748107910156
-3.636821746826172, 16.031274795532227, -30.876482009887695, 50.58620834350586, -71.9366683959961, 102.68457794189453, -93.35086059570312, 51.70920181274414
-5.185023307800293, 21.867284774780273, -44.70467758178711, 46.6448860168457, -50.61356735229492, 40.024227142333984, -18.756145477294922, -22.998397827148438
-6.480339527130127, 25.33091926574707, -41.133453369140625, 53.20320510864258, -29.685138702392578, -13.579452514648438, 51.67265319824219, -148.51974487304688
-8.44538688659668, 24.847423553466797, -41.15660095214844, 27.980300903320312, 14.76650333404541, -72.9046401977539, 98.86572265625, -73.61221313476562
-9.850198745727539, 28.44646644592285, -31.41019058227539, -1.1245121955871582, 47.25559997558594, -82.92247009277344, 58.34685516357422, 9.279610633850098
-10.705602645874023, 28.954940795898438, -18.829498291015625, -32.39338302612305, 70.06719207763672, -60.0523567199707, -14.060379028320312, 111.8781509399414
-11.381027221679688, 23.3536319732666, -1.1862125396728516, -42.49760437011719, 74.441650390625, -0.10271528363227844, -68.75334167480469, 98.59852600097656
-12.319364547729492, 21.022539138793945, 14.084657669067383, -59.65471649169922, 36.347206115722656, 42.57402420043945, -106.5791015625, 2.508284091949463
-13.084720611572266, 15.019685745239258, 30.393766403198242, -54.91411590576172, -13.329998970031738, 107.39655303955078, -39.988346099853516, -107.10240936279297
-13.642601013183594, 9.987150192260742, 42.354434967041016, -37.925743103027344, -62.25307846069336, 80.87438201904297, 60.02910614013672, -118.97454833984375
-14.7158842086792, 2.285867929458618, 43.00748062133789, -5.214533805847168, -62.300254821777344, 12.277142524719238, 120.78375244140625, -12.362774848937988
-14.516261100769043, -5.360973358154297, 38.20831298828125, 20.67637825012207, -72.14421844482422, -36.76067352294922, 90.40910339355469, 101.45299530029297
-13.732717514038086, -12.773454666137695, 29.32012367248535, 43.610191345214844, -34.336448669433594, -79.51732635498047, -4.832317352294922, 141.89610290527344
-12.928709030151367, -17.031740188598633, 18.181529998779297, 60.750308990478516, 14.253445625305176, -51.841339111328125, -78.47997283935547, 19.49248695373535
-12.190311431884766, -21.051448822021484, 7.27612829208374, 43.706966400146484, 47.757198333740234, -23.07337760925293, -102.45307159423828, -62.788482666015625
-11.711106300354004, -25.971837997436523, -8.619874000549316, 40.18710708618164, 65.484130859375, 50.25542449951172, -39.9888801574707, -69.15266418457031
-11.10051441192627, -25.254915237426758, -20.72193717956543, 12.679937362670898, 46.656593322753906, 84.88176727294922, 53.90443420410156, -36.818050384521484
-9.669472694396973, -26.601282119750977, -39.411075592041016, -14.230409622192383, 33.93208312988281, 92.36006927490234, 63.65362548828125, 52.84535598754883
-8.261927604675293, -27.03085708618164, -37.700347900390625, -37.411930084228516, -14.767775535583496, 34.90557861328125, 103.33837127685547, 99.45084381103516
-6.730525493621826, -22.90819549560547, -45.48583221435547, -47.99155044555664, -61.624977111816406, -40.23288345336914, 9.298656463623047, 49.22730255126953
-5.062862396240234, -19.165634155273438, -32.92945861816406, -61.77534866333008, -81.16230773925781, -76.38581085205078, -92.44001007080078, -53.412010192871094
-3.687232732772827, -11.295395851135254, -26.88405418395996, -39.92446517944336, -72.5330581665039, -68.66755676269531, -105.72794342041016, -79.4215087890625
-1.724336862564087, -6.124233245849609, -10.154630661010742, -18.538347244262695, -33.92340850830078, -39.802730560302734, -60.04470443725586, -45.76484298706055
8.605584994603177e-12, 1.5290110111236572, 4.707005023956299, 7.7876200675964355, 12.425654411315918, 26.968515396118164, 29.280611038208008, 44.97469711303711
1.8321561813354492, 8.521263122558594, 18.266956329345703, 32.12175750732422, 48.28786087036133, 90.87320709228516, 90.03580474853516, 143.1009063720703
3.6829047203063965, 13.667045593261719, 35.41932678222656, 43.65586853027344, 65.3866195678711, 59.276580810546875, 64.54103088378906, 99.83584594726562
5.117793560028076, 19.9172420501709, 40.345130920410156, 49.08039474487305, 72.17943572998047, 36.03050231933594, 20.34149169921875, -25.673503875732422
6.927060604095459, 26.218366622924805, 39.238914489746094, 44.76026153564453, 28.799484252929688, -10.42544937133789, -50.053070068359375, -133.3907470703125
7.98750114440918, 24.694622039794922, 41.151878356933594, 22.640905380249023, -15.539868354797363, -68.1600112915039, -97.91839599609375, -119.35420989990234
9.820250511169434, 30.68768310546875, 32.71566390991211, -1.2508994340896606, -60.64687728881836, -95.31220245361328, -53.19554138183594, 9.219318389892578
10.543540000915527, 27.53095817565918, 14.413968086242676, -28.697673797607422, -63.396934509277344, -75.09380340576172, 14.838539123535156, 110.42456817626953
11.975646018981934, 27.199697494506836, 0.9869754910469055, -41.94765090942383, -68.51329040527344, -0.12980306148529053, 114.70974731445312, 66.9608154296875
13.405900955200195, 19.065481185913086, -15.125239372253418, -52.295814514160156, -25.233888626098633, 46.98194122314453, 90.14276885986328, 3.412984848022461
12.966506958007812, 14.770005226135254, -29.781314849853516, -56.69831848144531, 17.11741828918457, 72.02465057373047, 26.306711196899414, -92.83309936523438
14.134003639221191, 9.409064292907715, -39.27751922607422, -36.26176452636719, 57.348411560058594, 74.08158111572266, -52.87642288208008, -64.9559555053711
14.776118278503418, 2.297090530395508, -44.19380569458008, -6.1351399421691895, 53.426239013671875, 9.211623191833496, -103.66929626464844, -15.229069709777832
13.724481582641602, -4.853476524353027, -46.29910659790039, 17.721166610717773, 70.82276153564453, -39.698394775390625, -73.35022735595703, 103.22437286376953
14.331490516662598, -10.85677719116211, -33.035430908203125, 48.09931182861328, 30.406513214111328, -82.13796997070312, 4.997579097747803, 92.01709747314453
13.871781349182129, -16.41020393371582, -22.120622634887695, 57.36812973022461, -11.874222755432129, -72.69869995117188, 89.32368469238281, 38.1441650390625
12.406536102294922, -20.999755859375, -6.163271427154541, 44.72853469848633, -64.17737579345703, -26.32046127319336, 103.85124206542969, -77.8558349609375
11.926471710205078, -27.935407638549805, 8.984810829162598, 35.132694244384766, -55.87674331665039, 39.04887008666992, 45.99461364746094, -81.33468627929688
11.367782592773438, -29.271743774414062, 27.410612106323242, 10.527795791625977, -74.4610824584961, 83.11769104003906, -36.31523895263672, -45.962093353271484
9.9735107421875, -28.970027923583984, 35.6357307434082, -16.097177505493164, -26.697778701782227, 55.51912307739258, -71.1373291015625, 61.992469787597656
8.38166332244873, -27.570011138916016, 42.49880599975586, -40.97637939453125, 14.950197219848633, 38.993385314941406, -97.33690643310547, 87.88884735107422
6.5300211906433105, -20.819385528564453, 35.726261138916016, -63.9965705871582, 62.90123748779297, -26.09157371520996, -9.537765502929688, 53.708309173583984
4.946152687072754, -20.119510650634766, 40.84319305419922, -52.25957489013672, 79.16645812988281, -53.85736083984375, 70.25788879394531, -56.080657958984375
3.3586199283599854, -11.442660331726074, 25.35805892944336, -50.19889450073242, 74.21176147460938, -103.9258804321289, 117.2522964477539, -148.4721221923828
1.7478158473968506, -6.0976996421813965, 13.312625885009766, -18.57200813293457, 29.295320510864258, -32.08913040161133, 66.29621887207031, -95.71220397949219
-8.420849954837717e-12, 1.3066028356552124, -4.2807135581970215, 8.197855949401855, -13.268722534179688, 15.771679878234863, -20.515764236450195, 24.971542358398438
-1.8079053163528442, 9.189488410949707, -18.40426254272461, 40.07091522216797, -49.33771514892578, 54.066646575927734, -60.73263168334961, 81.79765319824219
-3.6488547325134277, 14.58607006072998, -34.67761993408203, 44.090721130371094, -66.72799682617188, 72.88862609863281, -75.903564453125, 48.30929946899414
-5.332919597625732, 20.339277267456055, -37.21750259399414, 46.293922424316406, -46.92271423339844, 59.28203582763672, -26.286808013916016, -15.234856605529785
-7.085728168487549, 24.848434448242188, -46.94221115112305, 41.85499954223633, -27.421375274658203, -11.693687438964844, 67.87561798095703, -141.2703857421875
-8.569217681884766, 27.3101806640625, -37.96479034423828, 27.080219268798828, 16.5135555267334, -76.37379455566406, 132.02415466308594, -121.078369140625
-9.32744312286377, 29.329147338867188, -30.665254592895508, -1.1965140104293823, 52.77094268798828, -76.46772003173828, 76.99090576171875, 14.772896766662598
-11.254984855651855, 27.693567276000977, -15.356868743896484, -31.328643798828125, 55.119346618652344, -63.6519889831543, -11.869560241699219, 105.94121551513672
-12.076438903808594, 23.482450485229492, -0.9990724921226501, -40.33867263793945, 60.581321716308594, -0.11277133226394653, -65.08705139160156, 62.66899108886719
-12.808490753173828, 19.127059936523438, 15.134522438049316, -53.910797119140625, 30.09718894958496, 74.9002914428711, -107.18232727050781, 2.8093810081481934
-13.762356758117676, 15.646390914916992, 25.546302795410156, -48.60436248779297, -13.271401405334473, 105.64192962646484, -33.11604690551758, -125.17866516113281
-13.842521667480469, 8.199928283691406, 42.520626068115234, -38.05814743041992, -50.03145980834961, 54.51231384277344, 41.7036247253418, -108.43527221679688
-13.721087455749512, 1.964191198348999, 39.638275146484375, -4.919490814208984, -63.166412353515625, 8.445901870727539, 114.90159606933594, -11.376862525939941
-14.036796569824219, -5.094203948974609, 46.18691635131836, 17.87071990966797, -72.89461517333984, -64.17191314697266, 75.87146759033203, 88.0723876953125
-14.013419151306152, -11.786478042602539, 35.57167053222656, 52.967254638671875, -29.37480354309082, -91.7259292602539, -3.680356979370117, 97.4947738647461
-14.041520118713379, -16.87204933166504, 24.470870971679688, 52.13994598388672, 12.269441604614258, -58.3408317565918, -100.36909484863281, 30.37403678894043
-13.11400318145752, -22.24397087097168, 6.041916370391846, 48.010868072509766, 63.446929931640625, -19.01387596130371, -84.57100677490234, -79.02247619628906
-12.393773078918457, -25.692554473876953, -8.95154857635498, 31.910364151000977, 53.29679489135742, 52.467376708984375, -42.23014831542969, -69.66282653808594
-10.857500076293945, -29.980859756469727, -21.178945541381836, 11.979707717895508, 76.67936706542969, 62.38880157470703, 50.63527297973633, -38.87246322631836
-9.570622444152832, -30.15253448486328, -36.90747833251953, -14.701469421386719, 22.698680877685547, 72.70711517333984, 97.07476043701172, 79.71237182617188
-8.68340015411377, -24.828330993652344, -44.93034362792969, -40.11308288574219, -13.77915096282959, 28.242090225219727, 98.85542297363281, 136.6820526123047
-7.003516674041748, -25.06031036376953, -47.31340408325195, -52.80216598510742, -61.247215270996094, -35.10432434082031, 9.099771499633789, 78.88640594482422
-4.952688694000244, -16.594562530517578, -31.75647735595703, -51.263404846191406, -62.85813903808594, -73.91813659667969, -49.57046890258789, -64.59684753417969
-3.6675524711608887, -12.523193359375, -28.8198299407959, -38.29570770263672, -58.91619110107422, -78.8538818359375, -89.98761749267578, -147.0887908935547
-1.747212529182434, -5.2614006996154785, -10.731422424316406, -20.763113021850586, -31.141029357910156, -52.31015396118164, -70.34095001220703, -74.44891357421875
8.556371756951453e-12, 1.4924118518829346, 4.1431355476379395, 9.678236961364746, 15.250079154968262, 15.869500160217285, 35.58498764038086, 43.72180938720703
1.7289854288101196, 8.931991577148438, 20.264070510864258, 39.57645797729492, 44.607200622558594, 76.54215240478516, 83.61189270019531, 124.29207611083984
3.391573667526245, 15.021924018859863, 30.8298397064209, 50.60942077636719, 77.8460693359375, 93.86980438232422, 107.0684814453125, 101.850341796875
5.157414436340332, 18.51630973815918, 34.075687408447266, 63.39345169067383, 61.35032272338867, 36.308387756347656, 22.799850463867188, -31.445077896118164
6.630960464477539, 23.692121505737305, 42.580326080322266, 47.771968841552734, 34.8819465637207, -8.846014976501465, -71.05720520019531, -133.0134735107422
8.070557594299316, 28.839557647705078, 42.03369140625, 27.631118774414062, -11.664848327636719, -75.00968170166016, -84.15418243408203, -109.16938781738281
9.742197036743164, 28.157974243164062, 27.42218017578125, -1.2926241159439087, -41.272430419921875, -87.140380859375, -66.86477661132812, 15.329063415527344
11.34555435180664, 27.9296932220459, 18.601688385009766, -32.46989059448242, -70.8687744140625, -71.49927520751953, 18.70258331298828, 127.52159118652344
11.477420806884766, 25.457096099853516, 1.0854777097702026, -50.4477653503418, -51.78849792480469, -0.08332847058773041, 108.66139221191406, 101.8417739868164
12.247703552246094, 22.554763793945312, -13.425094604492188, -54.788665771484375, -29.79668426513672, 74.91834259033203, 101.03829193115234, 2.8777642250061035
13.306205749511719, 15.493078231811523, -24.811851501464844, -50.244728088378906, 17.341602325439453, 62.35837936401367, 38.78309631347656, -108.18802642822266
14.260478019714355, 8.584086418151855, -43.22875213623047, -28.29842185974121, 58.48569107055664, 58.00850296020508, -55.109718322753906, -103.28258514404297
14.091277122497559, 1.943040370941162, -48.269351959228516, -6.81383752822876, 68.43321228027344, 10.566548347473145, -70.81597900390625, -15.90713882446289
13.64375114440918, -5.250049591064453, -37.01947021484375, 23.24478530883789, 66.87763214111328, -59.21393585205078, -92.85265350341797, 105.39276885986328
14.14706802368164, -12.417119979858398, -28.437641143798828, 38.28249740600586, 32.12678146362305, -76.3349380493164, 3.749068260192871, 107.01776123046875
13.70973014831543, -18.68462562561035, -21.069076538085938, 49.60050582885742, -11.579124450683594, -56.3685417175293, 71.92400360107422, 30.932403564453125
12.88373851776123, -24.628135681152344, -6.335493564605713, 49.93657684326172, -60.33968734741211, -19.015478134155273, 116.45428466796875, -104.52769470214844
12.201741218566895, -24.407743453979492, 9.740206718444824, 44.3329963684082, -70.04532623291016, 46.815223693847656, 57.00839614868164, -69.51496124267578
10.374970436096191, -28.719146728515625, 23.053007125854492, 14.209589004516602, -58.24736022949219, 88.93855285644531, -52.453067779541016, -32.91009521484375
9.801802635192871, -30.68851089477539, 37.49473190307617, -15.869455337524414, -28.320955276489258, 76.22781372070312, -99.54600524902344, 67.54183959960938
8.565828323364258, -26.514110565185547, 36.13865280151367, -45.5389289855957, 14.048354148864746, 25.4495849609375, -69.3006362915039, 68.12089538574219
7.111908912658691, -21.201616287231445, 42.66222381591797, -53.819942474365234, 42.861534118652344, -30.930145263671875, -7.132558345794678, 46.94402313232422
5.027599334716797, -18.618635177612305, 34.00687026977539, -48.598819732666016, 86.03857421875, -65.46138000488281, 77.67906188964844, -50.86996841430664
3.59810209274292, -12.58389949798584, 26.392364501953125, -35.37367248535156, 75.54779052734375, -73.32081604003906, 125.85758209228516, -82.75543975830078
1.744708776473999, -5.77508544921875, 11.65985107421875, -15.912935256958008, 22.466445922851562, -35.1917839050293, 67.08171844482422, -78.7406997680664
-8.647259124028306e-12, 1.397364854812622, -4.84056282043457, 8.896159172058105, -15.354623794555664, 22.904939651489258, -34.735755920410156, 27.81248664855957
-1.7791109085083008, 8.628124237060547, -21.879365921020508, 37.739952087402344, -41.31995391845703, 91.87959289550781, -79.70341491699219, 111.4350357055664
-3.354196786880493, 14.376581192016602, -32.418128967285156, 49.148460388183594, -53.40635681152344, 63.163909912109375, -101.1179428100586, 83.20591735839844
-5.283395290374756, 19.74578857421875, -36.72683334350586, 53.34450149536133, -71.6808090209961, 47.10866165161133, -14.861103057861328, -33.885292053222656
-6.537724018096924, 25.094825744628906, -42.17357635498047, 55.842674255371094, -22.22608184814453, -11.875630378723145, 46.47148513793945, -103.51397705078125
-8.697060585021973, 26.21300506591797, -33.41451644897461, 30.76991844177246, 17.171924591064453, -73.31251525878906, 83.15571594238281, -85.55699157714844
-9.656310081481934, 30.349512100219727, -31.729785919189453, -1.4055113792419434, 54.49191665649414, -88.5042953491211, 59.062110900878906, 8.691710472106934
-10.876916885375977, 28.76434898376465, -17.371095657348633, -27.154069900512695, 65.98387145996094, -68.51612091064453, -22.159879684448242, 107.689697265625
-11.716403007507324, 22.604000091552734, -1.1932497024536133, -57.53022003173828, 69.02273559570312, -0.11014898866415024, -80.57300567626953, 121.11235809326172
-12.327628135681152, 19.04511070251465, 14.730084419250488, -47.100955963134766, 32.491546630859375, 66.7877426147461, -77.50094604492188, 2.27646803855896
-13.36429214477539, 16.378332138061523, 30.71552848815918, -56.14609146118164, -16.306787490844727, 107.58694458007812, -32.36174011230469, -94.99082946777344
-13.265742301940918, 9.041617393493652, 39.041160583496094, -26.00643539428711, -63.541587829589844, 59.159324645996094, 50.30278778076172, -119.43810272216797
-14.530706405639648, 2.3449110984802246, 38.84328842163086, -6.380245685577393, -63.4322509765625, 12.856247901916504, 66.75191497802734, -21.53912353515625
-13.954540252685547, -5.307110786437988, 44.92243576049805, 18.254003524780273, -62.510284423828125, -43.97842788696289, 88.4430923461914, 110.78194427490234
-14.335376739501953, -11.618083000183105, 30.367019653320312, 41.732398986816406, -24.774394989013672, -103.8604507446289, -5.638247966766357, 109.54548645019531
-13.632210731506348, -19.486759185791016, 22.145179748535156, 46.635887145996094, 14.466021537780762, -89.59830474853516, -76.02025604248047, 21.67743492126465
-13.134033203125, -23.023208618164062, 6.615703582763672, 55.960914611816406, 54.83390426635742, -24.637451171875, -122.52820587158203, -96.72050476074219
-11.854450225830078, -27.36981964111328, -10.444147109985352, 33.284297943115234, 83.98394775390625, 39.75456237792969, -31.104808807373047, -150.35806274414062
-10.684236526489258, -27.25453758239746, -27.654077529907227, 13.077479362487793, 51.98866653442383, 97.8661117553711, 49.990726470947266, -49.51171875
-9.311904907226562, -28.865100860595703, -35.22660446166992, -18.388444900512695, 24.8751220703125, 61.943485260009766, 68.39488983154297, 67.1005859375
-8.61398696899414, -27.761699676513672, -38.89668273925781, -43.45818328857422, -17.101696014404297, 39.01249313354492, 55.572349548339844, 107.09600067138672
-6.527896404266357, -21.66083526611328, -41.85901641845703, -43.62395477294922, -46.86725616455078, -26.58414077758789, 9.433048248291016, 69.07396697998047
-5.008333683013916, -18.825580596923828, -40.00837707519531, -59.335208892822266, -64.33575439453125, -83.0020980834961, -81.87141418457031, -59.72038650512695
-3.592226266860962, -13.339508056640625, -24.948339462280273, -39.31192398071289, -64.97276306152344, -81.78639221191406, -131.82376098632812, -102.47978210449219
-1.8487493991851807, -5.669235706329346, -11.957745552062988, -17.504182815551758, -22.465862274169922, -48.17463302612305, -49.95476531982422, -77.86651611328125
8.104304553835373e-12, 1.4832472801208496, 3.957700252532959, 10.09078598022461, 15.408069610595703, 24.822114944458008, 20.947660446166992, 37.03679656982422
1.7233052253723145, 8.56901741027832, 19.049518585205078, 31.210975646972656, 47.11318588256836, 61.76396942138672, 92.67009735107422, 102.74845886230469
3.621135950088501, 13.368857383728027, 28.39811897277832, 49.10018539428711, 60.744571685791016, 64.76403045654297, 95.08177185058594, 70.86810302734375
5.199794769287109, 19.089757919311523, 34.4513053894043, 52.42496871948242, 66.72750854492188, 61.13479232788086, 24.672698974609375, -21.47662353515625
6.631801128387451, 26.15469741821289, 41.584800720214844, 48.09623336791992, 29.088163375854492, -13.115464210510254, -75.36038208007812, -140.6631622314453
7.904153347015381, 29.292861938476562, 33.28248596191406, 26.659648895263672, -16.119535446166992, -52.25981521606445, -84.96331024169922, -87.8250732421875
10.153386116027832, 30.048959732055664, 32.42184066772461, -1.6012495756149292, -48.04909896850586, -71.60975646972656, -79.10586547851562, 12.6177396774292
11.185916900634766, 26.957731246948242, 16.319467544555664, -25.876874923706055, -59.89607620239258, -66.86356353759766, 16.177980422973633, 73.27108001708984
11.811637878417969, 22.594755172729492, 1.1035112142562866, -47.22843933105469, -64.42515563964844, -0.140558123588562, 86.09510803222656, 132.3251953125
13.258658409118652, 19.47796630859375, -16.59764862060547, -59.39463424682617, -22.806642532348633, 56.07568359375, 92.96258544921875, 2.284619092941284
12.827685356140137, 14.131760597229004, -31.280765533447266, -57.785499572753906, 16.799755096435547, 66.50785827636719, 29.119287490844727, -130.29750061035156
13.801079750061035, 8.374407768249512, -40.80815124511719, -34.459808349609375, 61.506072998046875, 49.45653533935547, -55.30451583862305, -80.41807556152344
14.796310424804688, 2.260223627090454, -41.405860900878906, -6.11053991317749, 63.645450592041016, 10.242751121520996, -88.01499938964844, -19.44196128845215
14.01276683807373, -4.568221092224121, -34.801536560058594, 17.983715057373047, 72.29244232177734, -63.203575134277344, -98.69517517089844, 93.73015594482422
14.100342750549316, -11.655412673950195, -28.45096778869629, 42.363189697265625, 25.063512802124023, -70.89114379882812, 5.081410884857178, 142.79617309570312
12.96277141571045, -16.816343307495117, -19.110136032104492, 60.17265701293945, -14.367487907409668, -68.5233383178711, 95.26464080810547, 31.257648468017578
12.858452796936035, -20.431337356567383, -6.219491004943848, 54.09574508666992, -54.414398193359375, -25.225269317626953, 108.7491455078125, -54.93343734741211
12.363696098327637, -24.51642417907715, 10.790474891662598, 44.50310134887695, -71.59622955322266, 43.32541275024414, 28.52748680114746, -145.50086975097656
10.664639472961426, -28.55238151550293, 24.910009384155273, 13.540619850158691, -76.92340087890625, 98.4312744140625, -30.80170249938965, -55.1301383972168
9.917009353637695, -28.97392463684082, 30.85947608947754, -14.847249031066895, -25.038776397705078, 89.70049285888672, -106.50608825683594, 69.38261413574219
8.251473426818848, -26.89713478088379, 40.227821350097656, -44.07012939453125, 17.275314331054688, 33.498661041259766, -92.94242858886719, 87.2389907836914
6.5468597412109375, -23.06888771057129, 35.77338790893555, -49.75960922241211, 47.49424362182617, -39.44782638549805, -8.410787582397461, 36.58184814453125
4.9849348068237305, -18.17624282836914, 37.701805114746094, -48.40343475341797, 76.83697509765625, -73.6925277709961, 57.090728759765625, -53.77764129638672
3.6141111850738525, -11.84233283996582, 25.137807846069336, -38.611732482910156, 60.04928207397461, -59.830989837646484, 96.0293197631836, -76.10955810546875
1.8241448402404785, -5.786643028259277, 12.457881927490234, -18.251644134521484, 34.3098258972168, -36.98126983642578, 68.61012268066406, -72.48192596435547
-8.674475200642906e-12, 1.4822971820831299, -4.17769193649292, 6.776393413543701, -14.2656831741333, 23.383996963500977, -21.751466751098633, 40.5015869140625
-3.5308709144592285, 14.160565376281738, -33.12067794799805, 56.57504653930664, -80.75569915771484, 79.45121002197266, -73.31380462646484, 64.29478454589844
-5.360273361206055, 22.156787872314453, -35.22124099731445, 57.15471267700195, -75.99395751953125, 60.26665115356445, -25.567668914794922, -21.02798080444336
-6.788776397705078, 26.780656814575195, -46.69567108154297, 53.017337799072266, -26.652881622314453, -11.527288436889648, 64.58267974853516, -95.86560821533203
-8.291707038879395, 26.887144088745117, -44.594032287597656, 27.809553146362305, 12.5001220703125, -62.13524627685547, 115.082763671875, -89.29203033447266
-9.789769172668457, 30.655982971191406, -29.105609893798828, -1.1892650127410889, 49.96095657348633, -73.31341552734375, 80.3287582397461, 11.508293151855469
-10.630287170410156, 26.52804183959961, -18.671293258666992, -30.98541259765625, 69.28155517578125, -71.41346740722656, -12.08546257019043, 129.34580993652344
-11.520647048950195, 25.465246200561523, -1.1187318563461304, -56.689918518066406, 65.71490478515625, -0.11257641017436981, -91.61933898925781, 103.62893676757812
-13.310066223144531, 19.77556610107422, 14.811965942382812, -50.47883987426758, 35.948238372802734, 59.226131439208984, -108.84947967529297, 2.13224196434021
-13.23766040802002, 15.863055229187012, 27.057802200317383, -52.82191848754883, -16.463319778442383, 89.03546905517578, -37.09366226196289, -75.43854522705078
-14.274811744689941, 8.559958457946777, 35.072933197021484, -30.870927810668945, -55.77507400512695, 46.828521728515625, 67.52619934082031, -73.00826263427734
-14.249980926513672, 2.2481133937835693, 47.27061080932617, -5.248082160949707, -58.37799072265625, 8.695613861083984, 63.7609977722168, -17.115684509277344
-13.68087387084961, -5.103520393371582, 39.00802230834961, 21.609525680541992, -58.05941390991211, -64.4421615600586, 89.39781188964844, 99.24930572509766
-13.624502182006836, -11.071624755859375, 35.40153503417969, 43.596092224121094, -26.156291961669922, -86.72666931152344, -5.113187789916992, 100.63074493408203
-12.95367431640625, -19.26743507385254, 20.202030181884766, 56.46739959716797, 15.21030044555664, -57.5365104675293, -55.50333786010742, 27.90492057800293
-13.090245246887207, -22.110992431640625, 7.306980609893799, 44.09108352661133, 42.887088775634766, -17.941801071166992, -82.91461944580078, -66.7965087890625
-11.990560531616211, -27.49467658996582, -8.437878608703613, 43.08186721801758, 74.40569305419922, 49.78888702392578, -45.667232513427734, -110.44357299804688
-11.03231430053711, -28.55364990234375, -22.795753479003906, 13.281062126159668, 48.57244110107422, 77.15213012695312, 36.51759338378906, -35.142887115478516
-9.828741073608398, -30.037858963012695, -35.682647705078125, -14.372203826904297, 35.074729919433594, 58.07332992553711, 72.98133087158203, 76.50435638427734
-8.431429862976074, -26.40892791748047, -40.79030227661133, -34.69496154785156, -11.70632266998291, 32.874603271484375, 100.12742614746094, 128.59848022460938
-6.728026866912842, -23.05254554748535, -44.70576477050781, -61.52641677856445, -44.29245376586914, -34.53017807006836, 6.510451793670654, 55.42821502685547
-5.188835620880127, -18.607521057128906, -33.581336975097656, -62.6115608215332, -83.46342468261719, -99.06273651123047, -59.81211853027344, -41.80439376831055
-3.654397964477539, -13.004395484924316, -27.253292083740234, -45.921566009521484, -47.38676834106445, -87.96419525146484, -112.80570983886719, -77.56317138671875
-1.695706844329834, -6.103158473968506, -11.857274055480957, -18.013368606567383, -22.656587600708008, -48.83612823486328, -40.31244659423828, -83.1166000366211
8.04391449282793e-12, 1.4370425939559937, 4.594634532928467, 9.725357055664062, 11.844463348388672, 23.814594268798828, 21.04001235961914, 28.968421936035156
1.7665752172470093, 8.001468658447266, 22.296594619750977, 38.50923538208008, 49.28622817993164, 92.41071319580078, 75.34930419921875, 100.9026107788086
3.517259120941162, 16.2562313079834, 34.86080551147461, 48.58988571166992, 57.54945373535156, 70.18029022216797, 105.14295959472656, 48.60598373413086
5.329078674316406, 18.67054557800293, 37.00446319580078, 45.68686294555664, 49.310218811035156, 45.938568115234375, 19.873794555664062, -19.668476104736328
6.539970397949219, 22.727134704589844, 46.13527297973633, 38.46051025390625, 33.93700408935547, -9.624127388000488, -67.47245788574219, -111.75057220458984
8.38283634185791, 28.824750900268555, 34.7194709777832, 24.149354934692383, -14.054889678955078, -69.49118041992188, -100.37779235839844, -107.42621612548828
9.743728637695312, 29.88007354736328, 27.661977767944336, -1.3945592641830444, -63.52022171020508, -86.29737091064453, -68.11308288574219, 13.800873756408691
10.86290454864502, 24.963314056396484, 18.94475555419922, -30.932952880859375, -72.27970123291016, -65.43482208251953, 11.564719200134277, 100.69216918945312
11.451151847839355, 25.845504760742188, 0.9879801869392395, -54.78712463378906, -54.79431915283203, -0.09711844474077225, 83.7518310546875, 105.13304138183594
12.2469482421875, 20.874893188476562, -14.553224563598633, -57.4310417175293, -33.601165771484375, 43.813594818115234, 67.34354400634766, 3.649644374847412
13.26641845703125, 13.914594650268555, -31.147905349731445, -46.928443908691406, 10.894647598266602, 102.42524719238281, 39.742950439453125, -103.69268035888672
14.503500938415527, 9.184218406677246, -38.583648681640625, -35.74223709106445, 63.42906951904297, 57.29915237426758, -48.999244689941406, -140.24510192871094
13.95573616027832, 2.270282745361328, -36.60431671142578, -6.565142631530762, 67.47570037841797, 12.095561027526855, -86.51530456542969, -19.07715606689453
14.711079597473145, -4.826181888580322, -43.66476058959961, 17.940902709960938, 71.43557739257812, -55.37834167480469, -51.75689697265625, 112.07157897949219
14.432872772216797, -12.513641357421875, -29.035730361938477, 49.116329193115234, 34.43642807006836, -67.86621856689453, 4.5613203048706055, 88.3387451171875
13.86541748046875, -17.48021125793457, -18.803829193115234, 57.74392318725586, -16.83136749267578, -79.26640319824219, 67.36441802978516, 25.984527587890625
12.437862396240234, -21.223310470581055, -6.446579456329346, 56.8875732421875, -50.99208068847656, -19.733320236206055, 76.9107437133789, -73.10786437988281
11.763777732849121, -28.777620315551758, 10.011554718017578, 36.55000686645508, -84.93304443359375, 44.38267517089844, 33.54227828979492, -102.92807006835938
10.902048110961914, -28.688209533691406, 22.01358413696289, 14.35491943359375, -61.683475494384766, 97.47273254394531, -26.780485153198242, -46.73143768310547
9.407303810119629, -28.152713775634766, 31.240339279174805, -15.855910301208496, -29.898277282714844, 90.26593780517578, -66.23892211914062, 70.23641204833984
8.412946701049805, -24.37046241760254, 39.03841018676758, -36.91959762573242, 15.194413185119629, 38.854736328125, -66.8719253540039, 144.59764099121094
6.974475860595703, -22.200599670410156, 44.36238098144531, -52.4123420715332, 46.66428756713867, -31.162282943725586, -5.845516681671143, 51.44306564331055
5.399594306945801, -16.49441146850586, 36.881866455078125, -65.09905242919922, 62.62635040283203, -85.16205596923828, 81.57868194580078, -51.962955474853516
3.5120341777801514, -11.657267570495605, 25.356287002563477, -34.678340911865234, 52.67005157470703, -97.76026916503906, 119.34599304199219, -135.211669921875
1.797838568687439, -5.666198253631592, 11.351995468139648, -20.034101486206055, 24.416828155517578, -41.18659591674805, 58.86212921142578, -90.72740936279297
-8.150258246075737e-12, 1.302797794342041, -4.136306285858154, 9.600264549255371, -13.348356246948242, 21.290231704711914, -19.360809326171875, 37.21034240722656
-1.816051959991455, 7.556230068206787, -19.51612663269043, 36.512168884277344, -62.85160446166992, 81.04814147949219, -99.1411361694336, 110.10231018066406
-3.3416950702667236, 14.765703201293945, -32.48133087158203, 44.47957229614258, -85.51282501220703, 80.1384506225586, -88.05612182617188, 105.92591857910156
-5.011642932891846, 22.2730655670166, -36.553524017333984, 65.41936492919922, -69.8691635131836, 62.89377975463867, -17.816720962524414, -26.75661849975586
-6.666816234588623, 25.15911865234375, -39.38827896118164, 54.647438049316406, -27.0937557220459, -7.7059712409973145, 43.82510757446289, -96.21145629882812
-8.39942741394043, 28.690248489379883, -37.974395751953125, 24.322708129882812, 12.48973274230957, -60.91996765136719, 130.2581329345703, -59.1413688659668
-9.731765747070312, 30.737533569335938, -33.80265808105469, -1.5483165979385376, 58.142982482910156, -84.3648910522461, 56.783660888671875, 15.511955261230469
-10.570669174194336, 26.881528854370117, -18.858474731445312, -31.3039493560791, 72.08043670654297, -53.571746826171875, -21.475400924682617, 106.04607391357422
-12.263941764831543, 23.966997146606445, -1.1938992738723755, -44.38593673706055, 75.98011779785156, -0.12385881692171097, -62.572357177734375, 108.21455383300781
-12.195131301879883, 19.983915328979492, 15.261281967163086, -57.32176208496094, 35.57883834838867, 41.7779655456543, -116.33629608154297, 3.040494680404663
-13.262795448303223, 16.318241119384766, 25.82994270324707, -46.485633850097656, -12.068467140197754, 81.18123626708984, -41.246036529541016, -101.39434814453125
-13.246333122253418, 8.782809257507324, 32.24563980102539, -36.158836364746094, -57.26527404785156, 75.1839370727539, 61.11570739746094, -86.87600708007812
-14.575936317443848, 2.2408688068389893, 44.17479705810547, -4.787079811096191, -64.848876953125, 13.621018409729004, 109.420166015625, -20.655458450317383
-13.618575096130371, -5.393840789794922, 46.46969223022461, 17.814077377319336, -69.25122833251953, -49.34184265136719, 52.157867431640625, 58.49755859375
-13.535404205322266, -11.085135459899902, 33.353641510009766, 46.16050338745117, -27.125072479248047, -91.31743621826172, -4.499340534210205, 66.30469512939453
-14.036190032958984, -18.466339111328125, 19.72123146057129, 47.20729446411133, 15.82181453704834, -73.65350341796875, -63.29499053955078, 24.764251708984375
-12.521246910095215, -24.372360229492188, 5.957607746124268, 48.2780876159668, 60.924842834472656, -23.433019638061523, -117.62152862548828, -83.45462799072266
-11.810492515563965, -25.307992935180664, -8.53502368927002, 34.152217864990234, 59.31896209716797, 29.447607040405273, -57.90546798706055, -134.34518432617188
-10.85740852355957, -28.81093978881836, -22.64883804321289, 10.912225723266602, 64.79546356201172, 60.80614471435547, 34.04142379760742, -40.506778717041016
-10.091360092163086, -29.627498626708984, -31.150436401367188, -12.391371726989746, 29.886127471923828, 55.57234191894531, 108.16199493408203, 66.60545349121094
-8.029585838317871, -26.31340980529785, -36.695518493652344, -44.02947235107422, -12.27084732055664, 36.794795989990234, 91.5970230102539, 126.50700378417969
-6.605739593505859, -24.13254737854004, -45.49528503417969, -55.13675308227539, -43.51097869873047, -39.510398864746094, 8.72668743133545, 58.77571105957031
-5.4536919593811035, -17.622425079345703, -31.361133575439453, -46.181663513183594, -66.47582244873047, -92.54644775390625, -46.896331787109375, -31.179851531982422
-3.4586241245269775, -12.882447242736816, -29.34766960144043, -50.06005096435547, -49.952537536621094, -62.871063232421875, -79.5853500366211, -126.62788391113281
-1.8449395895004272, -5.815896034240723, -10.566555976867676, -21.68487548828125, -28.824020385742188, -45.6573486328125, -61.27980422973633, -63.197731018066406
8.66846264907517e-12, 1.374137282371521, 4.271489143371582, 9.709237098693848, 13.775938987731934, 18.429994583129883, 31.281965255737305, 43.4966926574707
1.8033695220947266, 8.047940254211426, 17.18451499938965, 29.791915893554688, 45.40651321411133, 50.23707580566406, 88.81131744384766, 101.11637115478516
3.64350962638855, 15.522538185119629, 32.15056610107422, 55.05476379394531, 60.38484573364258, 93.88509368896484, 68.4937973022461, 69.48928833007812
5.173994064331055, 19.055402755737305, 39.08939743041992, 63.02458953857422, 67.40980529785156, 52.67006301879883, 22.37939453125, -17.150339126586914
6.878698825836182, 24.347026824951172, 42.48091125488281, 52.243865966796875, 32.95635986328125, -12.046610832214355, -83.42700958251953, -137.47640991210938
8.360774993896484, 29.384765625, 38.955047607421875, 30.244224548339844, -16.977664947509766, -65.90083312988281, -132.44821166992188, -72.01446533203125
9.333765983581543, 26.93400001525879, 26.91958999633789, -1.286539912223816, -62.66804122924805, -77.28828430175781, -54.413063049316406, 10.382467269897461
10.716748237609863, 27.79611587524414, 16.550554275512695, -24.17893409729004, -53.9051628112793, -42.496543884277344, 12.729523658752441, 75.159912109375
12.170180320739746, 22.88994026184082, 1.1833410263061523, -55.920799255371094, -74.31505584716797, -0.08117067068815231, 110.40452575683594, 126.4847640991211
12.977374076843262, 21.945554733276367, -15.716927528381348, -66.85326385498047, -23.168933868408203, 52.340087890625, 121.96306610107422, 3.823930025100708
13.386919021606445, 14.538333892822266, -27.652198791503906, -58.549461364746094, 13.124770164489746, 86.27009582519531, 39.653656005859375, -75.91798400878906
13.295475959777832, 9.18860912322998, -35.41495895385742, -36.16127395629883, 49.48039627075195, 68.1466064453125, -52.12725067138672, -112.47659301757812
14.232003211975098, 2.3363049030303955, -41.37275314331055, -6.008127689361572, 64.50469207763672, 9.070886611938477, -76.38935852050781, -17.722877502441406
13.46638298034668, -4.7353644371032715, -40.218048095703125, 22.767959594726562, 70.97384643554688, -42.11928939819336, -70.82697296142578, 51.243125915527344
13.572630882263184, -10.778608322143555, -38.31328582763672, 51.25704574584961, 26.480653762817383, -88.7619857788086, 3.5888142585754395, 90.4169921875
12.948995590209961, -19.364320755004883, -20.042953491210938, 53.96438217163086, -14.562211990356445, -61.40388870239258, 105.99309539794922, 22.390117645263672
13.24089241027832, -21.049375534057617, -5.694403171539307, 52.5335693359375, -48.8214225769043, -18.14189338684082, 65.52823638916016, -86.5872573852539
12.263814926147461, -27.336030960083008, 9.335771560668945, 31.609134674072266, -54.07070541381836, 47.52894973754883, 57.766998291015625, -88.47054290771484
10.858047485351562, -25.426494598388672, 26.128768920898438, 10.638873100280762, -71.33110046386719, 71.70698547363281, -41.629539489746094, -52.01705551147461
10.132428169250488, -29.978370666503906, 38.747737884521484, -13.694616317749023, -30.860654830932617, 83.86030578613281, -109.44015502929688, 41.87914276123047
8.059776306152344, -27.644268035888672, 44.396873474121094, -36.15431213378906, 17.237524032592773, 22.757503509521484, -55.7876091003418, 83.57027435302734
6.6873459815979, -21.988990783691406, 39.950523376464844, -45.3736686706543, 57.999053955078125, -35.008914947509766, -7.506957530975342, 40.32093811035156
5.004496097564697, -19.969799041748047, 33.28988265991211, -64.80393981933594, 87.6209945678711, -75.70052337646484, 92.6099853515625, -35.766021728515625
3.4272310733795166, -12.676704406738281, 24.59278678894043, -49.02204895019531, 57.67121124267578, -82.26949310302734, 68.51461791992188, -137.74183654785156
1.6998735666275024, -5.618270397186279, 11.307044982910156, -19.333885192871094, 31.023591995239258, -42.480194091796875, 65.90558624267578, -63.13763427734375
-8.855135374963297e-12, 1.3523863554000854, -4.492911338806152, 8.916983604431152, -16.589977264404297, 18.698402404785156, -26.767879486083984, 40.619693756103516
-1.833219289779663, 9.095553398132324, -20.252592086791992, 28.056438446044922, -43.7839469909668, 51.86985778808594, -61.10651397705078, 150.91903686523438
-3.636523962020874, 14.209599494934082, -29.640771865844727, 42.51125717163086, -81.30892944335938, 97.17929077148438, -72.23250579833984, 92.10261535644531
-5.027645111083984, 21.3869571685791, -35.79096221923828, 51.974300384521484, -51.75491714477539, 39.08123779296875, -16.917940139770508, -23.921422958374023
-6.484032154083252, 26.398706436157227, -46.53346252441406, 50.56606674194336, -32.14536666870117, -12.317132949829102, 51.96989059448242, -140.73025512695312
-7.9922027587890625, 25.71059226989746, -41.917091369628906, 31.018362045288086, 10.622639656066895, -77.174072265625, 124.14794158935547, -88.51696014404297
-10.039032936096191, 28.84709930419922, -27.216642379760742, -1.5792790651321411, 57.165061950683594, -59.458709716796875, 85.561279296875, 9.576532363891602
-10.95222282409668, 28.12714385986328, -14.511263847351074, -33.67546844482422, 78.63322448730469, -59.60343551635742, -21.497116088867188, 65.19489288330078
-12.232232093811035, 24.008852005004883, -1.1368391513824463, -51.51502990722656, 72.22601318359375, -0.08589263260364532, -71.37553405761719, 98.45040130615234
-12.955078125, 19.856441497802734, 13.900227546691895, -51.59281539916992, 27.646467208862305, 70.93798065185547, -89.05734252929688, 2.8200769424438477
-13.731888771057129, 15.999347686767578, 26.812793731689453, -53.75590133666992, -15.556056022644043, 83.64529418945312, -23.53437042236328, -100.4193344116211
-13.935415267944336, 8.788226127624512, 40.99056625366211, -28.21000099182129, -48.88410949707031, 63.77958297729492, 45.8575439453125, -86.10342407226562
-14.657469749450684, 2.1659390926361084, 39.30683135986328, -6.05336332321167, -83.21270751953125, 13.19994831085205, 98.25556945800781, -18.698871612548828
-14.01147747039795, -4.458959579467773, 42.20450210571289, 18.86454200744629, -64.31261444091797, -61.92631912231445, 89.29121398925781, 107.18939971923828
-13.95527458190918, -11.605151176452637, 32.80225372314453, 48.82359313964844, -24.98797607421875, -107.25139617919922, -4.812464237213135, 99.26507568359375
-13.595219612121582, -16.37888526916504, 20.65731430053711, 66.72509765625, 13.407629013061523, -71.12735748291016, -86.237548828125, 20.95134162902832
-12.387178421020508, -21.86993980407715, 5.9377360343933105, 43.12071228027344, 58.67302703857422, -25.364194869995117, -113.79084777832031, -68.31562042236328
-11.827289581298828, -25.6391544342041, -9.22781753540039, 34.78190612792969, 71.13569641113281, 50.89864730834961, -40.912872314453125, -108.70024871826172
-10.37094497680664, -25.599288940429688, -26.146997451782227, 13.639178276062012, 63.62979507446289, 61.77934265136719, 43.89200210571289, -55.00281524658203
-9.902603149414062, -26.885616302490234, -37.601863861083984, -14.182674407958984, 31.6705322265625, 75.63709259033203, 100.33496856689453, 74.09814453125
-8.150508880615234, -27.864437103271484, -39.220726013183594, -37.3223876953125, -14.0709867477417, 31.15932273864746, 52.97237014770508, 144.44754028320312
-7.04154634475708, -23.903892517089844, -38.42021560668945, -54.46604919433594, -47.69670867919922, -39.6307258605957, 7.801931381225586, 38.35006332397461
-5.036656856536865, -17.197702407836914, -38.4836311340332, -62.324981689453125, -54.502506256103516, -56.111351013183594, -70.03202056884766, -58.17531967163086
-3.6336677074432373, -11.153984069824219, -27.306922912597656, -44.134437561035156, -74.14461517333984, -104.07807159423828, -81.93738555908203, -101.39827728271484
-1.684802532196045, -5.508893966674805, -10.896683692932129, -17.83499526977539, -23.26306915283203, -51.970909118652344, -43.51337814331055, -42.22429275512695
8.776162088719452e-12, 1.3175731897354126, 4.0579938888549805, 8.456599235534668, 15.36879825592041, 17.296205520629883, 27.35213851928711, 36.53159713745117
1.8038195371627808, 7.774951457977295, 21.020795822143555, 31.676912307739258, 56.103126525878906, 83.51959228515625, 111.37644958496094, 83.1906967163086
3.5738675594329834, 14.413078308105469, 32.99090576171875, 51.70223617553711, 57.80026626586914, 101.22638702392578, 91.78045654296875, 56.42266082763672
5.311651706695557, 18.541460037231445, 45.4881591796875, 67.13228607177734, 65.55966186523438, 48.80192184448242, 20.454309463500977, -31.077028274536133
6.651278495788574, 22.883987426757812, 42.07564163208008, 48.144744873046875, 25.861919403076172, -7.5888872146606445, -82.01844024658203, -65.59439849853516
8.147106170654297, 27.005516052246094, 38.29948806762695, 28.384668350219727, -11.71373176574707, -73.59868621826172, -109.71287536621094, -76.52631378173828
9.334249496459961, 27.217397689819336, 34.2226448059082, -1.640866994857788, -51.46050262451172, -72.35543060302734, -57.31540298461914, 15.569845199584961
10.398311614990234, 29.427688598632812, 17.07773780822754, -29.273561477661133, -75.09840393066406, -49.7751579284668, 13.52304458618164, 116.09104919433594
12.0230073928833, 22.99174690246582, 0.9495540261268616, -51.4872932434082, -71.0160903930664, -0.1183457300066948, 78.23553466796875, 98.62078094482422
12.619133949279785, 20.966129302978516, -14.992777824401855, -56.44907760620117, -34.53630065917969, 75.16210174560547, 63.98651885986328, 2.322568655014038
13.878190040588379, 15.68064022064209, -30.346220016479492, -46.117095947265625, 13.37104606628418, 78.80573272705078, 20.989334106445312, -101.45013427734375
13.253922462463379, 9.936412811279297, -37.94390106201172, -32.30628967285156, 46.25703430175781, 46.808170318603516, -47.666534423828125, -77.91634368896484
14.193587303161621, 2.1656060218811035, -43.391326904296875, -4.834909439086914, 57.359622955322266, 10.327587127685547, -72.52320861816406, -17.07318878173828
14.203804016113281, -4.723907947540283, -37.22146987915039, 23.180265426635742, 66.12910461425781, -57.229881286621094, -89.43135833740234, 111.21509552001953
14.081686019897461, -12.06926441192627, -38.09136962890625, 43.04078674316406, 27.335052490234375, -72.69393157958984, 4.69935417175293, 93.91295623779297
13.796451568603516, -15.985688209533691, -18.9555721282959, 60.07841873168945, -14.666969299316406, -50.615150451660156, 56.086090087890625, 30.887548446655273
12.737014770507812, -23.0448055267334, -6.055972576141357, 52.267860412597656, -59.465431213378906, -21.686368942260742, 111.91007995605469, -96.17000579833984
11.393928527832031, -27.347768783569336, 9.034575462341309, 39.317771911621094, -57.13222885131836, 35.992801666259766, 37.594078063964844, -118.22836303710938
10.732504844665527, -28.233301162719727, 23.53468894958496, 11.71752643585205, -66.41413116455078, 65.9083023071289, -29.51592254638672, -51.76799774169922
9.60456657409668, -25.679134368896484, 36.959144592285156, -13.318174362182617, -28.15321922302246, 69.96737670898438, -86.31941986083984, 71.4664535522461
8.134212493896484, -23.930809020996094, 38.34071731567383, -45.909523010253906, 15.967374801635742, 32.529788970947266, -61.04415512084961, 86.31649017333984
6.929843425750732, -22.477861404418945, 38.14218521118164, -52.63809585571289, 55.85433578491211, -34.15876007080078, -6.267989635467529, 68.76806640625
5.368345737457275, -18.200956344604492, 31.242149353027344, -52.30662536621094, 59.61490249633789, -92.70977020263672, 67.0171127319336, -62.631019592285156
3.5300633907318115, -11.201841354370117, 23.51041030883789, -41.02006912231445, 60.76145935058594, -71.83900451660156, 115.97553253173828, -134.33306884765625
1.7491450309753418, -6.045788288116455, 10.871511459350586, -17.613658905029297, 30.709001541137695, -43.937442779541016, 50.65168762207031, -43.73013687133789
-8.251400430980826e-12, 1.5006017684936523, -4.118998050689697, 9.332633018493652, -17.416973114013672, 26.24350929260254, -22.851926803588867, 25.485424041748047
-1.824953556060791, 7.863131523132324, -19.012863159179688, 28.00554656982422, -62.14340591430664, 66.87316131591797, -77.47579193115234, 84.01490020751953
-3.497560501098633, 15.043397903442383, -31.81169319152832, 61.20596694946289, -65.904296875, 74.6031723022461, -103.4151840209961, 67.00695037841797
-5.379885673522949, 19.524621963500977, -42.48379898071289, 63.50178909301758, -57.164066314697266, 43.51282501220703, -25.47022247314453, -32.96562194824219
-6.9821062088012695, 23.016639709472656, -37.68050003051758, 41.06901168823242, -27.934518814086914, -12.594703674316406, 68.0784912109375, -80.64939880371094
-7.92252254486084, 25.26045036315918, -34.897544860839844, 24.134788513183594, 14.36049747467041, -67.91918182373047, 123.93997192382812, -112.21965789794922
-10.107027053833008, 28.758499145507812, -29.278594970703125, -1.593482494354248, 42.196372985839844, -75.75061798095703, 66.94536590576172, 13.371834754943848
-10.523015975952148, 27.099042892456055, -17.906753540039062, -29.786500930786133, 53.987613677978516, -53.757301330566406, -14.528175354003906, 100.77024841308594
-12.161870956420898, 24.7133731842041, -1.2344213724136353, -41.59500503540039, 62.09914779663086, -0.0789111778140068, -85.29410552978516, 72.52075958251953
-12.699740409851074, 19.65791130065918, 15.344098091125488, -47.858280181884766, 24.927818298339844, 70.20387268066406, -107.44925689697266, 3.333493232727051
-14.03127384185791, 15.857626914978027, 29.033254623413086, -43.61180877685547, -10.593969345092773, 67.34113311767578, -27.593698501586914, -90.22557830810547
-13.94832706451416, 8.657365798950195, 37.193782806396484, -38.42210006713867, -47.349300384521484, 72.32561492919922, 63.98951721191406, -122.8050765991211
-14.477461814880371, 2.3170931339263916, 41.25772476196289, -5.732132911682129, -55.17280960083008, 11.986868858337402, 86.69677734375, -13.010634422302246
-13.585681915283203, -5.0964274406433105, 36.445892333984375, 18.23595428466797, -61.53107833862305, -56.978878021240234, 89.14049530029297, 110.38690185546875
-14.564127922058105, -11.048866271972656, 30.685640335083008, 41.293460845947266, -36.13819122314453, -105.44246673583984, -4.846120357513428, 85.10419464111328
-13.625226974487305, -16.934568405151367, 18.94107437133789, 51.16200637817383, 14.588319778442383, -50.20851516723633, -68.05831146240234, 29.412071228027344
-12.975306510925293, -22.9085693359375, 5.846060752868652, 43.44279861450195, 48.222537994384766, -20.68694496154785, -116.36795043945312, -84.55142974853516
-12.301312446594238, -26.664997100830078, -8.336122512817383, 35.6700439453125, 72.3170166015625, 37.968631744384766, -39.535858154296875, -142.443359375
-10.598869323730469, -25.63300132751465, -26.20243263244629, 15.028098106384277, 61.359832763671875, 102.25582122802734, 54.7205696105957, -59.306461334228516
-10.111220359802246, -30.8156681060791, -32.85077667236328, -13.314022064208984, 26.864545822143555, 74.15258026123047, 109.84346771240234, 65.50386047363281
-8.13819694519043, -26.59467124938965, -41.70637130737305, -36.03417205810547, -16.539533615112305, 25.663673400878906, 72.18900299072266, 102.3531265258789
-6.8407979011535645, -21.215808868408203, -44.92803192138672, -63.51279067993164, -45.36353302001953, -30.143287658691406, 8.657215118408203, 69.95457458496094
-5.304454326629639, -16.568798065185547, -36.94808578491211, -63.93396759033203, -76.93551635742188, -54.50142288208008, -49.385047912597656, -65.2907943725586
-3.451733112335205, -11.15400505065918, -26.150432586669922, -38.15977096557617, -54.7890739440918, -100.96785736083984, -90.089111328125, -94.20734405517578
-1.7219003438949585, -5.421284198760986, -10.027547836303711, -15.841837882995605, -28.946271896362305, -41.08620071411133, -58.81753158569336, -57.43179702758789
8.950651851635794e-12, 1.3276119232177734, 4.559919357299805, 7.533638000488281, 14.476943969726562, 15.228265762329102, 38.31975173950195, 26.19097328186035
1.752334713935852, 8.620061874389648, 21.50101089477539, 37.172508239746094, 51.31251525878906, 73.7599105834961, 69.93565368652344, 138.7069854736328
3.5823168754577637, 14.947111129760742, 28.26304054260254, 59.14093780517578, 73.6080093383789, 100.87831115722656, 78.7822036743164, 65.47090911865234
4.9954938888549805, 21.24245262145996, 35.34130096435547, 67.18708038330078, 59.25802993774414, 50.672943115234375, 25.90790367126465, -23.790332794189453
7.127415657043457, 25.33809471130371, 39.16703414916992, 38.61064910888672, 23.08568572998047, -12.434316635131836, -83.02783203125, -65.34901428222656
8.555441856384277, 29.30600357055664, 35.874298095703125, 27.739904403686523, -15.22769832611084, -51.411739349365234, -64.9233627319336, -78.26631927490234
9.3742036819458, 30.97655487060547, 33.985511779785156, -1.1137852668762207, -56.887107849121094, -63.84906768798828, -66.8827133178711, 12.721476554870605
10.564841270446777, 25.673274993896484, 17.166790008544922, -23.584583282470703, -55.44553756713867, -56.61573028564453, 20.409839630126953, 61.55181121826172
12.489967346191406, 22.601032257080078, 1.1057934761047363, -45.41175079345703, -66.05842590332031, -0.10603281110525131, 101.216064453125, 134.10711669921875
12.353437423706055, 22.198257446289062, -13.295454978942871, -63.76046371459961, -28.873926162719727, 59.811946868896484, 107.33541870117188, 3.3570921421051025
13.263617515563965, 14.188661575317383, -31.840564727783203, -47.30506896972656, 12.517263412475586, 77.66610717773438, 37.52067565917969, -70.90575408935547
13.296067237854004, 8.34393310546875, -41.67462158203125, -30.047494888305664, 57.36331558227539, 75.23113250732422, -65.7876968383789, -143.1783905029297
13.87707233428955, 2.0465736389160156, -47.33622360229492, -5.428340435028076, 81.88050842285156, 10.711654663085938, -79.2110366821289, -17.127429962158203
14.177231788635254, -5.008702754974365, -39.085609436035156, 19.940649032592773, 73.35870361328125, -60.24495315551758, -49.1667366027832, 103.17664337158203
13.473517417907715, -11.988913536071777, -36.9246711730957, 50.36859893798828, 25.171653747558594, -100.14588165283203, 4.1108527183532715, 140.8636932373047
13.347116470336914, -17.976428985595703, -23.70086669921875, 47.78573226928711, -17.5336971282959, -56.916603088378906, 69.15052795410156, 22.606353759765625
12.43607234954834, -24.627809524536133, -6.730785369873047, 50.212406158447266, -51.87251663208008, -16.557592391967773, 95.24341583251953, -62.346961975097656
11.427532196044922, -25.91765785217285, 10.827323913574219, 33.11637496948242, -65.39981842041016, 47.70144271850586, 46.63031768798828, -145.13729858398438
11.220486640930176, -26.228389739990234, 27.5447998046875, 12.567229270935059, -56.936710357666016, 74.95701599121094, -38.49910354614258, -58.11941146850586
9.263790130615234, -26.59542465209961, 34.01666259765625, -13.650111198425293, -35.518062591552734, 58.140953063964844, -100.8968734741211, 47.70530319213867
8.679149627685547, -24.21433448791504, 37.41970443725586, -38.89227294921875, 14.764871597290039, 33.39139938354492, -55.01287078857422, 130.55661010742188
6.741061687469482, -24.952768325805664, 39.043033599853516, -52.681941986083984, 40.27121353149414, -29.615272521972656, -8.586365699768066, 59.02973937988281
5.0660200119018555, -18.855337142944336, 40.4000244140625, -57.0226936340332, 83.99759674072266, -90.59637451171875, 50.17238235473633, -50.02326202392578
3.5623650550842285, -12.58512020111084, 27.192264556884766, -39.952144622802734, 62.948307037353516, -76.80014038085938, 71.10225677490234, -147.16726684570312
1.6945134401321411, -6.145094394683838, 12.170661926269531, -19.32975959777832, 31.848163604736328, -37.982887268066406, 60.15581512451172, -41.54463577270508
-9.084727761732303e-12, 1.2994996309280396, -4.555497646331787, 8.855856895446777, -16.43761444091797, 20.735578536987305, -38.983070373535156, 23.37238883972168
-1.6928069591522217, 8.984753608703613, -21.686351776123047, 37.070247650146484, -46.04415512084961, 55.7109260559082, -78.33267974853516, 80.24986267089844
-3.551656484603882, 13.618368148803711, -35.58370590209961, 51.119136810302734, -71.0499496459961, 71.28274536132812, -99.49224090576172, 59.96278762817383
-5.1878461837768555, 20.122638702392578, -41.10154724121094, 51.49675369262695, -48.079071044921875, 37.1371955871582, -18.7978515625, -27.839923858642578
-7.150138854980469, 25.559814453125, -44.98007583618164, 44.423133850097656, -34.81941223144531, -13.495718955993652, 57.822322845458984, -70.66921997070312
-8.141985893249512, 29.5240478515625, -33.68928909301758, 29.928287506103516, 14.89080810546875, -50.21844482421875, 122.77536010742188, -113.8281021118164
-9.50670337677002, 30.096834182739258, -31.86806869506836, -1.5887271165847778, 63.095787048339844, -75.33668518066406, 80.22351837158203, 9.016998291015625
-10.648504257202148, 28.197927474975586, -14.680941581726074, -33.343997955322266, 62.638763427734375, -54.11627197265625, -22.652841567993164, 89.31393432617188
-12.243471145629883, 26.286113739013672, -1.1580357551574707, -53.89090347290039, 58.388099670410156, -0.08207134902477264, -99.51016998291016, 117.50088500976562
-12.986148834228516, 22.396236419677734, 14.944581031799316, -64.77855682373047, 23.853729248046875, 65.94485473632812, -61.34880828857422, 2.7873647212982178
-12.842364311218262, 15.284636497497559, 26.356605529785156, -52.99614334106445, -14.043644905090332, 105.21820831298828, -35.812198638916016, -124.07099914550781
-14.539548873901367, 9.636946678161621, 33.807579040527344, -27.92340087890625, -46.73229217529297, 52.88542175292969, 40.967323303222656, -114.08373260498047
-14.110001564025879, 2.0680432319641113, 36.62583923339844, -6.514556407928467, -58.50729751586914, 13.342062950134277, 91.9982681274414, -12.360204696655273
-14.467965126037598, -5.041712284088135, 38.27585983276367, 23.659170150756836, -73.80082702636719, -53.90346145629883, 50.29505157470703, 63.279258728027344
-13.802430152893066, -10.89567756652832, 38.10783386230469, 43.91594314575195, -34.6871223449707, -90.16964721679688, -4.858704090118408, 72.49671936035156
-12.926190376281738, -19.203933715820312, 18.514724731445312, 62.2170524597168, 14.06766414642334, -74.07664489746094, -69.03270721435547, 22.879018783569336
-12.336273193359375, -21.438478469848633, 6.601616382598877, 52.32854080200195, 41.64863204956055, -20.560230255126953, -66.79835510253906, -82.07459259033203
-12.289007186889648, -28.35920524597168, -10.76398754119873, 43.04945755004883, 60.803314208984375, 31.29697036743164, -40.70139694213867, -82.4051742553711
-10.861712455749512, -27.739295959472656, -24.20257568359375, 14.53809642791748, 63.03479766845703, 60.084102630615234, 48.309844970703125, -41.53468704223633
-9.798192977905273, -30.049165725708008, -33.19652557373047, -15.303322792053223, 33.31074905395508, 54.03599166870117, 115.81361389160156, 65.30476379394531
-8.726672172546387, -26.089845657348633, -45.313133239746094, -32.93889236450195, -13.780713081359863, 22.70488739013672, 66.23407745361328, 151.35543823242188
-6.843581199645996, -22.3952693939209, -36.18193054199219, -64.68817138671875, -48.70651626586914, -25.059852600097656, 5.436401844024658, 48.61608123779297
-5.027650833129883, -19.80499839782715, -35.3129768371582, -63.83048629760742, -84.6099624633789, -90.44159698486328, -87.5228500366211, -56.74021911621094
-3.5777158737182617, -12.00861644744873, -28.96835708618164, -48.35506057739258, -46.442874908447266, -99.74085998535156, -92.44336700439453, -153.3114013671875
-1.756213903427124, -6.21753454208374, -10.416945457458496, -20.327423095703125, -24.149534225463867, -48.167842864990234, -53.25881576538086, -44.376487731933594
8.839651233216728e-12, 1.4420887231826782, 3.6559815406799316, 6.877771377563477, 12.938177108764648, 19.94207191467285, 21.19816780090332, 38.744266510009766
1.7121154069900513, 8.600716590881348, 16.706153869628906, 35.066673278808594, 60.30196762084961, 61.25711441040039, 103.7269287109375, 149.83583068847656
3.557649612426758, 15.589319229125977, 31.52686309814453, 57.11222457885742, 82.460205078125, 77.81358337402344, 65.43927764892578, 87.15969848632812
5.383523941040039, 19.766319274902344, 36.326568603515625, 56.956787109375, 57.98167419433594, 52.43865966796875, 14.214546203613281, -19.60389518737793
6.586019992828369, 23.122241973876953, 45.75920867919922, 56.20325469970703, 35.63842010498047, -11.358417510986328, -72.95374298095703, -106.53578186035156
8.239396095275879, 28.016355514526367, 35.73998260498047, 22.90910530090332, -15.798754692077637, -63.91046905517578, -122.81182861328125, -92.65894317626953
9.651440620422363, 29.52921485900879, 29.63589859008789, -1.460855484008789, -50.19869613647461, -71.77310180664062, -55.42243194580078, 7.344736576080322
10.381321907043457, 29.345767974853516, 17.39645767211914, -33.47133255004883, -60.29016876220703, -58.548362731933594, 19.999727249145508, 80.62471008300781
11.683159828186035, 25.544811248779297, 1.0355733633041382, -45.638771057128906, -69.10865020751953, -0.10262434184551239, 100.65440368652344, 68.51223754882812
12.652222633361816, 20.845054626464844, -14.93077564239502, -66.29635620117188, -27.508028030395508, 74.67491912841797, 92.10211944580078, 2.055901050567627
14.046257972717285, 14.934537887573242, -28.630403518676758, -53.97106170654297, 15.703636169433594, 93.80393981933594, 36.55475616455078, -83.58638763427734
14.115710258483887, 9.404664993286133, -40.16646194458008, -31.924108505249023, 64.07862091064453, 78.59918975830078, -36.794639587402344, -134.6745147705078
13.455705642700195, 2.273451566696167, -38.86528396606445, -6.646128177642822, 84.75418090820312, 10.624284744262695, -84.20270538330078, -10.342275619506836
14.205465316772461, -4.456768989562988, -38.43179702758789, 20.190847396850586, 53.784339904785156, -48.797149658203125, -70.22332763671875, 72.058349609375
13.203620910644531, -10.630043029785156, -36.16489791870117, 49.720577239990234, 26.871109008789062, -59.621055603027344, 3.3133187294006348, 120.07994842529297
13.238387107849121, -18.02046775817871, -18.277801513671875, 52.22221755981445, -15.331513404846191, -57.94026565551758, 52.99348068237305, 37.02028274536133
