-4.395721980854361e-11, 1.4310144186019897, -4.3797712326049805, 6.774394512176514, -15.433568000793457, 25.001493453979492, -38.021385192871094, 53.77857971191406
-1.7540055513381958, 8.88007640838623, -22.16061019897461, 40.19673538208008, -43.967891693115234, 72.0749282836914, -81.57327270507812, 85.49588775634766
-3.3494765758514404, 15.684281349182129, -35.89453887939453, 55.12379837036133, -76.77496337890625, 84.70643615722656, -115.94205474853516, 61.6567497253418
-4.978468894958496, 21.550823211669922, -37.2353401184082, 47.40556335449219, -60.538856506347656, 61.285194396972656, -24.395694732666016, -31.001806259155273
-6.547976493835449, 26.129850387573242, -40.313011169433594, 42.332130432128906, -25.865236282348633, -8.097546577453613, 42.00177764892578, -146.4970245361328
-8.029664039611816, 29.11683464050293, -37.666587829589844, 28.964448928833008, 17.01076889038086, -71.8758544921875, 115.86341857910156, -94.29847717285156
-9.340251922607422, 28.952022552490234, -32.751617431640625, -1.5242266654968262, 60.0395393371582, -85.87399291992188, 67.34292602539062, 12.433058738708496
-10.622762680053711, 26.130115509033203, -18.10886573791504, -31.848909378051758, 55.56771469116211, -44.04132080078125, -16.617393493652344, 74.67146301269531
-12.328675270080566, 25.68522834777832, -1.0036872625350952, -48.26844024658203, 51.00907516479492, -0.10703840106725693, -77.67349243164062, 86.97631072998047
-12.938462257385254, 22.30143165588379, 15.58436107635498, -51.872154235839844, 28.012985229492188, 45.203941345214844, -101.72574615478516, 2.994889974594116
-13.467525482177734, 15.55340576171875, 28.783897399902344, -55.57371520996094, -13.948162078857422, 89.02073669433594, -31.44562339782715, -125.8477783203125
-14.28426456451416, 8.408239364624023, 34.997352600097656, -32.63811111450195, -44.8441047668457, 69.8215103149414, 65.98577880859375, -125.68379974365234
-14.298298835754395, 2.0322015285491943, 44.915550231933594, -5.706300735473633, -76.8724594116211, 12.580368995666504, 92.19474029541016, -18.543054580688477
-13.422917366027832, -4.955790042877197, 46.237552642822266, 21.31899642944336, -53.89475631713867, -47.904685974121094, 51.6312141418457, 114.18762969970703
-13.884764671325684, -11.890436172485352, 35.95695877075195, 37.37565994262695, -22.60901641845703, -96.508056640625, -5.062563896179199, 145.81240844726562
-13.553055763244629, -18.010093688964844, 18.815401077270508, 66.10592651367188, 15.701885223388672, -60.07030487060547, -90.061767578125, 19.611587524414062
-12.686957359313965, -24.189353942871094, 6.456231117248535, 54.73318099975586, 62.86286163330078, -20.64982795715332, -110.90929412841797, -58.88768005371094
-11.600584030151367, -27.18681526184082, -9.241840362548828, 33.048458099365234, 53.80023956298828, 30.3916072845459, -30.5343017578125, -127.75991821289062
-10.462454795837402, -26.942188262939453, -26.45745086669922, 10.33825397491455, 75.00157165527344, 69.97160339355469, 31.269502639770508, -32.80414581298828
-9.44485855102539, -26.35350799560547, -39.79638671875, -18.445114135742188, 24.936145782470703, 65.34848022460938, 114.18733978271484, 83.55856323242188
-8.172492027282715, -25.74659538269043, -41.807037353515625, -34.32936477661133, -16.616308212280273, 35.6944694519043, 87.15860748291016, 88.99848175048828
-6.52183723449707, -20.931238174438477, -39.996646881103516, -54.58167266845703, -54.97325134277344, -38.313446044921875, 5.597804546356201, 68.05913543701172
-5.1546454429626465, -19.421972274780273, -32.677452087402344, -56.96031188964844, -69.2016372680664, -90.16105651855469, -55.73271560668945, -58.387535095214844
-3.596919536590576, -13.438756942749023, -23.85098648071289, -35.076881408691406, -54.626075744628906, -104.26676177978516, -88.89546203613281, -143.29794311523438
-1.686462640762329, -6.025644779205322, -13.24294376373291, -19.724910736083984, -36.08059310913086, -46.538490295410156, -67.2238540649414, -48.438201904296875
4.177188803189402e-11, 1.3356542587280273, 4.674331188201904, 6.952268600463867, 12.834051132202148, 15.36627197265625, 19.971736907958984, 46.746097564697266
1.7004061937332153, 8.995501518249512, 20.398591995239258, 31.11203384399414, 64.53541564941406, 54.505859375, 61.010826110839844, 70.6473617553711
3.665735960006714, 15.38387680053711, 34.11349868774414, 41.46687698364258, 87.76553344726562, 91.90811157226562, 88.72234344482422, 74.47836303710938
5.059113502502441, 18.873233795166016, 43.866878509521484, 56.272132873535156, 76.36070251464844, 40.60853958129883, 21.183149337768555, -33.50814437866211
6.874837875366211, 22.69183349609375, 43.82720184326172, 48.9717903137207, 30.19476318359375, -8.857054710388184, -69.9998550415039, -148.98768615722656
7.988654613494873, 26.770706176757812, 35.47628402709961, 25.97305679321289, -14.716124534606934, -66.8707046508789, -66.49907684326172, -61.011844635009766
10.105453491210938, 30.895736694335938, 33.084720611572266, -1.460868000984192, -52.9967155456543, -80.24174499511719, -76.29219818115234, 13.276759147644043
10.992452621459961, 28.387943267822266, 16.507156372070312, -32.33232498168945, -70.7096176147461, -43.91518020629883, 13.553050994873047, 121.42472076416016
12.247088432312012, 23.281953811645508, 1.0042140483856201, -55.02640151977539, -51.57958984375, -0.1444229930639267, 97.6700668334961, 112.27518463134766
13.017271995544434, 18.894437789916992, -16.69409942626953, -46.21061325073242, -35.39892578125, 67.45741271972656, 74.23087310791016, 2.4412248134613037
13.162629127502441, 15.460945129394531, -28.927597045898438, -49.06017303466797, 12.918506622314453, 78.47108459472656, 31.857267379760742, -129.47463989257812
14.113760948181152, 9.74261474609375, -34.60519027709961, -31.120235443115234, 48.720516204833984, 74.95704650878906, -54.91196823120117, -96.06217193603516
14.297983169555664, 1.9301447868347168, -44.43528366088867, -6.053630828857422, 67.9779052734375, 10.763360023498535, -92.6431884765625, -14.528144836425781
14.719608306884766, -4.656213760375977, -40.24261474609375, 26.21844482421875, 59.492225646972656, -53.377403259277344, -96.77669525146484, 118.95501708984375
13.832293510437012, -12.11209487915039, -37.31178283691406, 52.68914794921875, 31.727930068969727, -86.46809387207031, 4.784395694732666, 143.9473114013672
12.779450416564941, -16.973087310791016, -21.961191177368164, 63.79261016845703, -14.295894622802734, -76.79678344726562, 99.50495147705078, 34.201087951660156
13.297365188598633, -24.50615119934082, -6.211116790771484, 48.77820587158203, -50.94270324707031, -26.069433212280273, 121.26325988769531, -74.74942779541016
11.60223388671875, -23.788015365600586, 8.683465003967285, 40.03266143798828, -68.46482849121094, 40.93464660644531, 55.4122200012207, -100.65425872802734
11.305852890014648, -27.350542068481445, 22.959388732910156, 12.047245025634766, -72.63011932373047, 64.53094482421875, -46.525306701660156, -43.4146842956543
10.029144287109375, -28.000864028930664, 40.111637115478516, -14.155125617980957, -29.427133560180664, 94.78041076660156, -89.879638671875, 76.53809356689453
8.711553573608398, -28.163116455078125, 39.75991439819336, -41.1798210144043, 14.089393615722656, 39.09799575805664, -82.3521957397461, 127.54570770263672
6.801619052886963, -22.58524513244629, 45.042789459228516, -56.083438873291016, 61.397762298583984, -27.424484252929688, -5.57274055480957, 58.255638122558594
5.278355598449707, -17.74134063720703, 36.868839263916016, -59.51642990112305, 63.356258392333984, -71.19566345214844, 50.7708854675293, -55.732017517089844
3.5756311416625977, -12.452068328857422, 28.584941864013672, -34.783660888671875, 51.950828552246094, -85.17687225341797, 129.47564697265625, -106.86585235595703
1.8313161134719849, -6.053276062011719, 11.497477531433105, -22.936243057250977, 22.160411834716797, -32.832000732421875, 61.813690185546875, -68.1319351196289
-4.121803245937805e-11, 1.3030290603637695, -4.869120121002197, 9.98176097869873, -12.023333549499512, 25.667823791503906, -33.23005676269531, 25.436311721801758
-1.7020624876022339, 8.857514381408691, -17.914310455322266, 31.197669982910156, -59.034366607666016, 64.8828353881836, -84.74418640136719, 118.48983764648438
-3.556828498840332, 14.277911186218262, -28.117008209228516, 49.409481048583984, -80.13572692871094, 80.5216293334961, -88.03572845458984, 72.00242614746094
-5.203061580657959, 19.681365966796875, -35.1972541809082, 53.533267974853516, -56.63591003417969, 41.22063446044922, -17.332839965820312, -31.16291618347168
-6.923466682434082, 22.153959274291992, -38.85069274902344, 55.3114128112793, -33.32041549682617, -9.1655855178833, 44.601924896240234, -67.18343353271484
-8.417579650878906, 27.391672134399414, -39.554466247558594, 28.006546020507812, 15.601082801818848, -46.209922790527344, 107.2155532836914, -74.0335464477539
-9.956568717956543, 27.738967895507812, -28.555419921875, -1.224176049232483, 39.105194091796875, -88.1766357421875, 75.6861343383789, 7.067454814910889
-11.166275024414062, 29.8718318939209, -18.406028747558594, -29.739212036132812, 69.6148452758789, -51.73796081542969, -11.684659957885742, 128.9888153076172
-12.046382904052734, 23.449024200439453, -1.2370288372039795, -40.54736328125, 58.87889099121094, -0.12380527704954147, -57.34918975830078, 74.53316497802734
-13.017110824584961, 18.957807540893555, 15.685050964355469, -58.1309814453125, 31.59023094177246, 68.81858825683594, -76.69095611572266, 3.057260513305664
-13.677597999572754, 15.847687721252441, 31.069543838500977, -51.851844787597656, -15.464778900146484, 67.50898742675781, -37.37254333496094, -120.1710433959961
-13.36921501159668, 9.841978073120117, 33.517520904541016, -31.902681350708008, -49.629417419433594, 65.15885925292969, 49.713714599609375, -64.41768646240234
-13.804986000061035, 1.9482698440551758, 45.73915481567383, -6.623105525970459, -74.69139099121094, 13.637672424316406, 124.64631652832031, -18.562700271606445
-14.468835830688477, -4.462684154510498, 44.86795425415039, 26.004430770874023, -72.08840942382812, -48.911991119384766, 89.6766357421875, 114.69595336914062
-13.770147323608398, -11.513341903686523, 30.049673080444336, 40.41967010498047, -27.683277130126953, -94.4906005859375, -4.50610876083374, 81.73765563964844
-13.98375129699707, -18.790616989135742, 21.26969337463379, 61.89352035522461, 17.035940170288086, -67.30513763427734, -93.93602752685547, 22.5827693939209
-12.248732566833496, -21.942703247070312, 5.965743541717529, 59.24113082885742, 64.56533813476562, -20.920244216918945, -128.89718627929688, -91.98526763916016
-11.58945369720459, -25.659770965576172, -10.031360626220703, 40.489288330078125, 83.28881072998047, 44.50136947631836, -41.701805114746094, -123.79545593261719
-11.069944381713867, -25.81479263305664, -20.7435359954834, 14.3257417678833, 70.61361694335938, 80.52812194824219, 39.60371780395508, -54.50700759887695
-10.033661842346191, -28.24103546142578, -40.241676330566406, -18.049802780151367, 34.828155517578125, 68.33329772949219, 64.71714782714844, 72.29600524902344
-8.556617736816406, -26.830738067626953, -39.59378433227539, -43.21779251098633, -15.876399040222168, 24.99558448791504, 107.31629943847656, 93.87301635742188
-6.6426520347595215, -23.606792449951172, -44.735145568847656, -56.167240142822266, -43.147117614746094, -23.877822875976562, 7.15311336517334, 54.35524368286133
-5.27039909362793, -19.79168128967285, -40.510475158691406, -64.99795532226562, -54.63926696777344, -59.52622604370117, -93.2569580078125, -41.66008758544922
-3.4333107471466064, -13.296905517578125, -29.32627296447754, -45.27241897583008, -72.44742584228516, -66.6624526977539, -64.86016845703125, -119.6032943725586
-1.7811647653579712, -6.136904239654541, -10.775444984436035, -17.73641586303711, -23.967214584350586, -38.13050079345703, -63.6998405456543, -57.72984313964844
4.1468606326589e-11, 1.5447125434875488, 4.695494651794434, 7.892820358276367, 15.985937118530273, 15.366358757019043, 25.4538516998291, 30.75533676147461
1.6958669424057007, 9.081153869628906, 20.328420639038086, 40.956817626953125, 57.288814544677734, 58.12563705444336, 60.72288513183594, 114.22535705566406
3.3952836990356445, 15.659618377685547, 35.64471435546875, 48.84793472290039, 87.29399871826172, 97.7541732788086, 85.00277709960938, 93.0666275024414
5.408592224121094, 20.46939468383789, 35.0515022277832, 48.276004791259766, 76.93229675292969, 63.192543029785156, 14.128222465515137, -19.843496322631836
6.660289287567139, 25.54299545288086, 48.356449127197266, 38.80876922607422, 34.08518981933594, -11.104376792907715, -55.40658187866211, -124.15357208251953
8.374411582946777, 26.042890548706055, 34.35152816772461, 21.646467208862305, -17.398130416870117, -48.547725677490234, -84.94960021972656, -92.1390380859375
9.520873069763184, 26.084386825561523, 27.743711471557617, -1.6088217496871948, -49.50597381591797, -78.26313018798828, -49.076629638671875, 15.256011962890625
10.3670654296875, 25.1823787689209, 15.589540481567383, -27.080944061279297, -82.60469818115234, -71.53223419189453, 20.97147560119629, 118.90080261230469
11.793725967407227, 23.509971618652344, 0.9831341505050659, -57.80354309082031, -66.65130615234375, -0.09758298844099045, 107.74761962890625, 103.1173324584961
12.216714859008789, 21.942495346069336, -12.815080642700195, -64.68011474609375, -27.100994110107422, 41.70804214477539, 60.765892028808594, 2.0845558643341064
12.826728820800781, 14.272940635681152, -29.87088966369629, -57.68696212768555, 14.968616485595703, 65.12481689453125, 38.403114318847656, -124.8017349243164
14.21355152130127, 8.724879264831543, -41.4662971496582, -37.27415084838867, 63.71001434326172, 64.22257232666016, -55.41978073120117, -118.77413940429688
13.648750305175781, 2.2486884593963623, -48.401100158691406, -5.2480902671813965, 62.6879997253418, 9.743045806884766, -84.6523666381836, -18.781293869018555
13.446273803710938, -4.6469316482543945, -43.05739212036133, 21.313337326049805, 64.8323745727539, -50.61132049560547, -65.92350769042969, 81.98544311523438
13.339963912963867, -11.828307151794434, -36.478515625, 50.62688446044922, 27.39481544494629, -104.30872344970703, 5.436229705810547, 145.12474060058594
13.138519287109375, -17.723209381103516, -23.553607940673828, 46.88135528564453, -14.405930519104004, -86.54096221923828, 63.731632232666016, 22.763704299926758
12.91503620147705, -24.288497924804688, -6.290420055389404, 43.59164047241211, -58.8774299621582, -25.0439453125, 74.0859375, -93.46469116210938
11.964364051818848, -25.293537139892578, 8.353585243225098, 39.57173156738281, -64.12173461914062, 50.99155044555664, 35.153465270996094, -143.30799865722656
10.992112159729004, -30.17732810974121, 24.99085235595703, 13.010839462280273, -62.66556167602539, 98.33615112304688, -37.749149322509766, -34.28718566894531
9.608209609985352, -28.216552734375, 35.62279510498047, -14.968605041503906, -29.146718978881836, 92.14463806152344, -82.07894134521484, 88.2983169555664
8.450607299804688, -24.768251419067383, 40.65309143066406, -38.007041931152344, 12.532135009765625, 21.97694206237793, -83.31634521484375, 153.77418518066406
6.914407253265381, -24.51129150390625, 45.61930847167969, -60.4607048034668, 47.08434295654297, -23.902584075927734, -9.688309669494629, 46.470184326171875
5.19044828414917, -18.323272705078125, 33.259071350097656, -60.94600296020508, 54.17179870605469, -65.91209411621094, 56.89469528198242, -57.45220184326172
3.366635799407959, -11.58903694152832, 23.239120483398438, -44.705421447753906, 67.20196533203125, -61.66075897216797, 124.00787353515625, -106.00189208984375
1.8316383361816406, -5.55579948425293, 13.280179977416992, -20.034587860107422, 26.58418083190918, -40.30326843261719, 39.201873779296875, -60.3741340637207
-4.184295965270479e-11, 1.2906972169876099, -4.146923065185547, 7.569404125213623, -11.225663185119629, 14.966890335083008, -33.312957763671875, 39.37326431274414
-1.8171570301055908, 8.130302429199219, -20.128774642944336, 32.91115188598633, -42.428466796875, 86.72449493408203, -83.1632308959961, 120.1718978881836
-3.673002004623413, 13.715617179870605, -31.87888526916504, 52.25442123413086, -65.97355651855469, 106.02821350097656, -96.24654388427734, 65.6119613647461
-5.239354133605957, 18.798782348632812, -42.80546188354492, 49.22877502441406, -47.892425537109375, 54.380409240722656, -15.924875259399414, -16.32013702392578
-6.751794815063477, 26.148727416992188, -36.132301330566406, 52.67243576049805, -27.035457611083984, -8.63397216796875, 82.98817443847656, -101.17325592041016
-8.299560546875, 24.946969985961914, -37.115787506103516, 21.698427200317383, 14.068154335021973, -73.64916229248047, 93.65902709960938, -102.79784393310547
-9.202435493469238, 30.144691467285156, -30.291763305664062, -1.4636284112930298, 48.970252990722656, -66.29155731201172, 69.88567352294922, 13.78607177734375
-11.439008712768555, 29.233713150024414, -14.310489654541016, -25.59490394592285, 71.15534210205078, -71.0047836303711, -11.510077476501465, 125.0782241821289
-12.20676326751709, 26.662452697753906, -1.0900758504867554, -45.98726272583008, 69.47366333007812, -0.11540447920560837, -112.78764343261719, 99.41578674316406
-12.685346603393555, 19.42981719970703, 13.07789421081543, -58.015281677246094, 32.926326751708984, 66.54443359375, -92.66934204101562, 3.5396547317504883
-14.080201148986816, 15.26931095123291, 28.764881134033203, -60.32058334350586, -12.766221046447754, 87.16725158691406, -27.15681266784668, -127.7793197631836
-13.575174331665039, 8.475908279418945, 40.179256439208984, -36.6165885925293, -62.51401138305664, 53.12165451049805, 42.2630729675293, -128.64051818847656
-14.379657745361328, 2.314509153366089, 48.1013298034668, -6.163836479187012, -59.38016128540039, 13.585526466369629, 94.29130554199219, -15.708760261535645
-14.599067687988281, -5.241514205932617, 35.86412811279297, 23.698226928710938, -68.73702239990234, -49.85740280151367, 87.24488830566406, 114.70380401611328
-13.262648582458496, -11.050165176391602, 38.05897903442383, 44.42455291748047, -25.964075088500977, -75.249267578125, -6.475802898406982, 91.60697174072266
-12.942469596862793, -17.190893173217773, 21.940570831298828, 45.725406646728516, 15.470589637756348, -90.97753143310547, -106.32991790771484, 25.675704956054688
-12.751517295837402, -24.218400955200195, 6.206031799316406, 53.82661437988281, 65.0981216430664, -20.98987579345703, -82.4814453125, -63.61200714111328
-12.071317672729492, -27.821474075317383, -9.658636093139648, 34.606048583984375, 76.34850311279297, 39.885501861572266, -52.043617248535156, -136.43319702148438
-10.931557655334473, -26.299898147583008, -24.6906681060791, 14.29104232788086, 53.215904235839844, 83.6424560546875, 42.12567901611328, -38.46104431152344
-9.367701530456543, -25.871091842651367, -37.495174407958984, -15.68710708618164, 29.640504837036133, 57.30316162109375, 112.70380401611328, 53.3211555480957
-8.608956336975098, -24.277732849121094, -36.17528533935547, -34.07620620727539, -13.198020935058594, 22.772966384887695, 103.36091613769531, 144.9947967529297
-7.073116779327393, -24.35810089111328, -40.034725189208984, -56.421993255615234, -62.12538146972656, -38.167991638183594, 5.208922386169434, 76.317626953125
-5.460268020629883, -16.765892028808594, -31.068668365478516, -54.550662994384766, -87.70189666748047, -54.53303527832031, -87.49600219726562, -61.60409927368164
-3.479482889175415, -12.29375171661377, -28.540891647338867, -47.26762008666992, -58.042049407958984, -65.97872924804688, -110.8769302368164, -100.6136474609375
-1.7792773246765137, -5.449551582336426, -13.080951690673828, -23.201549530029297, -26.8079891204834, -35.446205139160156, -66.6817855834961, -51.73444366455078
4.419751023498897e-11, 1.2769639492034912, 4.353404521942139, 8.996776580810547, 11.77151870727539, 23.653446197509766, 22.981063842773438, 23.824827194213867
1.7223113775253296, 7.950193405151367, 18.138813018798828, 36.251380920410156, 50.63523864746094, 82.1317138671875, 108.8160400390625, 138.3388671875
3.62155818939209, 15.68355655670166, 28.091962814331055, 45.190738677978516, 61.0386962890625, 88.25524139404297, 59.135643005371094, 66.01477813720703
5.41315221786499, 19.746891021728516, 44.692867279052734, 58.00189971923828, 58.95205307006836, 35.16468048095703, 23.407880783081055, -20.090566635131836
6.896320819854736, 26.964326858520508, 46.705223083496094, 38.34866714477539, 32.56706619262695, -9.366104125976562, -78.99781799316406, -93.30479431152344
8.726941108703613, 25.661455154418945, 39.86347198486328, 26.091054916381836, -15.285916328430176, -47.135868072509766, -85.4493408203125, -112.34031677246094
9.392491340637207, 29.451692581176758, 27.30742835998535, -1.1305723190307617, -44.75934600830078, -102.7864761352539, -50.09550094604492, 9.418561935424805
10.462395668029785, 25.37609100341797, 18.378868103027344, -26.045337677001953, -71.61386108398438, -47.231529235839844, 21.28199005126953, 76.92832946777344
11.86209774017334, 23.377582550048828, 1.2315019369125366, -56.01511764526367, -63.93989181518555, -0.11180006712675095, 67.45462036132812, 102.83446502685547
12.540428161621094, 21.640701293945312, -14.391881942749023, -66.83592224121094, -33.984554290771484, 68.22039031982422, 111.9035415649414, 2.074589252471924
13.417537689208984, 15.890263557434082, -30.864757537841797, -53.17988204956055, 11.257434844970703, 83.29315948486328, 26.36556053161621, -102.05194854736328
13.928593635559082, 8.60641098022461, -41.392147064208984, -38.16960144042969, 61.487510681152344, 70.35298919677734, -63.23661804199219, -142.00852966308594
14.298712730407715, 2.0844430923461914, -38.45314407348633, -5.329042434692383, 60.56717300415039, 8.52346134185791, -67.15746307373047, -16.969758987426758
14.023478507995605, -4.6129279136657715, -37.75836181640625, 24.277999877929688, 50.61024475097656, -45.67212677001953, -95.86402130126953, 77.23675537109375
14.57564926147461, -10.62918472290039, -30.331119537353516, 52.97163391113281, 34.8794059753418, -90.05349731445312, 3.728154420852661, 129.31985473632812
13.208359718322754, -16.68739128112793, -21.12357521057129, 55.02421569824219, -13.587818145751953, -85.06739807128906, 79.1935043334961, 30.167463302612305
12.760770797729492, -23.784244537353516, -6.055883407592773, 50.59584426879883, -51.10966110229492, -18.632766723632812, 63.43952941894531, -77.2196273803711
11.958642959594727, -27.26776695251465, 9.528597831726074, 40.96867752075195, -80.26654815673828, 37.08366394042969, 44.67548751831055, -111.29279327392578
11.277941703796387, -30.617027282714844, 26.04174041748047, 13.897601127624512, -74.78531646728516, 90.84528350830078, -32.765846252441406, -55.68073654174805
10.013885498046875, -28.573087692260742, 38.42538070678711, -14.232765197753906, -23.055145263671875, 66.10804748535156, -95.711669921875, 59.262535095214844
8.535962104797363, -24.525686264038086, 42.84095001220703, -45.63827896118164, 16.28654670715332, 23.41428565979004, -59.29484939575195, 124.67483520507812
6.595180511474609, -22.155338287353516, 48.115047454833984, -49.494144439697266, 64.75686645507812, -30.779569625854492, -6.917155742645264, 53.62779998779297
5.2149658203125, -19.852846145629883, 38.36287307739258, -63.46232223510742, 62.655399322509766, -99.2088394165039, 56.53878402709961, -51.61902618408203
3.4092211723327637, -11.504876136779785, 23.088672637939453, -36.159912109375, 48.493980407714844, -68.17803955078125, 92.11287689208984, -96.8678970336914
1.8560086488723755, -5.358401775360107, 12.429801940917969, -19.78837013244629, 33.17782211303711, -30.64858055114746, 52.46706771850586, -87.2957763671875
-4.182381524442391e-11, 1.290572166442871, -4.070206642150879, 9.989612579345703, -13.191559791564941, 20.70720672607422, -19.575984954833984, 32.37555694580078
-1.847891092300415, 7.897895812988281, -21.88279914855957, 28.8654842376709, -48.69808578491211, 87.7131118774414, -68.24295043945312, 148.41387939453125
-3.5572097301483154, 15.133673667907715, -31.842771530151367, 61.55508041381836, -78.59436798095703, 83.4732666015625, -107.1485366821289, 92.1397705078125
-5.317478179931641, 20.593050003051758, -35.9106330871582, 63.50059127807617, -62.60668182373047, 39.43390655517578, -15.441061973571777, -26.184986114501953
-7.0606465339660645, 23.64304542541504, -42.62057113647461, 42.598087310791016, -31.21119499206543, -7.811185359954834, 59.87306594848633, -131.9040985107422
-7.963848114013672, 24.928171157836914, -35.51862716674805, 26.11439323425293, 10.919278144836426, -64.40176391601562, 75.54039764404297, -111.23275756835938
-10.136444091796875, 30.985502243041992, -33.19282531738281, -1.1055306196212769, 49.06667709350586, -80.10696411132812, 57.65835952758789, 10.004491806030273
-10.906111717224121, 28.82196807861328, -15.17949390411377, -24.31831169128418, 79.53916931152344, -71.8550796508789, -21.639331817626953, 108.28136444091797
-11.549728393554688, 27.39569664001465, -0.9918791055679321, -46.8773193359375, 53.71476364135742, -0.13160374760627747, -101.1653823852539, 78.44834899902344
-12.269502639770508, 21.898637771606445, 13.143742561340332, -55.388885498046875, 29.49323272705078, 59.48666000366211, -106.35919952392578, 1.90517258644104
-13.854138374328613, 15.215582847595215, 29.909446716308594, -50.07500457763672, -11.752264022827148, 83.51241302490234, -21.17841339111328, -68.85052490234375
-13.207048416137695, 9.844883918762207, 38.36967849731445, -33.78030776977539, -42.66645050048828, 75.56507110595703, 35.67289352416992, -91.63009643554688
-13.457320213317871, 2.052398204803467, 37.868343353271484, -5.43549108505249, -78.44698333740234, 13.794441223144531, 99.18296813964844, -12.432229042053223
-14.698263168334961, -5.023196697235107, 40.16084289550781, 18.438135147094727, -57.78086471557617, -54.41181182861328, 91.19995880126953, 111.64801025390625
-13.977087020874023, -12.77784538269043, 28.561323165893555, 44.99324417114258, -30.388992309570312, -60.62125015258789, -3.55021333694458, 148.30532836914062
-13.737146377563477, -16.728336334228516, 20.00663948059082, 47.76551818847656, 17.455930709838867, -90.06529235839844, -93.3196792602539, 42.765132904052734
-13.15988826751709, -21.61278533935547, 5.667468547821045, 63.612274169921875, 39.358455657958984, -27.16371726989746, -70.4587173461914, -55.323360443115234
-12.205231666564941, -26.562408447265625, -8.439346313476562, 31.889204025268555, 81.43635559082031, 33.56369400024414, -31.511878967285156, -122.86650085449219
-11.245922088623047, -29.3633975982666, -22.656360626220703, 10.638941764831543, 51.95109176635742, 69.50128936767578, 31.802974700927734, -48.43446350097656
-10.112906455993652, -25.914371490478516, -38.25475311279297, -17.284353256225586, 28.12873077392578, 77.78919982910156, 94.69094848632812, 42.57034683227539
-8.69416332244873, -25.399185180664062, -35.772926330566406, -32.40855026245117, -15.864815711975098, 35.94351577758789, 95.93934631347656, 131.84530639648438
-6.550957202911377, -25.068212509155273, -46.951805114746094, -59.35745620727539, -40.49835205078125, -40.234100341796875, 7.27606725692749, 61.69840621948242
-5.1495819091796875, -19.353179931640625, -31.039749145507812, -54.32940673828125, -73.9983901977539, -91.9000473022461, -85.08641815185547, -37.20333480834961
-3.5420055389404297, -12.657108306884766, -27.51958465576172, -45.57372283935547, -58.29800033569336, -87.2691650390625, -104.51751708984375, -77.63211822509766
-1.8381543159484863, -5.907934665679932, -12.07941722869873, -22.116153717041016, -28.770599365234375, -42.26822280883789, -46.046409606933594, -47.439510345458984
4.185517557542262e-11, 1.3652390241622925, 4.421238899230957, 9.763101577758789, 17.2680721282959, 24.440195083618164, 35.033668518066406, 26.741973876953125
1.80051589012146, 7.674261569976807, 20.667987823486328, 27.810823440551758, 41.7763786315918, 73.8122329711914, 72.34783935546875, 139.44210815429688
3.4790210723876953, 15.658738136291504, 29.014368057250977, 59.655296325683594, 82.44648742675781, 64.4307861328125, 57.531124114990234, 78.10440826416016
5.1804022789001465, 21.230262756347656, 38.752628326416016, 55.65008544921875, 69.554443359375, 59.362300872802734, 16.187679290771484, -23.913013458251953
7.145373821258545, 22.98331069946289, 38.885711669921875, 45.73960494995117, 34.55381393432617, -9.413331031799316, -52.87583923339844, -71.39422607421875
8.608390808105469, 29.682193756103516, 40.37623596191406, 29.587526321411133, -10.936281204223633, -72.61920928955078, -74.4327392578125, -93.05904388427734
9.278153419494629, 26.523530960083008, 28.41143035888672, -1.106407642364502, -53.7487678527832, -99.20099639892578, -46.556312561035156, 14.756612777709961
10.719895362854004, 28.656320571899414, 14.998377799987793, -28.398828506469727, -56.58395767211914, -57.68416213989258, 16.357135772705078, 120.53800964355469
11.867778778076172, 22.618915557861328, 1.2410341501235962, -49.592464447021484, -48.19466018676758, -0.09075859934091568, 65.17727661132812, 82.22747802734375
12.849005699157715, 22.522676467895508, -14.749133110046387, -60.86859893798828, -29.77781867980957, 72.25096893310547, 108.42878723144531, 3.376134157180786
13.966750144958496, 14.301628112792969, -30.67953109741211, -49.78934860229492, 14.877094268798828, 101.00443267822266, 34.97629165649414, -58.894535064697266
14.199126243591309, 9.738128662109375, -32.795711517333984, -30.545698165893555, 40.23533630371094, 63.70070266723633, -66.312255859375, -81.50892639160156
14.17609977722168, 1.9864084720611572, -46.95994567871094, -6.65109920501709, 79.01493072509766, 11.077139854431152, -67.69132995605469, -19.790512084960938
14.265570640563965, -4.670822620391846, -37.43741226196289, 20.353519439697266, 57.91505432128906, -46.908546447753906, -54.42233657836914, 96.42240905761719
13.61197566986084, -12.618585586547852, -34.698341369628906, 43.68962478637695, 24.210420608520508, -94.60565185546875, 6.035182476043701, 84.51756286621094
13.21953010559082, -19.46462631225586, -18.597034454345703, 50.274696350097656, -13.80670166015625, -84.77127838134766, 82.24317932128906, 32.086029052734375
12.984182357788086, -20.458663940429688, -7.247962474822998, 42.93196487426758, -52.964046478271484, -23.17240333557129, 100.95515441894531, -85.70911407470703
11.80548095703125, -26.14983367919922, 10.719512939453125, 31.77338409423828, -69.72892761230469, 33.983280181884766, 43.248409271240234, -91.22445678710938
11.325540542602539, -26.418832778930664, 24.204620361328125, 14.160490036010742, -75.01342010498047, 89.98451232910156, -51.464874267578125, -37.28391647338867
10.088895797729492, -27.1097412109375, 39.92875671386719, -17.10700798034668, -30.39229393005371, 81.66722106933594, -127.11003112792969, 61.594154357910156
8.353541374206543, -27.55423355102539, 38.16688537597656, -36.29730224609375, 16.98715591430664, 25.18374252319336, -69.9261245727539, 91.72523498535156
6.74311637878418, -21.81247901916504, 36.95677947998047, -54.48638916015625, 52.603267669677734, -27.78368377685547, -6.7165303230285645, 52.89855194091797
5.281160354614258, -17.514741897583008, 30.950515747070312, -60.50290298461914, 82.66788482666016, -73.75102233886719, 85.52191162109375, -36.96136474609375
3.6227431297302246, -11.773905754089355, 22.854082107543945, -36.958072662353516, 74.4794692993164, -100.48958587646484, 83.95923614501953, -144.93280029296875
1.697945475578308, -6.179894924163818, 13.130707740783691, -18.607738494873047, 30.544069290161133, -34.92473602294922, 67.0997543334961, -42.730255126953125
-4.4535122117883574e-11, 1.4350491762161255, -3.9158096313476562, 9.997973442077637, -15.314087867736816, 26.37327003479004, -25.276491165161133, 44.26566696166992
-1.7848999500274658, 8.812830924987793, -17.497276306152344, 36.06697463989258, -50.31699752807617, 65.17073822021484, -110.43482971191406, 76.41812896728516
-3.5082523822784424, 15.384053230285645, -28.712953567504883, 43.24625778198242, -83.90484619140625, 63.79133987426758, -94.55602264404297, 66.83165740966797
-5.460923671722412, 19.808263778686523, -45.93984603881836, 45.467987060546875, -68.78515625, 49.800113677978516, -23.41390609741211, -24.659330368041992
-6.840977668762207, 25.66824722290039, -44.39772415161133, 44.54014205932617, -30.905853271484375, -10.275087356567383, 42.873374938964844, -131.41824340820312
-8.012162208557129, 25.4483585357666, -44.57678985595703, 23.84878158569336, 13.974135398864746, -56.26848602294922, 91.80403900146484, -88.13704681396484
-9.651825904846191, 29.066911697387695, -29.809345245361328, -1.6092774868011475, 41.26396942138672, -85.33193969726562, 43.87704849243164, 14.855542182922363
-10.500808715820312, 27.319616317749023, -17.17060089111328, -23.045969009399414, 62.664337158203125, -44.99553298950195, -17.363622665405273, 72.579345703125
-11.959182739257812, 24.87691879272461, -0.9670361280441284, -51.12715148925781, 47.42453384399414, -0.10864537954330444, -94.42310333251953, 67.39946746826172
-13.230071067810059, 21.81052589416504, 14.793453216552734, -60.589542388916016, 23.562551498413086, 71.63606262207031, -117.00283813476562, 2.4825761318206787
-13.477823257446289, 14.15845012664795, 29.127838134765625, -43.618682861328125, -13.741717338562012, 86.18180847167969, -41.278541564941406, -127.79780578613281
-13.99994945526123, 8.911800384521484, 39.70567321777344, -35.89144515991211, -48.13973617553711, 84.09648132324219, 56.68531036376953, -70.83934783935547
-13.438952445983887, 2.296499252319336, 41.895328521728516, -6.67080545425415, -86.23694610595703, 12.651607513427734, 110.61995697021484, -14.809338569641113
-13.68044376373291, -4.703569412231445, 43.17929458618164, 24.474966049194336, -65.59186553955078, -45.4423942565918, 73.78394317626953, 98.69080352783203
-14.432242393493652, -12.715133666992188, 30.601537704467773, 46.717140197753906, -22.844186782836914, -90.81719970703125, -5.901109218597412, 83.79033660888672
-13.686079025268555, -17.281824111938477, 19.986886978149414, 62.48577117919922, 13.346819877624512, -70.72827911376953, -86.61446380615234, 29.76481056213379
-13.119681358337402, -22.106077194213867, 5.829792022705078, 60.831695556640625, 49.6453857421875, -23.99517250061035, -111.99016571044922, -72.940673828125
-12.13632869720459, -27.304622650146484, -10.481703758239746, 32.159732818603516, 55.837257385253906, 29.578327178955078, -48.926361083984375, -128.77923583984375
-11.086061477661133, -29.23788070678711, -20.913684844970703, 14.773938179016113, 53.76454162597656, 80.28416442871094, 31.92757797241211, -48.722511291503906
-10.052690505981445, -28.003952026367188, -38.72529602050781, -16.6678409576416, 36.41141891479492, 95.26119232177734, 120.2133560180664, 86.73487854003906
-8.00287914276123, -27.382274627685547, -38.42245864868164, -36.60906219482422, -11.834035873413086, 36.79054641723633, 53.75147247314453, 128.23870849609375
-7.108245372772217, -25.140056610107422, -38.34206008911133, -57.54328536987305, -59.45928192138672, -25.24089813232422, 5.084592819213867, 66.79842376708984
-5.244697570800781, -19.652130126953125, -40.278316497802734, -61.01213836669922, -75.9381332397461, -64.28091430664062, -93.57791137695312, -62.275028228759766
-3.3802847862243652, -13.245150566101074, -23.013996124267578, -48.61051559448242, -69.67364501953125, -101.36865997314453, -103.78318786621094, -128.75436401367188
-1.7055728435516357, -5.35374116897583, -13.285585403442383, -22.18267250061035, -29.897809982299805, -30.435184478759766, -65.86946105957031, -89.71086120605469
4.465070674308791e-11, 1.4715372323989868, 4.264228820800781, 7.721022129058838, 16.08338165283203, 24.325204849243164, 38.043426513671875, 44.11939239501953
1.7351521253585815, 8.005409240722656, 17.28959846496582, 27.908899307250977, 51.66434097290039, 73.38629150390625, 75.12348175048828, 83.45315551757812
3.3865456581115723, 14.23493766784668, 33.744407653808594, 57.28300094604492, 72.00873565673828, 71.12867736816406, 96.79293823242188, 51.35679244995117
5.162342071533203, 21.14556121826172, 45.241512298583984, 61.95573043823242, 61.02878189086914, 43.7100715637207, 17.72384262084961, -29.063215255737305
7.022586345672607, 26.003753662109375, 39.05610656738281, 41.90790557861328, 30.380970001220703, -7.9479169845581055, -53.16231155395508, -129.80934143066406
7.915550231933594, 28.915199279785156, 39.361541748046875, 30.701383590698242, -10.551011085510254, -64.90324401855469, -107.02513122558594, -113.89661407470703
11.20709228515625, 29.909626007080078, 17.09140396118164, -24.013490676879883, -61.505332946777344, -55.32339859008789, 16.951560974121094, 126.5950698852539
12.3770751953125, 24.260549545288086, 1.0949101448059082, -57.952571868896484, -66.45703125, -0.08111458271741867, 71.19172668457031, 91.51422882080078
13.05395221710205, 20.457183837890625, -16.0145263671875, -62.955467224121094, -23.967626571655273, 63.7863883972168, 94.51498413085938, 3.8180108070373535
13.18140697479248, 16.232322692871094, -28.8527774810791, -51.77061462402344, 17.067533493041992, 101.74105834960938, 21.326574325561523, -112.86186218261719
13.585705757141113, 8.88398551940918, -38.16114807128906, -30.345443725585938, 46.06463623046875, 85.01671600341797, -58.15962219238281, -63.96760559082031
14.655129432678223, 2.1950583457946777, -42.69751739501953, -6.428103446960449, 79.95694732666016, 12.943873405456543, -118.80830383300781, -24.012014389038086
14.114304542541504, -4.67838716506958, -35.037452697753906, 24.059696197509766, 50.237754821777344, -38.463314056396484, -78.37661743164062, 57.07442855834961
13.911795616149902, -11.992853164672852, -30.14972496032715, 39.400779724121094, 25.929105758666992, -93.78144836425781, 3.20573091506958, 86.86209869384766
13.091083526611328, -16.807998657226562, -22.946929931640625, 60.49700927734375, -13.457555770874023, -64.62279510498047, 97.07624053955078, 33.63045120239258
12.289605140686035, -21.434995651245117, -5.817632675170898, 49.580204010009766, -49.24660110473633, -27.15597152709961, 93.9263687133789, -100.57665252685547
11.362127304077148, -25.109994888305664, 10.363986015319824, 31.271982192993164, -80.62592315673828, 35.22899627685547, 54.98593521118164, -155.35540771484375
11.266812324523926, -27.785493850708008, 22.141117095947266, 10.87878131866455, -61.19908142089844, 73.05402374267578, -40.5894889831543, -41.362789154052734
9.86870002746582, -29.23822593688965, 37.602813720703125, -13.83150863647461, -22.140705108642578, 63.37371826171875, -75.67745971679688, 57.346954345703125
8.2641019821167, -25.379444122314453, 39.302215576171875, -44.335426330566406, 17.314348220825195, 26.936111450195312, -101.02621459960938, 68.68144226074219
6.931966304779053, -24.35108184814453, 47.678890228271484, -54.45012283325195, 49.181640625, -35.9350471496582, -9.072486877441406, 41.3387565612793
5.3662028312683105, -18.25218391418457, 31.60141944885254, -65.52857971191406, 78.0753402709961, -59.28844451904297, 50.15421676635742, -55.98160171508789
3.5413947105407715, -11.575778007507324, 28.49092674255371, -48.08345413208008, 71.61243438720703, -79.29737091064453, 86.35436248779297, -99.17982482910156
1.8229130506515503, -5.301627159118652, 10.412666320800781, -17.85570526123047, 30.55021858215332, -49.774559020996094, 37.43494415283203, -60.74042510986328
-4.2684890344535376e-11, 1.3206214904785156, -3.659224271774292, 6.87363338470459, -10.665146827697754, 15.716940879821777, -34.34829330444336, 42.34897232055664
-1.8332849740982056, 7.853978157043457, -18.38915252685547, 41.10002517700195, -54.993988037109375, 52.21050262451172, -61.138885498046875, 151.88099670410156
-3.4965267181396484, 13.52353572845459, -30.79851722717285, 55.98090362548828, -77.07206726074219, 88.44796752929688, -114.4296875, 73.01927185058594
-5.255739688873291, 19.775623321533203, -36.9830207824707, 46.17838668823242, -65.59005737304688, 59.47734069824219, -26.011178970336914, -26.023488998413086
-6.831506729125977, 23.218284606933594, -39.14265441894531, 45.198814392089844, -23.429285049438477, -10.122377395629883, 68.5929946899414, -101.30876922607422
-8.472136497497559, 28.5966854095459, -42.459808349609375, 23.809871673583984, 15.835273742675781, -46.194950103759766, 117.82503509521484, -75.8578872680664
-9.583110809326172, 26.399656295776367, -32.91100311279297, -1.2435489892959595, 59.175228118896484, -68.91870880126953, 56.05437469482422, 7.256709575653076
-11.147663116455078, 25.54984474182129, -17.21748161315918, -22.92273712158203, 68.54959869384766, -54.22711181640625, -12.652752876281738, 95.20833587646484
-11.386224746704102, 25.535429000854492, -1.0800285339355469, -56.438133239746094, 61.05808639526367, -0.11601363122463226, -108.11631774902344, 74.92781829833984
-12.73910903930664, 21.44534683227539, 16.662321090698242, -67.24089813232422, 22.202049255371094, 63.83970642089844, -68.0634765625, 2.0596280097961426
-13.428108215332031, 14.353787422180176, 32.204586029052734, -58.50422668457031, -16.891613006591797, 79.26671600341797, -24.207611083984375, -129.3767547607422
-13.431978225708008, 8.626710891723633, 41.91447448730469, -34.58317947387695, -45.225772857666016, 79.08340454101562, 57.31904602050781, -124.92312622070312
-13.609345436096191, 2.0660815238952637, 40.36186981201172, -5.112365245819092, -59.67494583129883, 9.440488815307617, 123.68186950683594, -10.844393730163574
-13.50336742401123, -4.611961841583252, 37.68159103393555, 26.07489585876465, -54.968746185302734, -38.330413818359375, 98.0639419555664, 79.18721008300781
-13.629648208618164, -10.880457878112793, 33.17401885986328, 45.4141731262207, -26.09882926940918, -104.2379379272461, -3.3869688510894775, 88.69487762451172
-12.803010940551758, -19.24126625061035, 22.821292877197266, 64.12869262695312, 13.798980712890625, -73.33548736572266, -96.32549285888672, 21.942943572998047
-12.458969116210938, -23.168542861938477, 6.274728298187256, 57.65958786010742, 64.2059097290039, -24.15487289428711, -91.8654556274414, -91.90554809570312
-11.427544593811035, -25.01527214050293, -10.59768295288086, 40.834503173828125, 55.8502311706543, 36.16884231567383, -35.002010345458984, -156.15264892578125
-11.257067680358887, -29.499698638916016, -23.90291976928711, 10.370285987854004, 59.864871978759766, 72.41456604003906, 35.6920051574707, -43.03718566894531
-9.545165061950684, -29.709012985229492, -37.72449493408203, -17.958152770996094, 23.84787368774414, 96.37223052978516, 72.69945526123047, 81.21739959716797
-8.660324096679688, -26.038196563720703, -39.94139099121094, -46.2064208984375, -12.899568557739258, 36.99810028076172, 55.308292388916016, 133.87985229492188
-6.577662944793701, -24.036762237548828, -47.396820068359375, -63.44868850708008, -61.43412399291992, -34.43385696411133, 6.327021598815918, 74.86592864990234
-5.3549957275390625, -17.088340759277344, -34.19256591796875, -45.36275100708008, -84.17652130126953, -54.01729202270508, -76.09487915039062, -42.478248596191406
-3.6360623836517334, -12.865987777709961, -23.276594161987305, -35.42546844482422, -46.462425231933594, -97.00442504882812, -87.1559829711914, -86.99626159667969
-1.7060794830322266, -6.1243720054626465, -11.981526374816895, -20.74648094177246, -24.03759765625, -36.14227294921875, -71.395751953125, -49.4637565612793
4.1622646301808786e-11, 1.4827802181243896, 4.658680438995361, 8.586183547973633, 14.884748458862305, 21.057174682617188, 38.293983459472656, 36.41386032104492
1.846470594406128, 8.306740760803223, 21.41866683959961, 39.11438751220703, 47.5237922668457, 92.94689178466797, 92.83023071289062, 153.62847900390625
3.4869778156280518, 14.567312240600586, 36.48260498046875, 57.6663818359375, 63.00822830200195, 59.95139694213867, 74.0248794555664, 91.6120834350586
5.442511081695557, 21.747888565063477, 35.88823699951172, 65.44942474365234, 46.481407165527344, 37.399871826171875, 19.023950576782227, -18.670589447021484
6.798525810241699, 22.780858993530273, 47.930213928222656, 55.73579025268555, 32.133201599121094, -13.465434074401855, -72.65119934082031, -89.64210510253906
8.158967018127441, 26.18897247314453, 37.98140335083008, 25.558244705200195, -11.245394706726074, -56.94314193725586, -94.048583984375, -66.36103057861328
9.543401718139648, 29.7598934173584, 30.28029441833496, -1.1505776643753052, -41.363155364990234, -72.40867614746094, -59.89559555053711, 8.741081237792969
11.03261661529541, 27.854976654052734, 17.09453773498535, -25.620656967163086, -54.55030822753906, -61.094459533691406, 17.72844123840332, 102.24462890625
11.595440864562988, 27.401498794555664, 0.9607111215591431, -42.2243537902832, -58.2187385559082, -0.12984423339366913, 69.35334014892578, 134.57008361816406
12.330757141113281, 20.051422119140625, -12.897924423217773, -52.582271575927734, -23.507841110229492, 73.45825958251953, 120.68922424316406, 3.2917797565460205
13.386451721191406, 15.919839859008789, -27.292299270629883, -43.793212890625, 16.936586380004883, 84.1884994506836, 36.22127151489258, -61.1477165222168
14.266642570495605, 8.653376579284668, -39.916404724121094, -35.32174301147461, 47.03615951538086, 53.546546936035156, -62.35122299194336, -81.32260131835938
14.029998779296875, 2.117018222808838, -39.41497039794922, -6.285248756408691, 84.88695526123047, 12.03530216217041, -64.2840347290039, -20.407791137695312
14.800055503845215, -4.949563503265381, -43.13107681274414, 21.036256790161133, 66.4073486328125, -48.898887634277344, -51.80820083618164, 55.64187240600586
14.189587593078613, -11.382078170776367, -33.03946304321289, 43.87129592895508, 23.500164031982422, -86.93047332763672, 6.048005104064941, 134.95449829101562
13.188164710998535, -18.71416664123535, -22.483539581298828, 59.599830627441406, -16.052967071533203, -63.15606689453125, 74.30839538574219, 26.792997360229492
13.214356422424316, -22.03376579284668, -6.213397026062012, 46.143733978271484, -47.50331497192383, -27.122800827026367, 69.60235595703125, -89.12251281738281
11.533116340637207, -26.310760498046875, 9.820890426635742, 36.47233200073242, -58.69099044799805, 46.29572296142578, 53.38536834716797, -109.81360626220703
10.637718200683594, -27.16090202331543, 23.573354721069336, 11.571897506713867, -53.363494873046875, 85.25708770751953, -28.607051849365234, -50.605812072753906
10.13477611541748, -28.010351181030273, 38.06657028198242, -16.897811889648438, -35.16853332519531, 59.08909225463867, -105.26161193847656, 76.52163696289062
7.943874359130859, -27.5671443939209, 36.91426086425781, -41.41939163208008, 15.994160652160645, 23.134292602539062, -84.30439758300781, 111.48790740966797
6.6721272468566895, -24.804140090942383, 46.21220016479492, -47.056034088134766, 49.029781341552734, -28.345733642578125, -5.700273036956787, 38.59398651123047
5.408478260040283, -20.03512954711914, 31.31175422668457, -54.31340408325195, 65.60314178466797, -93.2332534790039, 70.5713882446289, -53.130157470703125
3.6086127758026123, -13.565678596496582, 27.71533203125, -41.37898254394531, 75.01893615722656, -83.47335052490234, 67.90142059326172, -146.6221466064453
1.7511470317840576, -5.265012264251709, 12.896811485290527, -18.23069953918457, 23.044574737548828, -47.950347900390625, 70.27417755126953, -70.48583221435547
-4.12857768805619e-11, 1.280715823173523, -4.327919006347656, 9.390349388122559, -11.382189750671387, 14.976371765136719, -21.737018585205078, 33.537933349609375
-1.771289348602295, 9.000067710876465, -18.609609603881836, 28.802919387817383, -57.197532653808594, 83.00325775146484, -85.03241729736328, 104.77677917480469
-3.37048602104187, 16.2891845703125, -27.411264419555664, 60.8112907409668, -66.58110046386719, 72.79823303222656, -57.1766357421875, 51.895538330078125
-5.461984157562256, 20.343942642211914, -39.98152542114258, 47.978736877441406, -48.40298080444336, 45.80485534667969, -21.848417282104492, -18.145103454589844
-6.854389667510986, 24.99354362487793, -39.97743225097656, 48.23959732055664, -26.442054748535156, -10.869810104370117, 49.67365264892578, -126.33954620361328
-8.172972679138184, 27.30459213256836, -44.43684387207031, 24.626401901245117, 13.464598655700684, -72.9641342163086, 132.72731018066406, -64.81318664550781
-10.161211013793945, 26.67504119873047, -28.029685974121094, -1.6436231136322021, 41.90697479248047, -109.438720703125, 45.57892990112305, 9.437103271484375
-10.511130332946777, 28.341001510620117, -18.467805862426758, -25.01349639892578, 68.47042846679688, -62.124515533447266, -20.066621780395508, 75.32332611083984
-12.463852882385254, 27.375673294067383, -1.1270390748977661, -52.51597213745117, 47.74492645263672, -0.11751779168844223, -98.4419937133789, 79.39384460449219
-12.336112976074219, 22.077281951904297, 13.630523681640625, -60.476646423339844, 24.754730224609375, 55.265689849853516, -96.90625, 3.303828239440918
-13.925749778747559, 14.717077255249023, 32.43537139892578, -41.502838134765625, -11.327373504638672, 79.30018615722656, -23.563709259033203, -85.11688232421875
-14.374513626098633, 9.062799453735352, 41.027442932128906, -27.671825408935547, -61.98332977294922, 65.0728988647461, 37.24207305908203, -71.7691879272461
-14.779767990112305, 2.082444429397583, 46.593929290771484, -4.6596479415893555, -73.16223907470703, 7.969772815704346, 84.81981658935547, -17.418197631835938
-13.563560485839844, -5.4201860427856445, 38.16059494018555, 19.553199768066406, -51.189720153808594, -45.07892608642578, 69.17633819580078, 100.33451080322266
-14.540295600891113, -10.78050708770752, 34.102935791015625, 40.52040481567383, -29.115928649902344, -82.93184661865234, -5.748704433441162, 108.57904052734375
-13.663841247558594, -16.380245208740234, 23.79439926147461, 58.95991516113281, 11.479755401611328, -53.70615005493164, -55.07081985473633, 26.243446350097656
-13.111872673034668, -21.00581932067871, 7.043905258178711, 50.970035552978516, 44.65549850463867, -26.687538146972656, -98.48682403564453, -51.598140716552734
-11.936705589294434, -26.546680450439453, -9.449549674987793, 40.74851608276367, 79.81139373779297, 38.33428192138672, -32.17634963989258, -116.08528137207031
-10.705236434936523, -29.37345314025879, -23.894264221191406, 13.854938507080078, 72.58883666992188, 76.59690856933594, 41.756317138671875, -61.03810501098633
-9.302639961242676, -30.69064712524414, -35.66400909423828, -14.838212013244629, 23.62748908996582, 80.43940734863281, 95.76808166503906, 48.81288528442383
-8.436139106750488, -26.108816146850586, -38.7232666015625, -45.427608489990234, -13.98220443725586, 29.546337127685547, 69.71717834472656, 124.605224609375
-6.724564075469971, -20.838977813720703, -45.346900939941406, -49.62639617919922, -53.78562545776367, -27.247364044189453, 6.584185600280762, 51.78395462036133
-5.25687837600708, -20.107831954956055, -34.2287712097168, -51.829612731933594, -69.10260772705078, -96.59542083740234, -66.74563598632812, -39.34300231933594
-3.4173734188079834, -11.374175071716309, -27.144380569458008, -46.65959167480469, -55.04395294189453, -103.55736541748047, -102.80864715576172, -67.79314422607422
-1.8063396215438843, -6.117315769195557, -12.099701881408691, -22.782865524291992, -24.168899536132812, -37.9591178894043, -65.39775848388672, -45.751914978027344
4.32394640925704e-11, 1.492579698562622, 4.508014678955078, 7.37895393371582, 13.426647186279297, 21.385120391845703, 39.17810821533203, 38.72889709472656
1.7752699851989746, 7.87144136428833, 22.38593101501465, 39.22459030151367, 40.34964370727539, 55.970802307128906, 119.78752136230469, 146.9362030029297
3.4843475818634033, 16.30361557006836, 32.96420669555664, 60.94334030151367, 61.38034439086914, 91.44210815429688, 100.77978515625, 99.11012268066406
5.303197860717773, 18.4749698638916, 43.82482147216797, 62.961029052734375, 54.08267593383789, 48.08662414550781, 18.547992706298828, -15.470946311950684
6.854494571685791, 25.272216796875, 38.57516098022461, 51.03528594970703, 32.27663040161133, -11.146183013916016, -41.54838180541992, -113.74259185791016
8.685259819030762, 29.674365997314453, 42.767250061035156, 22.583724975585938, -14.523674964904785, -64.16233825683594, -107.6329116821289, -108.7906723022461
9.42651081085205, 30.103260040283203, 29.521209716796875, -1.246250033378601, -64.86487579345703, -87.93386840820312, -46.13026428222656, 7.7907609939575195
11.364561080932617, 27.634506225585938, 18.8867130279541, -23.216920852661133, -78.0511245727539, -73.55329132080078, 22.716201782226562, 136.7731475830078
11.64908218383789, 26.393199920654297, 1.1710292100906372, -45.2852668762207, -71.93797302246094, -0.14342902600765228, 64.9640121459961, 116.2580795288086
13.310288429260254, 21.985170364379883, -13.921674728393555, -65.37435913085938, -35.871315002441406, 69.77890014648438, 82.27130889892578, 3.4598846435546875
14.062681198120117, 14.145004272460938, -29.444828033447266, -53.78143310546875, 13.134222984313965, 93.40032958984375, 26.5537052154541, -69.24679565429688
13.334956169128418, 9.795215606689453, -36.99381637573242, -29.98258399963379, 62.11457824707031, 72.44363403320312, -37.10337829589844, -106.94561767578125
14.543516159057617, 2.3426356315612793, -37.68645095825195, -6.737942218780518, 73.20536041259766, 10.765291213989258, -78.8715591430664, -15.867238998413086
14.795608520507812, -4.829416751861572, -43.74580001831055, 21.184452056884766, 58.37193298339844, -61.636444091796875, -97.55227661132812, 100.28433990478516
14.267064094543457, -11.439001083374023, -33.094154357910156, 42.87465286254883, 22.452836990356445, -71.08209991455078, 6.318684101104736, 120.44336700439453
13.061086654663086, -16.095932006835938, -19.159883499145508, 54.118896484375, -13.166844367980957, -92.25331115722656, 66.32809448242188, 27.526023864746094
12.187253952026367, -24.32895851135254, -5.549829959869385, 63.249813079833984, -43.17978286743164, -17.88674545288086, 108.69805908203125, -84.04779815673828
11.395124435424805, -23.925737380981445, 10.726951599121094, 44.928138732910156, -53.849830627441406, 49.10199737548828, 56.32241439819336, -98.749267578125
10.531828880310059, -28.061826705932617, 25.813100814819336, 14.9744873046875, -49.18147659301758, 64.41448211669922, -55.17593002319336, -35.37535095214844
9.629650115966797, -29.12274932861328, 36.70143508911133, -15.110405921936035, -24.222299575805664, 97.75192260742188, -103.9065933227539, 60.34246063232422
7.9388322830200195, -28.34423065185547, 43.143959045410156, -34.74408721923828, 16.555330276489258, 36.59089279174805, -100.97949981689453, 140.49635314941406
6.889749526977539, -23.813486099243164, 47.93815994262695, -58.216697692871094, 54.56480407714844, -31.840559005737305, -9.950555801391602, 47.40518569946289
5.300844192504883, -19.376089096069336, 36.640869140625, -62.84478759765625, 72.18135070800781, -66.19169616699219, 92.29739379882812, -70.12604522705078
3.5936481952667236, -12.059560775756836, 27.378726959228516, -42.95699691772461, 55.326622009277344, -97.9862289428711, 100.36982727050781, -119.25216674804688
1.6973202228546143, -5.439576625823975, 11.210306167602539, -20.022300720214844, 31.32852554321289, -32.0628776550293, 64.44819641113281, -56.4846305847168
-4.365070457867937e-11, 1.3561865091323853, -3.6605684757232666, 8.160993576049805, -12.185662269592285, 17.812313079833984, -34.21714782714844, 44.0778694152832
-1.7743947505950928, 7.616388320922852, -18.51473617553711, 32.68905258178711, -57.21914291381836, 71.26470947265625, -117.28015899658203, 120.75180053710938
-3.508131504058838, 14.382817268371582, -35.08243179321289, 55.234100341796875, -53.76054382324219, 96.07842254638672, -63.880149841308594, 70.68106079101562
-5.25187873840332, 20.31060791015625, -35.18706130981445, 49.64760208129883, -71.15974426269531, 52.49555587768555, -15.490435600280762, -20.95179557800293
-7.132235527038574, 22.84437370300293, -36.398948669433594, 47.180747985839844, -29.686351776123047, -9.676100730895996, 71.71704864501953, -66.93916320800781
-8.118328094482422, 27.426939010620117, -34.79582977294922, 23.60210418701172, 14.689255714416504, -49.217403411865234, 124.22029876708984, -89.68697357177734
-9.583800315856934, 29.745840072631836, -32.62767791748047, -1.315207600593567, 42.7487678527832, -92.6364974975586, 60.98184585571289, 9.114182472229004
-11.211587905883789, 25.775943756103516, -18.39374351501465, -25.96087074279785, 58.88890838623047, -54.29790115356445, -22.02105140686035, 77.60832214355469
-12.269344329833984, 23.98174285888672, -1.246677041053772, -55.09857177734375, 72.84586334228516, -0.09888579696416855, -112.08451843261719, 133.24851989746094
-13.411789894104004, 22.129858016967773, 16.457014083862305, -47.58118438720703, 28.873886108398438, 63.55727005004883, -78.15608978271484, 2.391711473464966
-12.95274543762207, 15.736522674560547, 27.58924102783203, -48.54585266113281, -13.460278511047363, 98.53814697265625, -36.410884857177734, -89.72393798828125
-14.274503707885742, 8.918371200561523, 33.65556335449219, -28.870777130126953, -62.808834075927734, 58.71710968017578, 69.32504272460938, -82.67770385742188
-14.13487434387207, 2.288374423980713, 40.752254486083984, -5.8671345710754395, -86.31430053710938, 9.284748077392578, 104.19852447509766, -15.782721519470215
-14.214202880859375, -4.571032524108887, 36.04709243774414, 23.0997371673584, -75.53855895996094, -46.60102462768555, 84.31005096435547, 95.80615234375
-13.266096115112305, -12.514641761779785, 38.21385955810547, 41.050662994384766, -24.538230895996094, -79.52075958251953, -3.573777198791504, 82.05411529541016
-13.509066581726074, -17.88527488708496, 18.987611770629883, 53.2245979309082, 14.525177001953125, -75.97645568847656, -84.18746948242188, 34.585418701171875
-13.292128562927246, -20.602035522460938, 6.937917709350586, 59.07396697998047, 62.91126251220703, -14.873727798461914, -122.71224975585938, -94.26238250732422
-12.380138397216797, -25.691471099853516, -8.79284954071045, 42.31004333496094, 74.17379760742188, 31.31681251525879, -41.18183898925781, -142.1029815673828
-11.398659706115723, -30.144794464111328, -26.003664016723633, 13.524367332458496, 56.360992431640625, 77.86078643798828, 44.105587005615234, -45.885337829589844
-10.1297025680542, -26.25419044494629, -30.0306396484375, -14.116907119750977, 25.916763305664062, 98.27911376953125, 103.38555145263672, 75.17288208007812
-8.672578811645508, -26.579345703125, -42.929439544677734, -40.13719177246094, -10.840516090393066, 34.183868408203125, 86.6852035522461, 145.9535675048828
-6.648667812347412, -21.173593521118164, -42.17475891113281, -62.40363311767578, -41.787574768066406, -22.449270248413086, 9.714773178100586, 70.02581787109375
-5.452034950256348, -16.751192092895508, -36.45320129394531, -51.84892272949219, -70.26069641113281, -83.72875213623047, -83.71238708496094, -57.57123947143555
-3.5682239532470703, -13.059815406799316, -27.444671630859375, -46.693424224853516, -46.84156799316406, -89.66429901123047, -112.13274383544922, -126.13494873046875
-1.8503514528274536, -5.583038330078125, -12.933703422546387, -16.209474563598633, -22.64042091369629, -31.350566864013672, -44.2994384765625, -49.03908920288086
4.419706614577912e-11, 1.4279749393463135, 4.125087261199951, 8.064754486083984, 10.739242553710938, 15.856508255004883, 35.486331939697266, 35.91700744628906
1.7832046747207642, 8.959959983825684, 17.585309982299805, 34.6385612487793, 44.707763671875, 92.06330108642578, 104.82276916503906, 117.4087905883789
3.57297682762146, 13.614492416381836, 28.188344955444336, 48.312076568603516, 63.00578308105469, 80.62518310546875, 107.73137664794922, 103.68042755126953
5.245150566101074, 20.57701873779297, 37.79356002807617, 59.92283630371094, 60.59890365600586, 50.96975326538086, 16.91420555114746, -19.076799392700195
6.843759059906006, 26.425445556640625, 48.61829376220703, 40.14921569824219, 22.06089210510254, -9.488811492919922, -69.130859375, -65.99649810791016
8.379663467407227, 28.26413345336914, 41.819061279296875, 24.378185272216797, -16.812509536743164, -53.61920166015625, -67.83666229248047, -111.64006042480469
9.835257530212402, 25.747974395751953, 33.35030746459961, -1.1974848508834839, -47.6719856262207, -79.5593490600586, -56.72788619995117, 10.817975997924805
10.480112075805664, 26.32621192932129, 16.635801315307617, -25.246417999267578, -73.97383880615234, -55.456581115722656, 17.377473831176758, 99.16948699951172
11.581146240234375, 27.3071346282959, 1.139618158340454, -46.4810791015625, -60.947509765625, -0.08428721874952316, 80.01481628417969, 73.67745208740234
13.356256484985352, 19.956830978393555, -15.411796569824219, -48.48857116699219, -34.50571823120117, 51.80502700805664, 123.93627166748047, 2.6388065814971924
13.348027229309082, 15.441267967224121, -30.618858337402344, -53.271793365478516, 16.045448303222656, 99.93476867675781, 33.1284065246582, -63.52266311645508
14.19986343383789, 8.2167387008667, -42.43136215209961, -27.791017532348633, 45.4973258972168, 76.96007537841797, -64.88422393798828, -64.72431945800781
14.67163372039795, 1.9922785758972168, -45.19223403930664, -5.930364608764648, 65.35902404785156, 10.553386688232422, -65.78286743164062, -12.87101936340332
14.418527603149414, -4.742492198944092, -45.833194732666016, 25.873558044433594, 73.02836608886719, -47.767906188964844, -65.7398910522461, 74.07991027832031
13.213644981384277, -10.69961929321289, -37.458740234375, 52.13516616821289, 32.660552978515625, -59.777774810791016, 3.400698184967041, 144.2808380126953
13.486355781555176, -16.315513610839844, -19.119613647460938, 58.46599197387695, -15.257919311523438, -77.49349975585938, 72.34217834472656, 33.589656829833984
12.4546537399292, -23.26960563659668, -7.277061462402344, 58.980079650878906, -58.71630859375, -17.18039894104004, 119.5054702758789, -51.881980895996094
12.341748237609863, -26.914554595947266, 9.73208999633789, 33.77444076538086, -68.62210845947266, 31.718175888061523, 46.292564392089844, -110.52818298339844
10.756058692932129, -28.588428497314453, 26.65665054321289, 11.522019386291504, -51.88074493408203, 71.29290771484375, -28.55824851989746, -50.616371154785156
9.250678062438965, -28.647268295288086, 37.66151428222656, -16.00304412841797, -32.709407806396484, 60.4640007019043, -91.80787658691406, 40.08917999267578
8.33524227142334, -25.67519760131836, 45.430023193359375, -47.43465805053711, 12.699015617370605, 31.848644256591797, -86.55091094970703, 99.50384521484375
6.646834850311279, -24.42465591430664, 35.716041564941406, -55.44913101196289, 40.38869857788086, -33.68016815185547, -6.892577171325684, 39.17802810668945
5.052908420562744, -18.95686912536621, 38.80572509765625, -46.74604034423828, 84.08918762207031, -85.6871109008789, 77.46941375732422, -51.43474197387695
3.6870152950286865, -12.812076568603516, 28.898195266723633, -49.78529739379883, 59.68640899658203, -66.31971740722656, 90.29280853271484, -80.34259033203125
1.777763843536377, -5.597629070281982, 12.798842430114746, -19.689123153686523, 22.20730972290039, -47.59203338623047, 35.303321838378906, -58.76580047607422
-4.405114120697995e-11, 1.4147746562957764, -4.4293437004089355, 7.874441146850586, -15.047056198120117, 26.180400848388672, -27.343420028686523, 26.52547836303711
-1.8165212869644165, 8.936468124389648, -19.417665481567383, 30.90367317199707, -41.900936126708984, 60.78829574584961, -69.07015228271484, 83.3472900390625
-3.6920907497406006, 14.665717124938965, -33.854393005371094, 61.014366149902344, -86.8277816772461, 108.0875244140625, -98.36445617675781, 61.897865295410156
-5.101834774017334, 22.250869750976562, -35.10893630981445, 58.11980056762695, -69.52290344238281, 42.04664993286133, -26.76772689819336, -19.251794815063477
-6.825485706329346, 25.007713317871094, -37.366783142089844, 45.669395446777344, -29.400409698486328, -8.289665222167969, 72.67950439453125, -142.0895538330078
-8.293110847473145, 26.424484252929688, -43.98830032348633, 25.81505584716797, 11.212993621826172, -56.834068298339844, 128.52392578125, -110.6102066040039
-9.643404006958008, 30.913747787475586, -30.971553802490234, -1.459298849105835, 64.59996032714844, -93.12034606933594, 71.90154266357422, 10.766135215759277
-10.593429565429688, 26.73981475830078, -16.275575637817383, -23.608173370361328, 80.33372497558594, -58.790863037109375, -13.958006858825684, 133.29432678222656
-12.107160568237305, 25.172016143798828, -0.9743815064430237, -47.42835998535156, 69.2469482421875, -0.13455629348754883, -78.13694763183594, 76.82540893554688
-12.840856552124023, 20.232646942138672, 15.2151460647583, -59.336429595947266, 30.67779541015625, 48.52167892456055, -67.46887969970703, 3.2369370460510254
-13.436135292053223, 14.538569450378418, 25.953266143798828, -48.171791076660156, -14.55592155456543, 80.09947967529297, -26.963354110717773, -115.18065643310547
-13.208395957946777, 8.230877876281738, 42.87456512451172, -29.532947540283203, -40.81877136230469, 58.395782470703125, 63.517913818359375, -124.175048828125
-14.377691268920898, 2.3394346237182617, 48.466041564941406, -6.781059265136719, -55.0369758605957, 8.685898780822754, 92.78633880615234, -17.051834106445312
-14.335378646850586, -5.181435585021973, 37.12382888793945, 18.660043716430664, -60.950862884521484, -38.988609313964844, 76.21968841552734, 97.03299713134766
-13.537423133850098, -10.563284873962402, 31.51417350769043, 51.90290451049805, -23.7054386138916, -67.01841735839844, -5.606064319610596, 70.04478454589844
-12.950082778930664, -18.073572158813477, 20.674884796142578, 58.83018493652344, 15.384302139282227, -79.7038803100586, -89.46571350097656, 39.84519577026367
-12.858375549316406, -24.190521240234375, 5.781497478485107, 60.716068267822266, 49.95800018310547, -20.12000274658203, -70.54509735107422, -80.73478698730469
-11.446029663085938, -27.310413360595703, -10.808148384094238, 32.817466735839844, 75.47765350341797, 28.700319290161133, -34.27326965332031, -83.07962036132812
-10.938079833984375, -29.255741119384766, -23.06249237060547, 14.307279586791992, 49.59890365600586, 73.21221923828125, 30.921693801879883, -31.273347854614258
-9.274748802185059, -26.697877883911133, -36.894996643066406, -15.682483673095703, 33.4501838684082, 98.71308898925781, 66.59273529052734, 60.280174255371094
-8.641011238098145, -25.48919677734375, -38.44025421142578, -40.24248504638672, -12.42688274383545, 30.45499610900879, 105.35181427001953, 104.9500732421875
-6.512743949890137, -24.20816421508789, -39.79640197753906, -53.25910568237305, -54.29216003417969, -33.05540084838867, 8.800947189331055, 35.166072845458984
-5.226261615753174, -16.86705207824707, -35.65924072265625, -44.70406723022461, -83.88497161865234, -96.95348358154297, -60.48331069946289, -44.306644439697266
-3.6117818355560303, -13.082239151000977, -24.96941566467285, -38.12138366699219, -60.39730453491211, -97.5562744140625, -113.3658676147461, -153.2353057861328
-1.8036088943481445, -6.103469371795654, -10.304924011230469, -21.807655334472656, -28.448957443237305, -44.135250091552734, -49.79647445678711, -90.02787780761719
4.4276745464477685e-11, 1.4113287925720215, 4.654520034790039, 9.159440040588379, 15.322429656982422, 26.36053466796875, 21.073265075683594, 34.263671875
1.769981026649475, 9.179759979248047, 19.685871124267578, 38.43290328979492, 51.61396408081055, 87.3601303100586, 98.95035552978516, 142.37388610839844
3.563460111618042, 13.404924392700195, 33.56854248046875, 57.22016143798828, 65.88829803466797, 76.2995834350586, 75.44236755371094, 62.0396614074707
5.199002742767334, 19.380956649780273, 34.69879913330078, 56.76005554199219, 51.28874588012695, 47.8318977355957, 23.48481559753418, -25.375268936157227
7.06198787689209, 26.42757797241211, 36.911338806152344, 49.18728256225586, 34.469722747802734, -8.678404808044434, -43.619022369384766, -147.42343139648438
7.998487949371338, 27.82183074951172, 33.095943450927734, 24.881746292114258, -16.172956466674805, -54.78359603881836, -130.20965576171875, -82.30168151855469
10.04658031463623, 30.707256317138672, 34.12109375, -1.554169774055481, -56.595645904541016, -66.0358657836914, -44.11524963378906, 14.213871002197266
10.512738227844238, 28.284812927246094, 18.52176284790039, -28.740890502929688, -55.120704650878906, -59.394290924072266, 21.801950454711914, 140.4654998779297
12.53637409210205, 24.39427947998047, 0.9747584462165833, -57.822837829589844, -52.38579177856445, -0.10799960792064667, 113.50703430175781, 111.75420379638672
12.933115005493164, 19.82218360900879, -13.920648574829102, -53.50496292114258, -25.137479782104492, 49.4555549621582, 65.69515991210938, 3.797309160232544
14.013123512268066, 15.944198608398438, -26.198991775512695, -47.55284881591797, 14.121849060058594, 102.49016571044922, 39.947174072265625, -72.56092834472656
14.278348922729492, 8.878063201904297, -43.411190032958984, -34.547996520996094, 51.4329833984375, 84.03148651123047, -53.04701614379883, -124.38316345214844
14.20424747467041, 2.207707405090332, -43.06794738769531, -6.046762943267822, 69.30341339111328, 8.866776466369629, -85.45005798339844, -12.223702430725098
14.404236793518066, -4.635867595672607, -36.715309143066406, 18.889118194580078, 66.8260726928711, -59.20480728149414, -92.62825012207031, 114.14730834960938
14.021806716918945, -10.614127159118652, -34.7013053894043, 50.288028717041016, 35.14149475097656, -93.27262115478516, 5.4448466300964355, 121.50602722167969
13.540671348571777, -18.196914672851562, -19.592260360717773, 64.25135803222656, -12.56983757019043, -60.10397720336914, 89.47763061523438, 31.017175674438477
12.609848976135254, -24.883819580078125, -6.4175801277160645, 60.403690338134766, -49.64421081542969, -24.470233917236328, 110.88890838623047, -78.97530364990234
12.234891891479492, -28.363143920898438, 8.777992248535156, 32.01808166503906, -80.58623504638672, 45.35376739501953, 44.09267044067383, -125.13855743408203
10.392481803894043, -26.966636657714844, 25.561948776245117, 11.881826400756836, -48.23580551147461, 66.29539489746094, -48.82733917236328, -30.139060974121094
9.39719295501709, -28.048315048217773, 40.48528289794922, -15.782427787780762, -29.02832794189453, 54.904945373535156, -81.91371154785156, 42.69548416137695
8.228515625, -24.4660701751709, 37.51264953613281, -38.610511779785156, 16.48365020751953, 34.770713806152344, -107.65771484375, 100.56085968017578
6.966463565826416, -22.5207462310791, 40.15629196166992, -56.153564453125, 50.92961883544922, -38.03318786621094, -7.253074645996094, 49.77122497558594
5.344902992248535, -17.663541793823242, 40.81874465942383, -51.622840881347656, 71.42939758300781, -84.0721664428711, 79.86214447021484, -37.596397399902344
3.603034019470215, -12.895062446594238, 28.638076782226562, -46.94717025756836, 70.7593002319336, -72.40640258789062, 117.86768341064453, -95.75070190429688
1.7715649604797363, -5.576018333435059, 11.437490463256836, -15.65585994720459, 33.52339553833008, -39.2862434387207, 69.39387512207031, -79.31990051269531
-4.508049836204897e-11, 1.4713150262832642, -3.983100652694702, 7.399046897888184, -16.534311294555664, 17.083984375, -23.990407943725586, 41.68990707397461
-1.8167836666107178, 7.929145812988281, -18.764402389526367, 32.255699157714844, -52.161773681640625, 55.35584259033203, -111.51164245605469, 135.86204528808594
-3.460723400115967, 15.378170013427734, -30.346240997314453, 50.01451110839844, -85.38299560546875, 85.0902328491211, -63.78737258911133, 107.1749267578125
-5.08604097366333, 21.466266632080078, -35.854915618896484, 62.49713897705078, -49.42033386230469, 44.39393997192383, -17.777647018432617, -33.50672912597656
-6.620845317840576, 24.052202224731445, -41.31824493408203, 52.97744369506836, -32.11310577392578, -13.077702522277832, 55.05490493774414, -148.0821990966797
-8.254495620727539, 25.283674240112305, -43.1766357421875, 29.35637664794922, 10.816215515136719, -77.82193756103516, 115.01427459716797, -118.75347137451172
-9.267298698425293, 28.546459197998047, -27.894575119018555, -1.1659891605377197, 39.327213287353516, -84.96720123291016, 55.16310119628906, 12.674981117248535
-11.246352195739746, 26.451173782348633, -18.12359046936035, -30.09161376953125, 84.7625732421875, -49.779876708984375, -19.37441062927246, 109.89181518554688
-11.908790588378906, 24.240867614746094, -1.0044217109680176, -41.64189910888672, 55.30449295043945, -0.1064036414027214, -115.59183502197266, 108.17777252197266
-13.0482759475708, 20.902236938476562, 14.267027854919434, -58.546363830566406, 25.052675247192383, 52.13595199584961, -122.02107238769531, 3.395500898361206
-13.729804992675781, 14.352652549743652, 26.142963409423828, -52.759002685546875, -14.763031959533691, 79.11380767822266, -24.65727424621582, -104.77114868164062
-13.446086883544922, 9.6458158493042, 41.14851379394531, -30.1635799407959, -44.44451904296875, 82.23239135742188, 42.88056182861328, -114.56748962402344
-14.727690696716309, 2.311260223388672, 39.89970016479492, -4.900805950164795, -87.55081176757812, 12.359243392944336, 119.85481262207031, -16.459291458129883
-13.611599922180176, -4.960923671722412, 36.7226448059082, 18.997203826904297, -74.51119232177734, -38.91291046142578, 83.82352447509766, 53.16057586669922
-14.516472816467285, -11.52234935760498, 36.0174560546875, 40.78722381591797, -31.37053108215332, -62.89125061035156, -3.4367470741271973, 127.07626342773438
-13.552491188049316, -17.85018539428711, 23.096054077148438, 46.945960998535156, 16.0352840423584, -61.26960372924805, -53.12820053100586, 27.209226608276367
-13.244830131530762, -20.841297149658203, 5.607561111450195, 56.77728271484375, 62.04270553588867, -24.695531845092773, -71.75017547607422, -45.12763977050781
-12.171612739562988, -24.172698974609375, -9.260841369628906, 41.37635803222656, 84.4215087890625, 41.2145881652832, -37.81959533691406, -70.91498565673828
-10.587852478027344, -30.239124298095703, -27.20233154296875, 15.25040340423584, 47.60496520996094, 89.42733764648438, 48.72563552856445, -33.872074127197266
-9.361091613769531, -27.89527130126953, -35.28853225708008, -13.979214668273926, 22.197229385375977, 99.49396514892578, 123.52131652832031, 70.79129791259766
-8.555889129638672, -28.700716018676758, -37.37351608276367, -32.57467269897461, -15.102684020996094, 23.290620803833008, 88.89483642578125, 105.01150512695312
-6.9251203536987305, -21.71884536743164, -42.108612060546875, -64.94255065917969, -59.929927825927734, -37.31177520751953, 5.86175012588501, 73.47541809082031
-5.1411542892456055, -19.489200592041016, -33.56564712524414, -44.66518783569336, -63.225399017333984, -88.09394836425781, -90.81177520751953, -53.64383316040039
-3.364332437515259, -11.928009986877441, -28.155048370361328, -41.34846496582031, -55.9940185546875, -83.48907470703125, -123.2637710571289, -80.2696762084961
-1.7992987632751465, -6.042690277099609, -12.4165678024292, -18.860015869140625, -24.529312133789062, -36.01708984375, -40.9274787902832, -79.26898956298828
4.5252007002671846e-11, 1.33909273147583, 4.488071918487549, 8.217631340026855, 13.732516288757324, 15.355720520019531, 24.630388259887695, 36.1649169921875
1.8428070545196533, 8.148416519165039, 17.45486831665039, 31.29206085205078, 57.712318420410156, 92.19593048095703, 72.61804962158203, 84.1767578125
3.418550491333008, 15.953737258911133, 36.6766471862793, 54.937705993652344, 60.52717590332031, 103.35865783691406, 84.92607879638672, 75.66224670410156
5.465402603149414, 18.997058868408203, 45.34782791137695, 51.118690490722656, 59.15537643432617, 57.066436767578125, 20.889484405517578, -25.219192504882812
6.733438491821289, 23.287124633789062, 46.633827209472656, 38.32752227783203, 24.79231834411621, -10.04516315460205, -50.19392013549805, -134.8688201904297
8.528658866882324, 25.875608444213867, 35.28403091430664, 23.78338050842285, -15.62479305267334, -59.402976989746094, -92.87689971923828, -104.64555358886719
9.658269882202148, 28.215900421142578, 27.356225967407227, -1.417965054512024, -55.5058479309082, -84.48321533203125, -77.87439727783203, 7.2539801597595215
11.14864444732666, 28.99740982055664, 14.150445938110352, -26.726856231689453, -78.42501831054688, -64.00617218017578, 20.73553466796875, 63.26564025878906
12.12129020690918, 24.874897003173828, 1.2053614854812622, -53.66429901123047, -74.20332336425781, -0.1276945322751999, 56.29561233520508, 61.29225158691406
13.245794296264648, 21.402999877929688, -13.850584030151367, -47.07780838012695, -28.739093780517578, 41.0860481262207, 89.64187622070312, 2.910247325897217
13.092056274414062, 15.564924240112305, -30.958492279052734, -49.970420837402344, 12.831396102905273, 78.9745101928711, 33.78246307373047, -125.62330627441406
13.857924461364746, 8.433512687683105, -37.88003921508789, -33.58042526245117, 43.66203308105469, 74.31900024414062, -52.160980224609375, -65.12934875488281
14.68382453918457, 2.203705310821533, -47.30398178100586, -6.570525169372559, 61.79281997680664, 13.816313743591309, -96.23307037353516, -19.263011932373047
13.517969131469727, -5.1119489669799805, -45.628170013427734, 18.506149291992188, 59.86617660522461, -56.34450912475586, -54.03056335449219, 119.1795425415039
14.574851036071777, -12.516457557678223, -30.760297775268555, 37.668575286865234, 34.48722839355469, -76.15037536621094, 6.399069786071777, 76.99268341064453
13.98523998260498, -16.29876708984375, -21.66995620727539, 55.22636795043945, -13.766236305236816, -78.92145538330078, 80.69630432128906, 28.248506546020508
13.18669319152832, -21.82558822631836, -5.864722728729248, 50.313865661621094, -48.608829498291016, -21.64626121520996, 105.35468292236328, -99.93029022216797
11.471174240112305, -26.672826766967773, 9.006979942321777, 33.93171691894531, -86.05365753173828, 37.47417068481445, 43.60798263549805, -120.49067687988281
10.511920928955078, -27.461017608642578, 27.501192092895508, 12.573816299438477, -54.97243118286133, 92.45699310302734, -34.3569221496582, -55.90209197998047
9.658243179321289, -27.494876861572266, 33.48723220825195, -12.79920768737793, -24.395565032958984, 63.360992431640625, -82.1279296875, 70.10311126708984
8.067873001098633, -25.123300552368164, 35.26319122314453, -44.43618392944336, 15.568374633789062, 26.19449806213379, -60.75782012939453, 112.96369171142578
6.6063690185546875, -21.999469757080078, 44.965904235839844, -62.434993743896484, 49.28779602050781, -23.75755500793457, -9.20864200592041, 54.092376708984375
5.077327251434326, -17.22773551940918, 41.80696105957031, -54.074119567871094, 64.01103973388672, -76.75398254394531, 80.13837432861328, -63.166053771972656
3.5304059982299805, -13.550257682800293, 29.60465431213379, -49.605018615722656, 53.766197204589844, -80.71250915527344, 131.05970764160156, -148.94808959960938
1.708601951599121, -5.4489898681640625, 11.136472702026367, -21.39104652404785, 22.64637565612793, -32.266845703125, 53.65721893310547, -67.06768798828125
-4.1354537849702666e-11, 1.49156653881073, -4.12448263168335, 9.893448829650879, -15.39755630493164, 26.924741744995117, -30.426477432250977, 37.17375183105469
