-2.7852201447964298e-11, 1.3112282752990723, -4.012867450714111, 7.885864734649658, -13.622211456298828, 15.213401794433594, -35.19865417480469, 46.135284423828125
-1.816099762916565, 8.10775089263916, -20.18954849243164, 35.03664779663086, -45.786563873291016, 89.46199798583984, -103.71094512939453, 96.13542938232422
-3.6646368503570557, 14.532403945922852, -36.304996490478516, 54.90010452270508, -80.13668060302734, 77.13336944580078, -111.92516326904297, 51.2591552734375
-5.260097980499268, 18.954483032226562, -35.2454719543457, 47.9445915222168, -53.18943786621094, 48.97857666015625, -24.29623794555664, -22.009004592895508
-6.550548553466797, 24.234325408935547, -39.20456314086914, 48.685218811035156, -35.602664947509766, -13.030242919921875, 42.16714859008789, -139.85897827148438
-8.633646965026855, 28.72909164428711, -38.209877014160156, 29.035646438598633, 10.573440551757812, -83.59737396240234, 122.21537017822266, -82.13633728027344
-9.263501167297363, 30.636199951171875, -26.268510818481445, -1.1588678359985352, 42.98912048339844, -65.22322845458984, 55.02432632446289, 9.007181167602539
-10.555213928222656, 25.762561798095703, -18.447561264038086, -28.585906982421875, 57.659019470214844, -54.903343200683594, -22.424829483032227, 92.168701171875
-11.635007858276367, 23.139205932617188, -1.0071831941604614, -39.88639450073242, 58.301605224609375, -0.1364230215549469, -104.53182220458984, 96.6939926147461
-12.617884635925293, 20.5927677154541, 12.942183494567871, -46.95210647583008, 32.84569549560547, 54.36671829223633, -89.9831314086914, 3.937851905822754
-13.611960411071777, 15.016762733459473, 27.15483856201172, -59.85881805419922, -14.792817115783691, 105.57301330566406, -25.768144607543945, -109.5218734741211
-14.37729263305664, 9.275732040405273, 40.64514923095703, -37.77410888671875, -59.97731399536133, 84.82847595214844, 69.92607879638672, -138.33206176757812
-13.487981796264648, 2.3486804962158203, 40.17129135131836, -5.263249397277832, -56.849735260009766, 11.047892570495605, 100.28008270263672, -12.429107666015625
-13.670073509216309, -4.485487461090088, 46.27054977416992, 25.250608444213867, -65.37364959716797, -58.25898361206055, 90.33914947509766, 102.5604476928711
-13.87386703491211, -11.985965728759766, 37.95834732055664, 44.609580993652344, -30.351179122924805, -64.4425277709961, -5.055006504058838, 109.83256530761719
-13.69446086883545, -19.273563385009766, 24.44562339782715, 54.58209991455078, 13.429832458496094, -60.50251388549805, -68.88550567626953, 33.079612731933594
-12.376365661621094, -22.361881256103516, 6.536073207855225, 63.71890640258789, 59.49525451660156, -21.063188552856445, -80.88239288330078, -50.38325119018555
-12.459555625915527, -27.90469741821289, -8.241253852844238, 34.637630462646484, 63.26213073730469, 39.032470703125, -37.51613235473633, -135.75755310058594
-10.972299575805664, -29.86631202697754, -23.077253341674805, 14.42647647857666, 57.72146987915039, 96.6324462890625, 49.722625732421875, -26.989524841308594
-9.48741626739502, -26.502023696899414, -38.51078796386719, -17.508628845214844, 36.1405029296875, 74.36116790771484, 114.88505554199219, 69.92414855957031
-8.618757247924805, -26.463106155395508, -36.78822326660156, -47.616905212402344, -13.67834186553955, 34.93610382080078, 55.10066223144531, 76.91876983642578
-6.8742780685424805, -22.341129302978516, -36.26513671875, -45.12648391723633, -39.58158493041992, -27.331161499023438, 9.719223022460938, 58.92070388793945
-5.276027202606201, -19.728527069091797, -37.05291748046875, -55.64900588989258, -69.93111419677734, -59.93339157104492, -63.25926971435547, -63.23331832885742
-3.4277541637420654, -11.58485221862793, -23.614023208618164, -38.55901336669922, -60.38648986816406, -61.883819580078125, -105.787109375, -130.88967895507812
-1.7419180870056152, -5.457794666290283, -10.695859909057617, -18.633724212646484, -29.1217098236084, -39.644569396972656, -65.20584869384766, -53.75743865966797
2.987414135513511e-11, 1.3534830808639526, 4.78691291809082, 8.20687484741211, 15.046568870544434, 26.094234466552734, 22.618566513061523, 48.49416732788086
1.7655774354934692, 8.967756271362305, 17.984268188476562, 33.03631591796875, 47.95860290527344, 61.028648376464844, 71.99016571044922, 97.86575317382812
3.386378049850464, 13.772125244140625, 34.579490661621094, 42.573036193847656, 59.48929214477539, 88.79826354980469, 115.32931518554688, 57.6110954284668
5.064777851104736, 18.377016067504883, 37.85553741455078, 50.76414108276367, 70.7599105834961, 61.109004974365234, 19.726694107055664, -31.65442657470703
6.537761211395264, 25.664884567260742, 42.03738021850586, 45.04978561401367, 23.181350708007812, -10.25042724609375, -83.01707458496094, -136.75958251953125
8.193612098693848, 26.867582321166992, 35.946876525878906, 23.46077537536621, -11.998717308044434, -74.0919189453125, -66.7226333618164, -123.34479522705078
9.576827049255371, 29.234344482421875, 26.773523330688477, -1.54989755153656, -40.09000015258789, -66.02277374267578, -49.595272064208984, 8.53242015838623
10.699567794799805, 30.2082462310791, 14.823348999023438, -33.925533294677734, -67.46619415283203, -70.03926849365234, 14.489259719848633, 111.41226196289062
11.61707878112793, 25.507604598999023, 1.0340734720230103, -45.08211898803711, -73.06653594970703, -0.10673823207616806, 71.12683868408203, 95.5350341796875
13.2794828414917, 21.38559341430664, -13.730729103088379, -51.945980072021484, -31.145185470581055, 59.065711975097656, 89.5051040649414, 3.5011773109436035
13.688979148864746, 16.05076026916504, -29.318492889404297, -42.827823638916016, 12.277040481567383, 102.16230010986328, 42.73520278930664, -129.02134704589844
13.505474090576172, 9.011575698852539, -42.449466705322266, -33.0907096862793, 63.205135345458984, 82.35417175292969, -34.15129089355469, -99.48226928710938
13.777676582336426, 1.969624638557434, -46.64275360107422, -5.252101898193359, 84.45613861083984, 7.581346035003662, -97.742431640625, -13.67659854888916
13.586429595947266, -4.5679802894592285, -44.10014724731445, 24.406394958496094, 51.80762481689453, -56.71963882446289, -74.42320251464844, 101.21814727783203
13.535724639892578, -12.848418235778809, -31.194618225097656, 46.202247619628906, 34.25925827026367, -61.63872528076172, 4.708332061767578, 72.67838287353516
13.001920700073242, -18.49080467224121, -20.61590576171875, 53.02994918823242, -12.556971549987793, -91.95832824707031, 89.58154296875, 18.789148330688477
13.401657104492188, -22.0128116607666, -5.616163730621338, 49.169254302978516, -64.50064849853516, -22.325153350830078, 72.67298889160156, -97.08256530761719
11.468337059020996, -25.53679656982422, 9.447792053222656, 44.857383728027344, -77.49308776855469, 44.72394943237305, 53.026031494140625, -126.97791290283203
10.53568172454834, -30.62984848022461, 26.100616455078125, 11.110282897949219, -51.878028869628906, 76.91021728515625, -26.685409545898438, -47.63874816894531
9.574727058410645, -26.251691818237305, 39.085506439208984, -17.502094268798828, -29.269790649414062, 56.440311431884766, -114.84839630126953, 48.029640197753906
8.42225456237793, -27.531335830688477, 36.92186737060547, -33.203956604003906, 14.404899597167969, 28.356494903564453, -52.685359954833984, 96.56549835205078
6.529233455657959, -22.238479614257812, 46.35667419433594, -48.99226760864258, 42.117069244384766, -32.24374008178711, -6.152774333953857, 73.43348693847656
5.32542085647583, -19.438777923583984, 40.76840591430664, -57.31126403808594, 71.63929748535156, -91.38903045654297, 66.92475891113281, -53.77587890625
3.5928921699523926, -11.805996894836426, 22.984350204467773, -36.78135299682617, 52.864463806152344, -59.873226165771484, 99.07173919677734, -137.8580322265625
1.7771387100219727, -5.923189163208008, 10.44116497039795, -17.47395133972168, 22.720584869384766, -35.06961441040039, 45.0323486328125, -46.58200454711914
-2.80237152927576e-11, 1.51369309425354, -4.102073669433594, 9.09133529663086, -12.032793045043945, 26.208141326904297, -39.32369613647461, 28.743101119995117
-1.7927203178405762, 8.198005676269531, -21.55968475341797, 39.39228820800781, -47.43836212158203, 79.31067657470703, -67.33617401123047, 114.53619384765625
-3.3618335723876953, 15.966475486755371, -32.427669525146484, 46.52444839477539, -58.147525787353516, 63.20308303833008, -99.3613052368164, 66.49968719482422
-5.007441997528076, 21.109695434570312, -39.03898239135742, 62.365020751953125, -63.36960220336914, 53.23125076293945, -20.608627319335938, -15.46399211883545
-7.072809219360352, 27.003480911254883, -46.315372467041016, 44.979286193847656, -23.07851219177246, -9.619635581970215, 43.914302825927734, -92.78380584716797
-8.47470474243164, 27.21427345275879, -33.1224365234375, 30.072261810302734, 14.211501121520996, -55.767154693603516, 103.54414367675781, -110.59566497802734
-9.957551956176758, 29.64410972595215, -30.47341537475586, -1.3162384033203125, 47.83412170410156, -70.06875610351562, 45.08761215209961, 8.632368087768555
-10.703770637512207, 29.78083038330078, -18.45401954650879, -24.604612350463867, 57.85363006591797, -44.96910095214844, -11.550116539001465, 93.60079193115234
-11.543135643005371, 24.529125213623047, -0.9907604455947876, -39.16393280029297, 74.32464599609375, -0.12193791568279266, -102.37751770019531, 58.5644645690918
-12.946877479553223, 22.786327362060547, 15.45428466796875, -65.22605895996094, 30.004928588867188, 74.90108489990234, -106.97472381591797, 3.36094331741333
-13.277403831481934, 14.571288108825684, 30.221532821655273, -51.25420379638672, -15.899564743041992, 89.22503662109375, -24.172359466552734, -114.06626892089844
-14.461481094360352, 8.526445388793945, 34.25102996826172, -30.30328941345215, -42.64602279663086, 60.02214431762695, 61.62919998168945, -70.15253448486328
-14.375205039978027, 1.9895902872085571, 46.679840087890625, -5.62197732925415, -69.16976928710938, 12.139752388000488, 128.1638946533203, -12.819042205810547
-13.732440948486328, -4.70980167388916, 37.69108200073242, 26.263261795043945, -65.87519836425781, -39.0048713684082, 49.170528411865234, 76.96891021728516
-14.34330940246582, -12.769296646118164, 31.874300003051758, 38.027374267578125, -32.498573303222656, -80.37330627441406, -6.006609916687012, 98.45213317871094
-13.534801483154297, -16.08681869506836, 22.21709632873535, 52.25171661376953, 16.655719757080078, -92.67501831054688, -80.83856201171875, 28.306846618652344
-12.521986961364746, -20.92920684814453, 7.098514080047607, 61.267818450927734, 52.18760681152344, -19.16484832763672, -91.8993148803711, -98.93087768554688
-11.49027156829834, -26.843154907226562, -8.963502883911133, 42.98443603515625, 75.12898254394531, 52.84681701660156, -50.40610122680664, -138.02008056640625
-10.996891021728516, -30.363183975219727, -25.785629272460938, 13.754117965698242, 61.150047302246094, 91.33666229248047, 48.08292770385742, -56.885826110839844
-9.551716804504395, -27.019287109375, -37.38726806640625, -17.544071197509766, 33.64613723754883, 88.36016845703125, 112.8947525024414, 49.58926773071289
-8.132736206054688, -27.525955200195312, -45.0206413269043, -43.47815704345703, -15.381438255310059, 32.64019012451172, 67.5814437866211, 79.18106842041016
-7.021094799041748, -22.91130256652832, -37.60271072387695, -60.21901321411133, -45.747257232666016, -24.9702205657959, 9.371709823608398, 47.9727897644043
-5.0897674560546875, -19.575214385986328, -38.54643630981445, -60.340553283691406, -85.94570922851562, -93.99663543701172, -61.38078689575195, -59.099082946777344
-3.3663017749786377, -11.46854019165039, -24.107032775878906, -40.573768615722656, -67.88414764404297, -67.64476776123047, -88.42587280273438, -134.77239990234375
-1.697266697883606, -5.407739639282227, -10.282722473144531, -16.616012573242188, -28.849374771118164, -31.32662010192871, -72.12146759033203, -52.64360809326172
2.849396933679582e-11, 1.5308890342712402, 4.153995513916016, 7.226988792419434, 15.630105018615723, 23.20443344116211, 21.586803436279297, 26.18720054626465
1.7153003215789795, 7.575932502746582, 17.081544876098633, 35.42708969116211, 60.2445182800293, 78.26448059082031, 98.69905090332031, 125.98731231689453
3.390082836151123, 14.072916030883789, 31.422407150268555, 59.01502227783203, 73.23088836669922, 76.35960388183594, 65.69828033447266, 84.1188735961914
5.211170196533203, 21.391468048095703, 45.063682556152344, 65.22315979003906, 53.882476806640625, 57.57993698120117, 14.258007049560547, -26.578895568847656
7.098238468170166, 24.284923553466797, 37.48918533325195, 55.163917541503906, 26.454559326171875, -8.31320858001709, -61.64820098876953, -83.97810363769531
8.597253799438477, 28.564228057861328, 40.3831901550293, 26.001943588256836, -14.442747116088867, -55.207984924316406, -95.94668579101562, -110.85077667236328
9.61190128326416, 27.024749755859375, 25.82510757446289, -1.5385761260986328, -40.755794525146484, -109.1934814453125, -64.15985870361328, 10.024086952209473
11.251582145690918, 26.25429344177246, 15.03371524810791, -27.830442428588867, -77.2960433959961, -69.88240814208984, 17.787734985351562, 132.17657470703125
11.39619255065918, 27.171710968017578, 0.9854034781455994, -44.226409912109375, -57.786407470703125, -0.09084168821573257, 67.3087158203125, 97.74882507324219
13.073689460754395, 21.39327049255371, -13.671019554138184, -64.0126724243164, -27.51559066772461, 52.253238677978516, 68.79295349121094, 4.233490467071533
13.692525863647461, 16.37523078918457, -27.83663558959961, -51.091773986816406, 10.910404205322266, 78.3006362915039, 24.380470275878906, -59.926605224609375
14.284995079040527, 8.56059741973877, -32.65534591674805, -34.77463912963867, 46.35975646972656, 50.98200988769531, -52.59498596191406, -139.1905975341797
13.805562973022461, 2.280128002166748, -38.66862869262695, -4.915590286254883, 75.23665618896484, 11.145299911499023, -85.6934814453125, -15.309195518493652
14.669577598571777, -5.155302047729492, -41.81812286376953, 22.09429168701172, 49.035545349121094, -52.144012451171875, -88.45263671875, 113.91158294677734
14.544445037841797, -11.972497940063477, -33.33091735839844, 46.09307098388672, 26.798662185668945, -67.44055938720703, 4.7071661949157715, 84.17870330810547
12.967547416687012, -19.065502166748047, -24.504182815551758, 62.30952453613281, -11.774599075317383, -76.61930084228516, 70.82978057861328, 40.649208068847656
12.936066627502441, -23.171585083007812, -6.990207672119141, 58.670982360839844, -50.00625228881836, -18.23396873474121, 100.20413208007812, -101.61064147949219
12.159393310546875, -24.544029235839844, 10.302840232849121, 44.07283020019531, -83.85755920410156, 48.01728057861328, 51.63374710083008, -118.95658874511719
11.23892593383789, -27.748735427856445, 25.32512664794922, 12.194974899291992, -76.91368865966797, 92.90966033935547, -41.01841354370117, -47.80962371826172
9.943574905395508, -26.170045852661133, 33.8507194519043, -13.096711158752441, -23.286518096923828, 76.41187286376953, -108.58221435546875, 63.75038528442383
8.70936107635498, -28.528806686401367, 45.78662109375, -42.742149353027344, 12.517531394958496, 37.40559005737305, -104.94879913330078, 122.86141967773438
6.708906650543213, -24.023357391357422, 36.9977912902832, -58.06871032714844, 42.10210418701172, -38.35630798339844, -8.822587966918945, 75.89204406738281
5.192816734313965, -17.04558753967285, 39.06478500366211, -62.43980407714844, 65.3865737915039, -93.1512680053711, 68.31909942626953, -31.974018096923828
3.650958299636841, -12.955530166625977, 24.758583068847656, -36.50618362426758, 63.45547103881836, -76.69709014892578, 129.2288818359375, -142.63790893554688
1.8457380533218384, -5.384622573852539, 12.941898345947266, -19.44565773010254, 26.021493911743164, -32.70015335083008, 64.07286834716797, -61.78737258911133
-2.7526725690507625e-11, 1.4823466539382935, -4.593521595001221, 9.118936538696289, -15.450145721435547, 15.8417329788208, -20.896804809570312, 52.14174270629883
-1.7388769388198853, 8.7698974609375, -20.335769653320312, 30.374820709228516, -44.52149963378906, 52.05618667602539, -76.584228515625, 68.74842071533203
-3.355283260345459, 14.415066719055176, -31.598543167114258, 51.362457275390625, -70.4849624633789, 67.8567886352539, -89.03924560546875, 99.68817138671875
-5.100124835968018, 20.847007751464844, -35.3102912902832, 53.704917907714844, -66.03536224365234, 52.805686950683594, -24.89035987854004, -25.872156143188477
-6.690334320068359, 22.85164451599121, -41.01393127441406, 53.23560333251953, -29.52140998840332, -9.929308891296387, 52.20665740966797, -74.33646392822266
-8.517558097839355, 27.097631454467773, -36.13725280761719, 25.866470336914062, 12.033867835998535, -75.00401306152344, 81.93803405761719, -87.66169738769531
-9.470653533935547, 25.620344161987305, -31.794912338256836, -1.6491761207580566, 50.25693130493164, -90.92984008789062, 70.53726196289062, 6.94700813293457
-10.806985855102539, 29.978145599365234, -18.211780548095703, -25.274572372436523, 87.79293823242188, -44.74981689453125, -21.823305130004883, 86.29325866699219
-12.334480285644531, 27.35538101196289, -1.056731939315796, -57.24254608154297, 55.91987609863281, -0.1003439649939537, -79.75850677490234, 66.91472625732422
-12.643694877624512, 21.080913543701172, 15.320348739624023, -62.10096740722656, 22.62448501586914, 43.90873718261719, -96.7719955444336, 2.0898048877716064
-13.376991271972656, 16.994836807250977, 30.122194290161133, -52.46202850341797, -11.710445404052734, 95.9605712890625, -28.856122970581055, -68.38288116455078
-13.936971664428711, 9.045680046081543, 35.70923614501953, -29.93401527404785, -57.458702087402344, 53.90373992919922, 64.64823150634766, -76.13079833984375
-13.564610481262207, 2.296281576156616, 36.768394470214844, -6.119171142578125, -83.0748519897461, 7.962331771850586, 76.18767547607422, -17.417343139648438
-14.503400802612305, -4.991051197052002, 38.851566314697266, 21.07766342163086, -70.80899047851562, -36.17885971069336, 57.264732360839844, 51.94344711303711
-14.28603458404541, -11.113118171691895, 36.957916259765625, 52.737857818603516, -32.032596588134766, -73.95779418945312, -6.440419673919678, 147.4644012451172
-13.22465991973877, -16.769309997558594, 20.87809944152832, 64.79258728027344, 12.669252395629883, -70.98555755615234, -80.43870544433594, 34.2989501953125
-12.835201263427734, -24.478626251220703, 5.821354389190674, 45.24089050292969, 64.87802124023438, -16.29495620727539, -99.92493438720703, -98.31583404541016
-12.471043586730957, -28.034025192260742, -10.713295936584473, 40.38621139526367, 84.75747680664062, 32.60612487792969, -38.52265930175781, -153.9283447265625
-11.285667419433594, -30.419178009033203, -24.892581939697266, 13.33121395111084, 72.64148712158203, 84.0272445678711, 49.02186965942383, -28.582826614379883
-9.656720161437988, -27.505006790161133, -32.98065185546875, -17.946632385253906, 28.412220001220703, 81.75202941894531, 123.97289276123047, 86.46879577636719
-8.340476036071777, -24.925451278686523, -45.67624282836914, -45.08153533935547, -14.60288143157959, 31.044282913208008, 65.51524353027344, 155.44692993164062
-6.71376895904541, -25.226808547973633, -37.296932220458984, -53.743404388427734, -58.22245407104492, -22.627573013305664, 8.297921180725098, 51.45167541503906
-5.263640403747559, -16.738618850708008, -36.21345520019531, -47.131412506103516, -71.27128601074219, -57.410953521728516, -64.12931823730469, -57.03184127807617
-3.345649242401123, -11.59937572479248, -24.391860961914062, -37.18992233276367, -69.64634704589844, -65.39354705810547, -108.69222259521484, -127.2002944946289
-1.6862010955810547, -5.404185771942139, -11.335265159606934, -20.794368743896484, -27.844940185546875, -41.081939697265625, -61.460304260253906, -53.642032623291016
2.8917620034651925e-11, 1.5036470890045166, 4.851478576660156, 9.000239372253418, 12.084324836730957, 18.905818939208984, 34.2894172668457, 30.96656608581543
1.7115209102630615, 8.567944526672363, 21.16391372680664, 28.974857330322266, 49.59630584716797, 64.04631042480469, 63.69554138183594, 119.85781860351562
3.6395530700683594, 14.58928108215332, 36.34027862548828, 53.54508972167969, 55.336212158203125, 67.55323028564453, 114.19941711425781, 76.0448989868164
5.226043701171875, 22.16676139831543, 36.83086395263672, 62.77898025512695, 59.518768310546875, 54.33713150024414, 15.619332313537598, -26.42771339416504
6.943628311157227, 22.63058090209961, 41.81603240966797, 52.85410690307617, 32.890907287597656, -11.646697998046875, -59.94755935668945, -140.03627014160156
8.509157180786133, 26.042551040649414, 39.241207122802734, 22.045578002929688, -15.057657241821289, -70.36370849609375, -72.22869873046875, -87.97233581542969
10.148167610168457, 25.641761779785156, 30.51041030883789, -1.4261749982833862, -41.61792755126953, -77.87406158447266, -56.12705993652344, 10.822580337524414
11.178390502929688, 29.5775089263916, 14.91420841217041, -25.19729232788086, -69.95001983642578, -47.00706481933594, 18.773723602294922, 80.59943389892578
11.67061710357666, 23.622602462768555, 1.2367033958435059, -56.96907043457031, -58.12522506713867, -0.08436813205480576, 96.48198699951172, 109.53236389160156
13.076594352722168, 19.822635650634766, -14.224873542785645, -52.404441833496094, -27.4608154296875, 67.9697494506836, 118.90544128417969, 2.080265522003174
13.438590049743652, 15.563821792602539, -29.910856246948242, -49.64126205444336, 14.769712448120117, 98.1279525756836, 31.08030128479004, -68.12860870361328
13.369361877441406, 8.419262886047363, -39.95432662963867, -36.61638259887695, 40.20106506347656, 49.19861602783203, -56.520172119140625, -121.90888214111328
14.523938179016113, 2.0991933345794678, -43.9072380065918, -5.935371398925781, 56.54494857788086, 13.58437728881836, -110.94844055175781, -20.23885154724121
13.536961555480957, -4.889769077301025, -35.10150909423828, 23.42139434814453, 46.832950592041016, -55.70802688598633, -69.13301086425781, 59.39951705932617
13.626662254333496, -11.447612762451172, -32.56969451904297, 44.38014602661133, 22.614307403564453, -72.92362213134766, 5.7427449226379395, 126.69633483886719
13.452932357788086, -17.169851303100586, -21.36029815673828, 51.866512298583984, -12.55052661895752, -70.49626922607422, 76.75318908691406, 22.58135414123535
12.735308647155762, -23.18695640563965, -5.809717655181885, 60.81575012207031, -49.894412994384766, -25.25235939025879, 67.58255004882812, -103.8503189086914
12.310486793518066, -25.951766967773438, 10.199956893920898, 41.057334899902344, -65.59691619873047, 50.678443908691406, 30.064599990844727, -124.43197631835938
10.431918144226074, -26.79094123840332, 26.152320861816406, 13.4021635055542, -47.58444595336914, 85.88583374023438, -47.49256134033203, -54.194461822509766
10.141164779663086, -26.030590057373047, 32.30034637451172, -17.944381713867188, -35.364837646484375, 64.79015350341797, -67.95062255859375, 60.20924758911133
8.522944450378418, -26.35704231262207, 37.79810333251953, -37.09434127807617, 13.51518440246582, 24.203535079956055, -61.383201599121094, 72.03059387207031
6.750091075897217, -23.57863998413086, 35.76573181152344, -59.16366958618164, 53.99519729614258, -38.51491165161133, -7.967398643493652, 35.36235809326172
5.319065093994141, -19.00437355041504, 32.34181594848633, -58.37004089355469, 75.90322875976562, -54.30207443237305, 79.80827331542969, -32.99072265625
3.4334044456481934, -13.278042793273926, 26.854103088378906, -35.98555374145508, 58.793148040771484, -56.9411735534668, 96.59397888183594, -153.136962890625
1.7299185991287231, -6.205670356750488, 12.992918014526367, -21.297962188720703, 26.392724990844727, -29.443552017211914, 45.824241638183594, -84.93359375
-2.9232487958053e-11, 1.2943845987319946, -4.016595840454102, 8.039260864257812, -15.010173797607422, 17.44794464111328, -24.037765502929688, 27.169130325317383
-1.696781873703003, 8.976661682128906, -17.09093475341797, 31.879926681518555, -60.375694274902344, 88.7274398803711, -84.87022399902344, 147.03062438964844
-3.6292989253997803, 16.258703231811523, -32.96787643432617, 48.37975311279297, -63.03169250488281, 87.44157409667969, -60.9924201965332, 81.45173645019531
-5.465987682342529, 19.092514038085938, -36.62787628173828, 63.34366226196289, -61.47941207885742, 62.81834030151367, -13.21445369720459, -30.819053649902344
-6.590170860290527, 23.256412506103516, -42.70405578613281, 40.658870697021484, -35.8973274230957, -10.596802711486816, 51.90510559082031, -130.70443725585938
-8.390247344970703, 26.704172134399414, -43.739662170410156, 22.866941452026367, 14.030823707580566, -63.16517639160156, 112.6481704711914, -79.15802764892578
-9.572590827941895, 30.497554779052734, -25.50412368774414, -1.511030673980713, 62.79816818237305, -93.47937774658203, 59.5428581237793, 13.72600269317627
-10.570594787597656, 28.301349639892578, -17.23673439025879, -28.440237045288086, 56.93042755126953, -59.543968200683594, -21.073566436767578, 76.85760498046875
-11.437776565551758, 24.30674171447754, -0.9742124676704407, -51.11252975463867, 67.0176773071289, -0.14272244274616241, -74.97550201416016, 111.36907196044922
-13.102120399475098, 19.080766677856445, 13.14330768585205, -62.291168212890625, 30.985105514526367, 62.02895736694336, -93.74668884277344, 3.363677501678467
-13.307916641235352, 16.236160278320312, 30.087411880493164, -45.83748245239258, -11.83590030670166, 88.25907897949219, -31.567440032958984, -126.48471069335938
-14.510601997375488, 8.507925033569336, 39.915611267089844, -27.3023681640625, -42.13280487060547, 60.58826446533203, 57.96211624145508, -120.35214233398438
-14.28111743927002, 1.9589040279388428, 40.16593933105469, -5.424689292907715, -84.31416320800781, 9.556425094604492, 78.56181335449219, -12.72497272491455
-14.126620292663574, -5.150526523590088, 45.12067413330078, 22.67652702331543, -59.68623352050781, -53.950965881347656, 49.809295654296875, 65.7498550415039
-13.21452808380127, -12.133598327636719, 29.494197845458984, 51.30242919921875, -29.32222557067871, -89.47435760498047, -5.423447132110596, 113.4472427368164
-14.084250450134277, -18.280603408813477, 18.2927303314209, 60.12506103515625, 11.965433120727539, -76.3736572265625, -100.69784545898438, 27.776546478271484
-13.035533905029297, -24.343900680541992, 6.471152305603027, 47.27841567993164, 46.60932540893555, -24.493263244628906, -83.4349594116211, -77.15824890136719
-12.288567543029785, -26.285259246826172, -8.718774795532227, 32.35889434814453, 56.063655853271484, 48.82756042480469, -55.37004852294922, -114.70024108886719
-10.735196113586426, -27.30166244506836, -27.076921463012695, 11.302666664123535, 64.17744445800781, 79.41603088378906, 27.29566192626953, -36.29557418823242
-9.701042175292969, -25.313472747802734, -33.494022369384766, -18.19649314880371, 23.239154815673828, 95.5677261352539, 86.62787628173828, 86.87120056152344
-8.395597457885742, -25.41581916809082, -44.03063201904297, -37.507301330566406, -15.140499114990234, 22.238901138305664, 54.10203552246094, 78.39666748046875
-6.787552356719971, -22.77530860900879, -44.7827262878418, -46.56550216674805, -42.591739654541016, -26.530513763427734, 5.70576810836792, 46.23554611206055
-4.998363018035889, -19.200685501098633, -34.73786163330078, -60.387393951416016, -87.64997100830078, -69.76876068115234, -57.67034912109375, -65.31755065917969
-3.3647146224975586, -12.785888671875, -25.101097106933594, -47.64289474487305, -47.78043746948242, -80.8663558959961, -132.28219604492188, -71.62468719482422
-1.720003604888916, -5.296055793762207, -11.164613723754883, -21.589933395385742, -28.44330596923828, -43.761016845703125, -49.424278259277344, -83.16654968261719
2.9383662170090474e-11, 1.4437487125396729, 4.8406267166137695, 9.008079528808594, 13.890311241149902, 23.12312126159668, 31.708059310913086, 53.988956451416016
1.774075984954834, 8.207914352416992, 21.999074935913086, 28.93067169189453, 49.54356384277344, 77.87551879882812, 87.09073638916016, 140.07327270507812
3.453068971633911, 14.030220031738281, 33.80953598022461, 52.24601745605469, 54.71735382080078, 90.29898071289062, 69.37969970703125, 77.13404083251953
5.076023101806641, 20.06930160522461, 41.34330368041992, 61.53117370605469, 66.10696411132812, 47.49428939819336, 17.217082977294922, -30.580772399902344
7.148445129394531, 23.375648498535156, 44.90044021606445, 41.93283462524414, 24.23668098449707, -9.39808177947998, -56.37157440185547, -100.0311508178711
8.101675033569336, 29.81088638305664, 42.64480972290039, 25.676204681396484, -15.323417663574219, -72.55260467529297, -103.17742919921875, -111.85617065429688
9.547529220581055, 30.545602798461914, 29.864805221557617, -1.5226213932037354, -46.32401657104492, -105.45441436767578, -65.75117492675781, 11.00107192993164
11.070087432861328, 26.007278442382812, 16.44993782043457, -28.049039840698242, -86.18955993652344, -58.01679229736328, 11.905558586120605, 64.37474060058594
11.699219703674316, 25.48456382751465, 1.0512378215789795, -44.88070297241211, -68.81034088134766, -0.1296733021736145, 61.741886138916016, 73.9164047241211
13.34611988067627, 19.843978881835938, -14.577044486999512, -57.243324279785156, -25.248685836791992, 57.9203987121582, 86.73896789550781, 3.659358501434326
13.738287925720215, 16.472929000854492, -30.410808563232422, -50.45796585083008, 13.146599769592285, 63.28787612915039, 37.008155822753906, -112.16038513183594
13.74809741973877, 9.605714797973633, -39.12812042236328, -29.29047393798828, 46.58420181274414, 65.14630889892578, -59.42090606689453, -103.34169006347656
13.853350639343262, 2.039109945297241, -45.624290466308594, -6.350742816925049, 86.8088150024414, 11.964165687561035, -128.42665100097656, -18.093738555908203
13.666930198669434, -4.830819606781006, -40.09800338745117, 19.019542694091797, 51.668033599853516, -43.44291687011719, -72.30772399902344, 67.03549194335938
13.84684944152832, -12.125947952270508, -28.705690383911133, 42.469215393066406, 28.85511016845703, -88.04324340820312, 3.1478259563446045, 83.3704833984375
13.062448501586914, -17.072431564331055, -18.21953582763672, 49.2354736328125, -13.782343864440918, -78.46121978759766, 57.239349365234375, 34.68375015258789
12.662678718566895, -22.451560974121094, -6.452132225036621, 49.40182876586914, -58.56752395629883, -25.121030807495117, 126.75065612792969, -78.31905364990234
12.195255279541016, -26.980857849121094, 10.044443130493164, 43.21782302856445, -53.979881286621094, 32.670623779296875, 32.77061462402344, -113.35872650146484
10.994729995727539, -27.212926864624023, 25.601966857910156, 12.406942367553711, -68.3539810180664, 63.184696197509766, -44.05186462402344, -46.2590217590332
9.684815406799316, -29.186899185180664, 30.78619384765625, -15.9959716796875, -24.828025817871094, 81.97042846679688, -97.66932678222656, 66.40373992919922
7.961078643798828, -27.078176498413086, 45.8355712890625, -44.06493377685547, 10.747119903564453, 36.91817855834961, -58.40242004394531, 113.46064758300781
6.73932409286499, -22.89636993408203, 36.10992431640625, -53.42008590698242, 40.087764739990234, -32.22559356689453, -6.615819454193115, 38.687042236328125
5.281429290771484, -18.744218826293945, 35.74036407470703, -57.776832580566406, 67.661865234375, -55.87041091918945, 81.152099609375, -60.2562370300293
3.6385409832000732, -13.561956405639648, 22.829805374145508, -50.942386627197266, 54.645263671875, -96.21036529541016, 83.02734375, -134.46066284179688
1.7557123899459839, -5.284876823425293, 11.453352928161621, -17.76461410522461, 35.1572380065918, -37.53287124633789, 72.01451110839844, -74.8332748413086
-2.899374317022474e-11, 1.2941572666168213, -4.806567192077637, 9.911895751953125, -15.630577087402344, 18.83061981201172, -29.110246658325195, 47.25071334838867
-1.7126119136810303, 8.171070098876953, -17.141176223754883, 27.651512145996094, -42.61434555053711, 56.2543830871582, -93.94073486328125, 110.92300415039062
-3.3513917922973633, 13.656744003295898, -33.128700256347656, 43.869197845458984, -70.78362274169922, 60.01844024658203, -114.74991607666016, 110.49323272705078
-5.260218620300293, 19.9698486328125, -43.339996337890625, 62.18829345703125, -63.619873046875, 60.12511444091797, -17.285118103027344, -32.959373474121094
-6.974671840667725, 26.143014907836914, -46.01008224487305, 44.9903450012207, -25.345069885253906, -13.25810718536377, 55.58767318725586, -147.65773010253906
-8.187314987182617, 24.734220504760742, -42.18256378173828, 31.057008743286133, 11.896706581115723, -54.240196228027344, 81.4321517944336, -66.72183990478516
-9.968000411987305, 28.872859954833984, -32.63841247558594, -1.531702995300293, 43.35469436645508, -95.33036804199219, 42.051631927490234, 8.564990997314453
-10.698060035705566, 26.61431884765625, -16.99457550048828, -29.804704666137695, 58.251827239990234, -43.500370025634766, -12.110796928405762, 134.76190185546875
-12.203179359436035, 26.654556274414062, -1.073946237564087, -48.456085205078125, 73.0791244506836, -0.1444087028503418, -114.80192565917969, 110.95455169677734
-12.367449760437012, 19.203493118286133, 16.73560333251953, -46.66266632080078, 28.145288467407227, 58.56414031982422, -65.2760238647461, 3.9293322563171387
-14.114873886108398, 14.758042335510254, 24.72772979736328, -47.664615631103516, -10.822286605834961, 60.755001068115234, -26.872289657592773, -84.85822296142578
-14.386021614074707, 9.682120323181152, 34.72427749633789, -29.95473289489746, -39.19123077392578, 56.42051696777344, 54.67123794555664, -100.26119995117188
-13.985516548156738, 2.3000478744506836, 38.81964874267578, -5.714940071105957, -67.73810577392578, 11.338288307189941, 105.53414154052734, -19.480377197265625
-13.634198188781738, -5.362660884857178, 45.00175476074219, 20.835155487060547, -59.00019454956055, -56.335166931152344, 62.86774444580078, 68.51319885253906
-14.347061157226562, -12.282780647277832, 29.194711685180664, 51.673465728759766, -29.201080322265625, -95.83708190917969, -5.5973801612854, 76.82118225097656
-13.973159790039062, -16.171630859375, 20.99962043762207, 50.250091552734375, 11.613626480102539, -56.94781494140625, -70.4468765258789, 32.96116256713867
-13.098905563354492, -22.45033073425293, 6.741971492767334, 51.249542236328125, 58.136749267578125, -26.90964698791504, -97.80150604248047, -51.32364273071289
-11.551029205322266, -25.914962768554688, -8.289934158325195, 38.49198532104492, 53.21963119506836, 37.42769241333008, -37.078243255615234, -149.24844360351562
-10.570709228515625, -26.481245040893555, -25.326210021972656, 12.913423538208008, 57.75933837890625, 64.99552154541016, 36.42484664916992, -39.08535385131836
-9.526850700378418, -27.121810913085938, -36.93525314331055, -15.171186447143555, 22.525001525878906, 63.69833755493164, 76.89568328857422, 53.21182632446289
-8.218694686889648, -25.953269958496094, -38.24748229980469, -42.85874557495117, -11.724335670471191, 31.799001693725586, 63.780975341796875, 107.44991302490234
-6.486186504364014, -20.988719940185547, -40.87020492553711, -62.19110107421875, -61.7379264831543, -37.240570068359375, 6.256831645965576, 63.104984283447266
-5.033368110656738, -17.66323471069336, -33.423133850097656, -44.90748596191406, -71.16506958007812, -81.66595458984375, -78.94742584228516, -63.139007568359375
-3.3772475719451904, -12.929951667785645, -26.060110092163086, -39.98201370239258, -47.680240631103516, -102.82305908203125, -112.28730773925781, -137.64651489257812
-1.7528936862945557, -5.889182090759277, -12.850061416625977, -18.05052947998047, -27.002201080322266, -48.17875671386719, -47.75300598144531, -65.39274597167969
2.8332015553078627e-11, 1.39191472530365, 3.7614457607269287, 8.848501205444336, 13.04052734375, 16.305757522583008, 23.10507583618164, 46.505348205566406
1.7039684057235718, 8.717643737792969, 20.978374481201172, 34.674072265625, 41.32609176635742, 61.18362045288086, 86.72413635253906, 70.83563995361328
3.4599828720092773, 15.740314483642578, 29.02161979675293, 58.004539489746094, 58.715415954589844, 74.18074035644531, 104.03633117675781, 105.11485290527344
5.307955265045166, 20.700340270996094, 34.28153991699219, 51.39556121826172, 64.9153060913086, 44.255775451660156, 14.923012733459473, -33.39226150512695
7.0787763595581055, 26.680431365966797, 45.198974609375, 55.83119583129883, 32.20497512817383, -11.312847137451172, -74.33515930175781, -105.34877014160156
8.2808837890625, 28.065763473510742, 33.27027130126953, 24.383115768432617, -15.811655044555664, -78.81489562988281, -116.98844146728516, -63.77851867675781
10.02764892578125, 29.193605422973633, 29.911460876464844, -1.5145097970962524, -48.880516052246094, -80.18971252441406, -45.41026306152344, 8.32573127746582
10.895508766174316, 29.64177894592285, 16.747316360473633, -31.81270408630371, -61.708492279052734, -44.04646682739258, 22.97110366821289, 95.86167907714844
11.752708435058594, 25.35213279724121, 0.9575884938240051, -56.690765380859375, -63.7151985168457, -0.12614601850509644, 88.54681396484375, 73.2127456665039
12.588135719299316, 21.96579933166504, -13.215522766113281, -58.726104736328125, -24.754871368408203, 47.3792724609375, 86.87639617919922, 3.419318675994873
13.421308517456055, 14.116394996643066, -29.487443923950195, -46.97600173950195, 14.628564834594727, 107.65867614746094, 28.478830337524414, -106.63623809814453
13.314876556396484, 8.821274757385254, -40.27821350097656, -31.72417449951172, 62.25283432006836, 51.6191291809082, -46.865020751953125, -114.23077392578125
13.6423921585083, 2.333806276321411, -41.71976089477539, -5.735523700714111, 54.64851379394531, 7.717543125152588, -104.67398834228516, -10.916853904724121
14.743034362792969, -5.363713264465332, -35.28633499145508, 22.966577529907227, 71.54061126708984, -36.811222076416016, -87.68303680419922, 78.79532623291016
14.285815238952637, -12.882515907287598, -37.97711944580078, 40.97455978393555, 32.983150482177734, -78.57304382324219, 5.476638317108154, 74.81954193115234
13.09088134765625, -18.821287155151367, -18.405216217041016, 65.62760162353516, -12.25898265838623, -72.39019775390625, 97.3249282836914, 38.57205581665039
12.753619194030762, -23.14808464050293, -6.069611072540283, 63.09519577026367, -59.21586608886719, -16.601730346679688, 84.82905578613281, -66.46521759033203
12.230157852172852, -23.744365692138672, 8.735228538513184, 44.67698287963867, -67.1036605834961, 29.709701538085938, 32.40449905395508, -155.99508666992188
10.908589363098145, -25.784521102905273, 26.81230926513672, 13.905511856079102, -60.492088317871094, 102.3522720336914, -26.78367805480957, -42.424686431884766
9.777775764465332, -28.746828079223633, 31.117229461669922, -17.654624938964844, -24.05067253112793, 93.5752182006836, -73.13177490234375, 79.08782958984375
8.218865394592285, -27.93720054626465, 35.81418991088867, -46.405948638916016, 13.741836547851562, 34.80393981933594, -94.65825653076172, 155.90333557128906
7.091861248016357, -21.331588745117188, 47.53768539428711, -54.04160690307617, 60.89454650878906, -24.155147552490234, -10.094416618347168, 42.5795783996582
5.352619647979736, -18.825611114501953, 35.4553337097168, -63.890872955322266, 85.83132934570312, -55.44293975830078, 87.69579315185547, -64.16879272460938
3.418456554412842, -11.487903594970703, 22.77625274658203, -39.48629379272461, 75.38694763183594, -57.701866149902344, 98.03653717041016, -146.8606414794922
1.8178942203521729, -5.554780960083008, 11.032845497131348, -18.16367530822754, 33.859214782714844, -39.262062072753906, 41.76857376098633, -59.919498443603516
-3.0308880405449656e-11, 1.3413172960281372, -3.8641810417175293, 7.586391925811768, -13.673062324523926, 25.567989349365234, -21.674270629882812, 52.014347076416016
-1.7497279644012451, 7.947857856750488, -18.055749893188477, 32.32665252685547, -49.591522216796875, 72.20912170410156, -70.48210906982422, 116.67230224609375
-3.4327452182769775, 14.564891815185547, -35.19857406616211, 61.340702056884766, -70.83097076416016, 62.913394927978516, -67.67792510986328, 95.57028198242188
-4.968038558959961, 20.230405807495117, -39.765777587890625, 59.27046203613281, -72.65701293945312, 38.338653564453125, -23.284147262573242, -24.893428802490234
-7.113406181335449, 23.043209075927734, -39.4893684387207, 46.828800201416016, -27.986726760864258, -9.20428466796875, 83.2910385131836, -125.81240844726562
-8.558326721191406, 29.597909927368164, -43.69778060913086, 30.088577270507812, 16.482404708862305, -70.48379516601562, 102.30623626708984, -56.403472900390625
-9.878653526306152, 27.04048728942871, -28.081375122070312, -1.15703284740448, 49.124420166015625, -89.66655731201172, 79.12407684326172, 7.592276096343994
-11.044646263122559, 28.186458587646484, -14.64794635772705, -24.954092025756836, 71.3694076538086, -50.70631408691406, -20.794721603393555, 102.71700286865234
-12.216419219970703, 25.391298294067383, -1.0097638368606567, -43.36992263793945, 57.204376220703125, -0.1354452669620514, -61.64665222167969, 121.36327362060547
-13.24134635925293, 22.093000411987305, 13.631124496459961, -49.9703483581543, 24.892383575439453, 54.403812408447266, -83.4008560180664, 2.8795013427734375
-14.077692985534668, 15.012256622314453, 30.288681030273438, -49.247989654541016, -11.206515312194824, 69.12277221679688, -27.130306243896484, -82.81954193115234
-13.880613327026367, 1.947094440460205, 44.57086944580078, -4.7575459480285645, -85.49858856201172, 10.823413848876953, 97.50712585449219, -19.98509407043457
-14.2817964553833, -4.455353260040283, 41.4923210144043, 23.73687744140625, -76.59217834472656, -51.55351257324219, 63.80779266357422, 78.99405670166016
-14.281293869018555, -11.65733528137207, 29.297861099243164, 38.251468658447266, -24.984210968017578, -59.03329086303711, -3.6874115467071533, 103.12503814697266
-13.128511428833008, -17.194366455078125, 19.612817764282227, 55.75112533569336, 15.372298240661621, -70.65890502929688, -62.32295608520508, 31.9860782623291
-12.711113929748535, -22.02532386779785, 6.484818458557129, 55.017887115478516, 64.9422607421875, -25.686655044555664, -63.63861083984375, -86.3248291015625
-11.560669898986816, -28.550716400146484, -10.467689514160156, 32.23896789550781, 71.83279418945312, 42.824947357177734, -58.60280990600586, -68.61154174804688
-10.786988258361816, -27.379928588867188, -21.216083526611328, 14.569991111755371, 56.745361328125, 104.80665588378906, 49.4569091796875, -55.26465606689453
-9.648171424865723, -29.497859954833984, -39.496177673339844, -14.859601020812988, 24.918254852294922, 59.17237091064453, 97.59075927734375, 79.61139678955078
-8.68529224395752, -24.120304107666016, -45.028079986572266, -37.5988655090332, -14.736757278442383, 22.92586898803711, 66.34025573730469, 150.0711212158203
-7.112773418426514, -20.861513137817383, -40.76819610595703, -54.12453842163086, -47.60642623901367, -37.03493118286133, 6.698951244354248, 60.90558624267578
-5.311881065368652, -18.746828079223633, -37.79460525512695, -65.74214172363281, -79.3670883178711, -79.22714233398438, -74.68524932861328, -67.63651275634766
-3.4860010147094727, -11.95406436920166, -28.051254272460938, -49.01465606689453, -63.94590377807617, -86.7794418334961, -85.72367858886719, -135.29054260253906
-1.7903730869293213, -6.104820251464844, -11.921008110046387, -19.579570770263672, -28.672454833984375, -42.30171585083008, -61.100364685058594, -88.8172378540039
2.8346503963549985e-11, 1.4647401571273804, 4.113654136657715, 10.080951690673828, 11.110570907592773, 26.680238723754883, 31.734127044677734, 34.96537399291992
1.696966290473938, 7.9110541343688965, 17.443347930908203, 28.23672866821289, 50.2054557800293, 73.38324737548828, 109.97714233398438, 138.4009246826172
3.4552695751190186, 15.112460136413574, 36.529579162597656, 61.86719512939453, 59.57402801513672, 60.17298889160156, 92.60526275634766, 102.68546295166016
5.1632843017578125, 18.608861923217773, 36.938846588134766, 50.886417388916016, 51.37202072143555, 46.272098541259766, 16.393098831176758, -19.91192054748535
6.669808864593506, 23.825952529907227, 38.55046844482422, 54.00099182128906, 29.58094024658203, -12.473817825317383, -46.61172866821289, -77.26018524169922
8.527983665466309, 25.877782821655273, 35.75941467285156, 24.91773223876953, -17.05484390258789, -76.28982543945312, -131.3623504638672, -72.20276641845703
9.244342803955078, 30.32981300354004, 29.390758514404297, -1.5682636499404907, -58.889854431152344, -92.86795043945312, -56.04923629760742, 15.326651573181152
10.945585250854492, 29.961198806762695, 15.363783836364746, -33.31732940673828, -76.32569122314453, -68.87123107910156, 18.54096221923828, 60.9636116027832
12.347265243530273, 23.568429946899414, 0.9844241142272949, -57.25520706176758, -62.80377197265625, -0.11239158362150192, 114.6148452758789, 91.07769012451172
13.300107955932617, 19.14984130859375, -16.725914001464844, -56.273155212402344, -31.278278350830078, 62.80461502075195, 120.40130615234375, 3.150087833404541
13.117703437805176, 16.1774959564209, -27.566755294799805, -58.853981018066406, 13.10381031036377, 93.06111907958984, 42.085575103759766, -111.9456558227539
13.548473358154297, 9.622824668884277, -38.74648666381836, -28.75838279724121, 55.00464630126953, 79.6629638671875, -45.4990119934082, -125.90191650390625
14.235002517700195, 2.261312961578369, -40.41079330444336, -5.175779342651367, 55.46574401855469, 8.646607398986816, -100.68754577636719, -19.73897361755371
14.187264442443848, -5.091644287109375, -35.374351501464844, 23.91251564025879, 65.6431884765625, -44.00225067138672, -89.13573455810547, 67.21492767333984
13.668251991271973, -12.276840209960938, -31.564563751220703, 48.96733856201172, 35.71661376953125, -61.0203742980957, 6.4788031578063965, 105.44783782958984
12.90345287322998, -16.285600662231445, -18.759410858154297, 61.95149612426758, -16.702791213989258, -71.22433471679688, 84.10636901855469, 26.347753524780273
12.261067390441895, -21.388561248779297, -6.493445873260498, 44.872337341308594, -56.90543746948242, -17.96061897277832, 89.44886779785156, -80.57035064697266
12.2576265335083, -24.101776123046875, 10.056427001953125, 37.22978210449219, -66.49003601074219, 46.148345947265625, 46.30268478393555, -155.83795166015625
11.06080150604248, -27.269474029541016, 23.264089584350586, 10.976858139038086, -57.716941833496094, 70.80715942382812, -27.7542781829834, -44.29533386230469
9.274340629577637, -30.014862060546875, 34.62565231323242, -18.465618133544922, -28.11774253845215, 76.60027313232422, -95.2597427368164, 60.233665466308594
7.909904956817627, -27.256275177001953, 44.431949615478516, -46.61491012573242, 15.982282638549805, 31.908159255981445, -90.303955078125, 91.33979797363281
7.026228427886963, -23.07387351989746, 47.48579788208008, -50.44992446899414, 44.9541015625, -33.35321044921875, -6.794332981109619, 38.54043197631836
5.347026348114014, -16.51396942138672, 39.347476959228516, -60.862281799316406, 79.97776794433594, -93.74432373046875, 74.73737335205078, -58.283931732177734
3.661252021789551, -12.288681983947754, 27.48038673400879, -44.396873474121094, 75.60942840576172, -99.90621185302734, 75.94524383544922, -118.6900405883789
1.8127753734588623, -5.880265712738037, 12.075484275817871, -16.444047927856445, 35.687530517578125, -41.655906677246094, 62.79724884033203, -56.56448745727539
-2.8142916816409347e-11, 1.3730260133743286, -4.698474884033203, 8.882905960083008, -11.724061012268066, 19.679834365844727, -22.207490921020508, 43.40578842163086
-1.7229657173156738, 8.455135345458984, -18.256620407104492, 36.229557037353516, -54.70010757446289, 85.82935333251953, -69.84024047851562, 73.0239028930664
-3.3935441970825195, 13.627323150634766, -33.597984313964844, 50.82964324951172, -87.45072174072266, 104.82769775390625, -76.50929260253906, 66.00017547607422
-4.999378204345703, 19.15753746032715, -37.974884033203125, 62.91971969604492, -67.71160125732422, 44.57354736328125, -15.872575759887695, -34.166259765625
-6.597871780395508, 22.678709030151367, -36.23311996459961, 46.126224517822266, -28.452104568481445, -11.213175773620605, 78.56707763671875, -139.8486328125
-8.38155460357666, 28.28245735168457, -43.666351318359375, 25.801044464111328, 11.590649604797363, -70.63435363769531, 122.22106170654297, -115.6275405883789
-9.205747604370117, 27.625511169433594, -31.42957878112793, -1.16868257522583, 61.115055084228516, -90.37781524658203, 42.923614501953125, 13.02771282196045
-10.993890762329102, 28.044458389282227, -15.788460731506348, -28.104978561401367, 66.97762298583984, -72.20394134521484, -16.604488372802734, 120.04859924316406
-11.59583854675293, 23.4632568359375, -0.9831432104110718, -48.24303436279297, 60.99729919433594, -0.1276990920305252, -113.85245513916016, 61.794151306152344
-13.253786087036133, 22.315088272094727, 14.257181167602539, -63.452392578125, 31.695592880249023, 41.831031799316406, -77.49708557128906, 2.092254161834717
-12.979900360107422, 14.411238670349121, 27.45834732055664, -46.51172637939453, -12.81540584564209, 68.10098266601562, -39.4155387878418, -86.7027816772461
-13.253746032714844, 8.654580116271973, 38.863319396972656, -27.55098533630371, -56.52775573730469, 61.27622985839844, 61.37325668334961, -85.97074127197266
-14.808480262756348, 2.135451316833496, 36.81803512573242, -4.87721061706543, -84.79261016845703, 12.70710563659668, 80.7115707397461, -10.969064712524414
-13.430215835571289, -5.297032833099365, 38.780845642089844, 18.326862335205078, -47.48451232910156, -50.452457427978516, 48.811988830566406, 103.95722198486328
-13.69270133972168, -11.80412769317627, 29.386150360107422, 52.410003662109375, -36.58745574951172, -66.8231201171875, -4.767128944396973, 106.14413452148438
-13.334049224853516, -16.550355911254883, 22.396902084350586, 57.369075775146484, 12.204977035522461, -65.46046447753906, -94.69209289550781, 41.83912658691406
-13.169364929199219, -22.274492263793945, 7.141547679901123, 54.665225982666016, 57.914188385009766, -19.10630989074707, -94.19935607910156, -102.73644256591797
-12.246277809143066, -26.265535354614258, -10.085890769958496, 40.47547149658203, 73.25647735595703, 29.644180297851562, -46.777809143066406, -152.0230712890625
-11.116283416748047, -25.837078094482422, -25.90336036682129, 10.539536476135254, 48.45325469970703, 81.56623840332031, 51.251556396484375, -45.64314651489258
-9.83055305480957, -30.80098533630371, -36.71548080444336, -12.667876243591309, 31.08672523498535, 81.1144790649414, 84.56318664550781, 44.49423599243164
-7.938998699188232, -28.99277114868164, -41.96955490112305, -45.434879302978516, -14.041082382202148, 34.25303268432617, 104.39936065673828, 108.6480484008789
-6.556079387664795, -25.402259826660156, -43.505184173583984, -62.848121643066406, -60.33967590332031, -36.4564094543457, 5.547163963317871, 35.63946533203125
-5.404529094696045, -19.052072525024414, -39.33815002441406, -66.15836334228516, -62.00161361694336, -82.93051147460938, -77.69246673583984, -56.003299713134766
-3.45908522605896, -12.845967292785645, -29.20948028564453, -39.68804931640625, -65.53158569335938, -75.43240356445312, -108.21245574951172, -104.24088287353516
-1.8429063558578491, -5.378665447235107, -12.926911354064941, -18.671268463134766, -30.51366424560547, -29.90882682800293, -52.3322639465332, -81.4422607421875
2.9093297215787572e-11, 1.512802243232727, 3.8299269676208496, 7.274008750915527, 17.49375343322754, 20.41827392578125, 22.63524627685547, 53.53343200683594
1.8056584596633911, 8.49527359008789, 19.769807815551758, 28.91594886779785, 46.21392822265625, 65.19906616210938, 89.86100006103516, 85.54934692382812
3.68727445602417, 15.117579460144043, 28.053789138793945, 43.97806930541992, 87.5494155883789, 104.0463638305664, 85.61372375488281, 80.74159240722656
5.295118808746338, 20.917217254638672, 40.70134353637695, 65.57518768310547, 52.072792053222656, 38.14778518676758, 26.244787216186523, -25.497304916381836
6.743322372436523, 26.944726943969727, 41.854713439941406, 40.05073928833008, 28.88372039794922, -9.728540420532227, -44.15353775024414, -125.6190185546875
8.25601863861084, 24.987003326416016, 42.9861946105957, 27.120756149291992, -13.030011177062988, -80.25453186035156, -114.88475036621094, -99.29227447509766
9.835745811462402, 25.739730834960938, 25.80250358581543, -1.2322322130203247, -55.950294494628906, -79.14328002929688, -52.829280853271484, 8.02451229095459
11.159817695617676, 29.696664810180664, 16.67487335205078, -26.204299926757812, -75.42779541015625, -45.52886962890625, 17.961183547973633, 80.53485107421875
12.485946655273438, 22.518808364868164, 0.9272767901420593, -56.41819763183594, -68.67559051513672, -0.11955661326646805, 93.25759887695312, 90.60527038574219
12.921517372131348, 21.90517807006836, -14.760522842407227, -45.325435638427734, -30.729284286499023, 63.47795867919922, 111.13345336914062, 1.9215221405029297
13.540556907653809, 14.436227798461914, -31.517457962036133, -42.74020004272461, 14.292491912841797, 87.0928726196289, 40.69611358642578, -100.66633605957031
13.241023063659668, 9.25554370880127, -43.05630874633789, -38.0424690246582, 45.46327590942383, 74.89086151123047, -46.62514877319336, -129.00343322753906
13.655245780944824, 2.2532920837402344, -38.295501708984375, -5.488202095031738, 78.69111633300781, 9.851131439208984, -97.74264526367188, -20.228281021118164
13.809115409851074, -4.671592712402344, -38.03261947631836, 20.735271453857422, 60.08730697631836, -61.655277252197266, -83.1363296508789, 99.96021270751953
13.307158470153809, -12.480986595153809, -37.9974479675293, 53.26422119140625, 32.14802551269531, -93.59170532226562, 5.7337188720703125, 136.6431427001953
13.814485549926758, -16.139312744140625, -24.427976608276367, 58.363067626953125, -16.372432708740234, -83.6493911743164, 100.61212921142578, 39.58601379394531
12.552882194519043, -24.141361236572266, -5.9377899169921875, 52.14151382446289, -63.32459259033203, -21.71408462524414, 92.34869384765625, -61.73871994018555
11.502910614013672, -28.52159309387207, 9.728439331054688, 35.813907623291016, -87.51663208007812, 42.79628372192383, 52.63420104980469, -122.55655670166016
10.773591995239258, -28.054868698120117, 22.42033576965332, 12.680869102478027, -52.19758987426758, 79.33573913574219, -33.02104187011719, -53.039981842041016
9.435782432556152, -29.920888900756836, 35.5649528503418, -16.194604873657227, -24.137697219848633, 79.70970916748047, -100.47969818115234, 43.23743438720703
7.944790840148926, -28.130773544311523, 35.50712966918945, -39.883758544921875, 17.166929244995117, 31.12540626525879, -68.66497802734375, 147.68528747558594
6.666965961456299, -22.32627296447754, 37.26253128051758, -48.45140075683594, 43.08848571777344, -37.824493408203125, -9.357425689697266, 77.4854507446289
5.310240745544434, -17.3231201171875, 39.372581481933594, -52.19858932495117, 73.00955963134766, -91.57200622558594, 85.6728515625, -63.524417877197266
3.3795769214630127, -13.037967681884766, 24.215530395507812, -47.54066848754883, 66.3802719116211, -95.15499114990234, 84.02476501464844, -69.12663269042969
1.7126786708831787, -5.871180057525635, 10.541743278503418, -18.86540412902832, 28.39353370666504, -46.56941223144531, 56.23313903808594, -46.0005989074707
-3.0445819476643265e-11, 1.4827710390090942, -4.483966827392578, 9.769917488098145, -13.535951614379883, 23.180030822753906, -24.792827606201172, 51.13736343383789
-1.840494155883789, 9.189438819885254, -22.37131690979004, 40.77660369873047, -46.20883560180664, 86.61146545410156, -60.40146255493164, 132.5018768310547
-3.4309122562408447, 14.537063598632812, -32.50508117675781, 49.43915557861328, -86.48600769042969, 71.92855834960938, -96.47220611572266, 82.22879791259766
-5.253508567810059, 18.94748878479004, -44.846038818359375, 55.57868576049805, -65.9224624633789, 46.95027542114258, -23.074264526367188, -29.300434112548828
-6.600968360900879, 26.941463470458984, -44.25509262084961, 49.334716796875, -32.9097900390625, -11.125872611999512, 75.72029876708984, -97.6202392578125
-8.336699485778809, 25.078664779663086, -41.24907302856445, 28.527849197387695, 16.565235137939453, -48.4758415222168, 100.16072845458984, -105.28416442871094
-9.966965675354004, 26.91411781311035, -30.22453498840332, -1.479355812072754, 50.3289794921875, -71.98571014404297, 60.70491409301758, 11.575024604797363
-11.20194149017334, 24.763221740722656, -17.242412567138672, -27.659786224365234, 68.7876968383789, -45.82992935180664, -17.21851921081543, 122.05316925048828
-11.596304893493652, 23.022621154785156, -1.1464684009552002, -43.503662109375, 68.46566772460938, -0.09162602573633194, -85.62850952148438, 130.65829467773438
-12.437605857849121, 20.63626480102539, 15.518479347229004, -62.93031692504883, 27.668594360351562, 46.730045318603516, -111.59230041503906, 3.260864019393921
-13.915506362915039, 15.266919136047363, 31.932662963867188, -55.958431243896484, -17.53179168701172, 99.89485168457031, -41.610137939453125, -80.8114242553711
-13.539047241210938, 8.958086967468262, 42.36653518676758, -32.796566009521484, -60.74148941040039, 67.4525146484375, 61.30199432373047, -64.5969009399414
-14.339608192443848, 2.1536660194396973, 46.03889083862305, -5.245732307434082, -79.03536987304688, 9.878679275512695, 85.66899108886719, -16.124828338623047
-14.744585990905762, -5.3076043128967285, 40.898948669433594, 21.825637817382812, -64.11309051513672, -49.59006881713867, 57.7149772644043, 71.54338073730469
-14.282001495361328, -10.866654396057129, 29.127225875854492, 47.31195068359375, -33.847347259521484, -74.43550109863281, -5.235754013061523, 146.99746704101562
-12.95057487487793, -17.21151351928711, 18.59427833557129, 62.41667175292969, 11.109639167785645, -58.751731872558594, -66.53119659423828, 22.932071685791016
-13.31815242767334, -21.201271057128906, 5.565550327301025, 56.43308639526367, 47.2764892578125, -18.824159622192383, -81.08522033691406, -58.88693618774414
-11.55810260772705, -28.610116958618164, -9.967840194702148, 34.97400665283203, 70.29553985595703, 47.52295684814453, -29.7405948638916, -86.28680419921875
-11.115066528320312, -30.388141632080078, -25.9122257232666, 13.647344589233398, 46.88737106323242, 81.40252685546875, 40.36147689819336, -27.08464813232422
-9.446043968200684, -27.172510147094727, -40.171688079833984, -17.53045082092285, 27.51673126220703, 58.699798583984375, 120.06758117675781, 56.31652069091797
-8.406428337097168, -28.088579177856445, -40.033790588378906, -46.5556526184082, -14.68913745880127, 39.342628479003906, 58.95594787597656, 103.39502716064453
-6.664452075958252, -21.40109634399414, -38.65298843383789, -54.71015930175781, -64.4549789428711, -35.96568298339844, 10.221874237060547, 40.81927490234375
-5.0112504959106445, -19.295879364013672, -40.8934211730957, -62.952640533447266, -70.91754913330078, -80.38713073730469, -60.900630950927734, -47.25315475463867
-3.4497814178466797, -12.434907913208008, -27.27581024169922, -41.0937385559082, -55.434425354003906, -97.1544189453125, -86.16535186767578, -102.88763427734375
-1.8308911323547363, -6.0919294357299805, -13.258641242980957, -19.65717124938965, -28.91029930114746, -36.30772018432617, -38.35139465332031, -66.92838287353516
2.861565324974169e-11, 1.5198715925216675, 3.8571035861968994, 7.021605968475342, 14.929699897766113, 24.006729125976562, 36.65365982055664, 44.739498138427734
1.8074162006378174, 7.791790962219238, 20.29088020324707, 31.63762855529785, 56.71957015991211, 55.57529067993164, 97.17060089111328, 75.72018432617188
3.56184983253479, 15.088635444641113, 35.11821746826172, 57.2956657409668, 72.51473236083984, 95.82454681396484, 109.62162017822266, 86.9210433959961
5.262881278991699, 19.118350982666016, 42.788002014160156, 45.791481018066406, 72.94625854492188, 43.48070526123047, 20.317100524902344, -33.784584045410156
6.973082065582275, 24.858352661132812, 38.079124450683594, 46.04251480102539, 32.99313735961914, -8.28125286102295, -43.94108200073242, -67.96149444580078
8.628823280334473, 28.298776626586914, 35.1133918762207, 23.85465431213379, -16.538930892944336, -79.86583709716797, -114.83518981933594, -95.86004638671875
9.935102462768555, 30.097518920898438, 26.383846282958984, -1.1487336158752441, -44.243900299072266, -91.8213882446289, -78.5781021118164, 12.61225700378418
11.34144115447998, 26.41041374206543, 16.791324615478516, -27.89128875732422, -76.30767822265625, -50.99256134033203, 22.18135643005371, 127.9180908203125
12.27795124053955, 23.522994995117188, 1.0125771760940552, -47.40397644042969, -67.93899536132812, -0.1114366203546524, 100.69113159179688, 87.78146362304688
13.192885398864746, 18.944475173950195, -13.566911697387695, -47.665008544921875, -31.89091682434082, 57.983821868896484, 84.5763168334961, 2.7986536026000977
13.863810539245605, 14.86247444152832, -29.291744232177734, -54.5888786315918, 12.866905212402344, 62.54220962524414, 21.0035457611084, -103.27366638183594
14.01375961303711, 9.140179634094238, -39.982906341552734, -38.49872970581055, 57.75745391845703, 65.63058471679688, -56.04441833496094, -118.2098159790039
13.765619277954102, 1.9629348516464233, -42.98615264892578, -6.857603073120117, 86.2702865600586, 12.904476165771484, -112.28216552734375, -19.310041427612305
13.63071060180664, -5.402956485748291, -37.947364807128906, 22.621742248535156, 52.940826416015625, -36.32737731933594, -48.048221588134766, 113.29693603515625
13.325514793395996, -12.103571891784668, -37.724609375, 42.86268615722656, 22.294218063354492, -101.36677551269531, 5.887397766113281, 90.69163513183594
13.731876373291016, -17.356338500976562, -22.30699348449707, 52.47185516357422, -17.227581024169922, -63.350650787353516, 105.29688262939453, 24.777389526367188
12.955251693725586, -21.31494903564453, -6.081343173980713, 47.79059600830078, -47.7635498046875, -18.461044311523438, 97.562255859375, -46.20044708251953
11.69151782989502, -25.381580352783203, 8.159011840820312, 40.56595230102539, -75.00835418701172, 51.67943572998047, 53.194480895996094, -156.09439086914062
11.34221076965332, -26.580324172973633, 25.366100311279297, 10.45147705078125, -73.90299987792969, 83.43030548095703, -28.36736488342285, -32.2580680847168
9.978931427001953, -26.62714385986328, 35.24685287475586, -12.53806209564209, -26.4865779876709, 59.82123565673828, -82.79415130615234, 62.92259979248047
8.64118480682373, -28.67569923400879, 41.52107620239258, -36.69918441772461, 16.564311981201172, 25.921560287475586, -74.94532775878906, 77.17494201660156
7.026978015899658, -21.858428955078125, 40.38934326171875, -53.30616760253906, 61.73310852050781, -24.171018600463867, -8.17836856842041, 35.81570816040039
5.264113903045654, -19.176719665527344, 41.0042839050293, -64.56559753417969, 55.12917709350586, -59.148292541503906, 49.21966552734375, -60.9998664855957
3.372230052947998, -12.25468635559082, 22.858034133911133, -39.704586029052734, 58.57179260253906, -56.80355453491211, 121.12875366210938, -118.59678649902344
1.7087966203689575, -5.4294233322143555, 10.6384916305542, -17.85840606689453, 22.25746726989746, -48.36833190917969, 55.536598205566406, -91.33525085449219
-2.8903568774496513e-11, 1.5051207542419434, -3.697570562362671, 9.5308198928833, -14.219433784484863, 25.644811630249023, -28.17213249206543, 45.38533020019531
-1.7378907203674316, 7.5794477462768555, -19.39310646057129, 28.024677276611328, -44.32673645019531, 85.26639556884766, -83.01341247558594, 119.54515838623047
-3.601519823074341, 13.940370559692383, -33.40132141113281, 43.857173919677734, -74.32813262939453, 91.4818115234375, -88.1936264038086, 99.21868896484375
-5.121731758117676, 21.381954193115234, -41.17211151123047, 54.59635543823242, -56.9034538269043, 63.287864685058594, -20.39480209350586, -23.248266220092773
-7.118300437927246, 25.219911575317383, -46.239627838134766, 56.3870735168457, -33.39914321899414, -11.478062629699707, 74.77853393554688, -139.3683319091797
-8.063312530517578, 26.40814208984375, -33.18366622924805, 23.304040908813477, 15.716564178466797, -61.776790618896484, 98.90923309326172, -80.40391540527344
-9.996694564819336, 29.86070442199707, -33.15119552612305, -1.4693247079849243, 51.33784103393555, -86.20878601074219, 69.1792221069336, 8.110547065734863
-11.43541145324707, 27.917261123657227, -15.727520942687988, -29.892107009887695, 73.90776824951172, -44.40066909790039, -20.690879821777344, 105.64157104492188
-12.352965354919434, 23.777507781982422, -1.0095988512039185, -48.93505859375, 49.82520294189453, -0.08304215967655182, -102.54177856445312, 67.23855590820312
-13.386966705322266, 19.13648223876953, 16.65350914001465, -52.6422233581543, 30.068235397338867, 50.229549407958984, -75.24251556396484, 4.176069259643555
-13.233268737792969, 16.719482421875, 27.074405670166016, -41.206321716308594, -17.126087188720703, 79.04434967041016, -28.058046340942383, -70.93109130859375
-13.892415046691895, 9.297877311706543, 39.715145111083984, -26.776029586791992, -42.39310836791992, 70.80078125, 51.14786911010742, -87.49296569824219
-14.211663246154785, 2.1875452995300293, 37.952205657958984, -5.905257701873779, -75.3635025024414, 11.511064529418945, 115.51171875, -15.943090438842773
-13.6791353225708, -5.066697597503662, 42.490291595458984, 20.300588607788086, -49.42184066772461, -58.185306549072266, 84.17733001708984, 70.68382263183594
-13.786030769348145, -11.783665657043457, 37.257408142089844, 43.19837951660156, -35.5712890625, -95.8424072265625, -4.176063060760498, 151.35232543945312
-13.967302322387695, -19.46073341369629, 23.682424545288086, 48.6920051574707, 11.710895538330078, -81.01156616210938, -92.53278350830078, 39.69541931152344
-13.241252899169922, -21.877954483032227, 6.595036029815674, 46.618896484375, 55.885562896728516, -27.019527435302734, -107.09794616699219, -86.77996063232422
-11.52573013305664, -26.869773864746094, -9.054702758789062, 34.27472686767578, 81.955322265625, 31.315719604492188, -29.508777618408203, -152.73756408691406
-10.727201461791992, -27.872102737426758, -25.69906234741211, 14.992459297180176, 57.562137603759766, 74.12705993652344, 38.42689895629883, -62.08792495727539
-9.505717277526855, -30.31158447265625, -39.44224166870117, -12.678959846496582, 29.293716430664062, 59.307918548583984, 68.80933380126953, 56.36440658569336
-8.273690223693848, -24.27214241027832, -37.7415885925293, -31.78420639038086, -16.09972381591797, 28.555646896362305, 100.9522476196289, 72.73839569091797
-6.8357253074646, -23.50046730041504, -45.44409942626953, -46.14057159423828, -64.89614868164062, -33.806236267089844, 10.102191925048828, 53.85784149169922
-5.4066057205200195, -17.285120010375977, -35.975337982177734, -66.03373718261719, -60.822078704833984, -65.64524841308594, -50.11315155029297, -62.952972412109375
-3.5687897205352783, -12.35653305053711, -24.98124885559082, -43.499271392822266, -65.23235321044922, -80.0193862915039, -113.66828155517578, -105.67528533935547
-1.6997429132461548, -5.863890171051025, -11.498048782348633, -21.995222091674805, -35.564979553222656, -32.83100891113281, -57.291378021240234, -89.08075714111328
2.849993678555318e-11, 1.3257334232330322, 4.711178779602051, 9.417394638061523, 11.016682624816895, 21.891544342041016, 19.844825744628906, 38.126461029052734
1.7566825151443481, 7.5687432289123535, 21.383316040039062, 29.349580764770508, 44.10940933227539, 54.705936431884766, 99.49535369873047, 152.86692810058594
3.544304847717285, 14.497696876525879, 30.589693069458008, 53.324344635009766, 77.55284118652344, 72.67520904541016, 116.75674438476562, 54.98603057861328
5.134801864624023, 22.03175163269043, 37.37580490112305, 53.62824630737305, 67.62637329101562, 60.88788604736328, 14.671659469604492, -23.091876983642578
6.487762928009033, 25.099502563476562, 41.51273727416992, 41.90498733520508, 27.25034523010254, -12.827524185180664, -42.82843017578125, -104.30744171142578
8.11365032196045, 29.7609806060791, 36.44230270385742, 28.38220977783203, -15.509989738464355, -64.12311553955078, -98.2801284790039, -117.75914764404297
9.465681076049805, 29.851314544677734, 27.147939682006836, -1.5516767501831055, -56.10205841064453, -109.48422241210938, -82.54067993164062, 11.949528694152832
10.472700119018555, 29.445322036743164, 14.922911643981934, -23.152055740356445, -54.96226501464844, -46.242923736572266, 21.26617431640625, 138.32106018066406
11.799580574035645, 25.26907730102539, 1.085940957069397, -45.95522689819336, -60.25469970703125, -0.10398494452238083, 66.0744857788086, 127.70561218261719
12.552252769470215, 20.255887985229492, -16.652292251586914, -59.95172119140625, -23.051944732666016, 41.862178802490234, 124.67387390136719, 3.832188606262207
13.051838874816895, 14.525673866271973, -30.63788414001465, -43.43608474731445, 13.451327323913574, 86.99210357666016, 36.424434661865234, -121.83898162841797
13.389166831970215, 8.477086067199707, -41.6842155456543, -28.257564544677734, 50.31729507446289, 73.86859893798828, -64.19561004638672, -128.15097045898438
14.425715446472168, 2.093073606491089, -40.064083099365234, -4.673905849456787, 55.16933822631836, 10.30777645111084, -125.03958892822266, -12.022652626037598
14.637523651123047, -4.72598934173584, -44.44026565551758, 24.95069122314453, 60.96757507324219, -62.159423828125, -47.92231369018555, 104.4533920288086
14.281332015991211, -11.684915542602539, -34.77014923095703, 52.121009826660156, 28.83629035949707, -72.9815444946289, 5.620005130767822, 128.84048461914062
14.057500839233398, -17.162052154541016, -22.744421005249023, 56.14463806152344, -13.350194931030273, -68.9370346069336, 86.8979721069336, 20.632144927978516
12.327696800231934, -23.77018928527832, -5.934502601623535, 62.35609436035156, -43.384544372558594, -14.901814460754395, 67.65917205810547, -59.418853759765625
12.49651050567627, -27.423992156982422, 9.102338790893555, 43.16851043701172, -55.132545471191406, 46.435455322265625, 32.19350814819336, -77.09004211425781
10.959263801574707, -26.089147567749023, 22.97758674621582, 14.272490501403809, -75.83241271972656, 103.06490325927734, -48.3903923034668, -26.77483558654785
9.686912536621094, -30.729991912841797, 40.236297607421875, -13.244327545166016, -36.4754638671875, 89.25110626220703, -117.6014175415039, 66.58228302001953
8.639863014221191, -28.15829849243164, 42.66987228393555, -41.215782165527344, 16.069143295288086, 35.109073638916016, -73.03279876708984, 96.15715789794922
6.695809841156006, -24.15264320373535, 46.815120697021484, -54.7253303527832, 59.041542053222656, -28.61159896850586, -8.335206031799316, 78.60472869873047
5.196093559265137, -18.036788940429688, 32.54077911376953, -65.7978744506836, 63.36796569824219, -92.00574493408203, 51.545684814453125, -70.62239074707031
3.481578826904297, -13.546243667602539, 23.33323860168457, -39.582763671875, 59.887054443359375, -101.61194610595703, 91.17965698242188, -90.57251739501953
1.7960515022277832, -5.302296161651611, 11.767913818359375, -19.15798568725586, 30.984586715698242, -51.833805084228516, 67.19184112548828, -95.87580871582031
-2.8788357114839513e-11, 1.5221893787384033, -4.078245162963867, 10.044675827026367, -16.096519470214844, 16.68451499938965, -21.06000328063965, 46.22007751464844
-1.787960171699524, 8.549295425415039, -21.868824005126953, 37.15887451171875, -48.907493591308594, 84.61297607421875, -92.12483978271484, 124.38133239746094
-3.6750640869140625, 16.288589477539062, -29.846036911010742, 57.57537841796875, -74.75873565673828, 70.9422378540039, -116.12232208251953, 63.91090774536133
-5.445969104766846, 19.92544174194336, -44.61005783081055, 46.705162048339844, -46.609588623046875, 64.08760833740234, -17.022809982299805, -24.033218383789062
-6.976445198059082, 23.515182495117188, -46.498985290527344, 44.54755401611328, -32.6901741027832, -13.402923583984375, 59.83273696899414, -132.76795959472656
-8.461277961730957, 29.258686065673828, -35.723045349121094, 27.190214157104492, 14.079776763916016, -75.46968841552734, 127.12097930908203, -85.09077453613281
-10.106363296508789, 30.335115432739258, -32.765647888183594, -1.2490450143814087, 51.75432586669922, -100.18293762207031, 59.40692138671875, 12.781455993652344
-10.613985061645508, 29.815372467041016, -18.457904815673828, -33.518672943115234, 77.23446655273438, -75.1804428100586, -12.978808403015137, 80.76075744628906
-11.752452850341797, 25.90616226196289, -1.0664530992507935, -56.31454849243164, 56.38846969604492, -0.08899346739053726, -99.56051635742188, 81.43202209472656
-12.532609939575195, 20.389741897583008, 15.437541007995605, -64.067138671875, 24.191030502319336, 72.43136596679688, -114.50621032714844, 3.471914768218994
-12.972555160522461, 15.599322319030762, 28.38471794128418, -51.801021575927734, -11.084137916564941, 75.1358871459961, -24.081504821777344, -127.23397827148438
-13.975739479064941, 8.893881797790527, 36.71103286743164, -33.7600212097168, -51.287899017333984, 83.16333770751953, 50.95222473144531, -131.15872192382812
-13.582259178161621, 2.0106985569000244, 38.62065124511719, -6.745724678039551, -86.4172134399414, 9.854917526245117, 90.29883575439453, -18.632301330566406
-13.415934562683105, -5.423891544342041, 46.673858642578125, 19.30931282043457, -54.492855072021484, -63.949462890625, 92.14702606201172, 74.52105712890625
-13.709300994873047, -10.744893074035645, 29.944080352783203, 38.89238357543945, -33.66864013671875, -90.97657012939453, -5.172045707702637, 125.82130432128906
-13.528414726257324, -18.350271224975586, 22.58856201171875, 61.634742736816406, 17.44584083557129, -54.75070571899414, -66.32659149169922, 41.43252182006836
-12.894210815429688, -22.77276039123535, 6.957367420196533, 63.75320816040039, 43.83780288696289, -21.26374053955078, -110.92064666748047, -90.60282135009766
-12.280313491821289, -23.884069442749023, -8.312804222106934, 39.146263122558594, 79.51189422607422, 43.48133087158203, -43.577579498291016, -88.17420196533203
-10.44994831085205, -26.65854835510254, -27.14566993713379, 10.907210350036621, 55.15299987792969, 64.11135864257812, 47.40790939331055, -50.11438751220703
-9.508493423461914, -29.820852279663086, -31.34658432006836, -17.890777587890625, 28.630176544189453, 87.22592163085938, 68.8067626953125, 76.10669708251953
-8.683249473571777, -28.277128219604492, -39.271629333496094, -40.400272369384766, -14.955955505371094, 27.10664939880371, 61.79090881347656, 131.9175567626953
-6.604841232299805, -22.892559051513672, -47.385433197021484, -57.182403564453125, -61.1817626953125, -30.67771339416504, 8.162837028503418, 50.98963928222656
-5.274808406829834, -17.337818145751953, -40.6146354675293, -61.765079498291016, -81.56822204589844, -85.55785369873047, -59.666629791259766, -41.880821228027344
-3.451669454574585, -11.732784271240234, -27.764867782592773, -34.176692962646484, -69.79950714111328, -65.36681365966797, -89.25638580322266, -70.48908233642578
-1.7868849039077759, -5.6904168128967285, -12.241056442260742, -20.02100944519043, -27.60480308532715, -34.55581283569336, -36.592254638671875, -78.29926300048828
2.8603954274619703e-11, 1.3767813444137573, 4.650388240814209, 7.128596305847168, 15.148024559020996, 18.827621459960938, 29.37702751159668, 33.13454818725586
1.7910653352737427, 7.894576549530029, 19.252147674560547, 32.249168395996094, 49.752105712890625, 72.27603912353516, 84.69523620605469, 121.99321746826172
3.4248201847076416, 15.51101303100586, 34.36903762817383, 42.53142166137695, 85.11519622802734, 72.34800720214844, 83.2059097290039, 109.03349304199219
5.0335187911987305, 18.785608291625977, 37.35169219970703, 58.65122985839844, 76.42143249511719, 63.79142379760742, 17.619443893432617, -27.583402633666992
6.935934543609619, 26.563692092895508, 36.54514694213867, 40.66255187988281, 32.57609176635742, -11.039529800415039, -62.29519271850586, -145.12171936035156
7.950429916381836, 28.503175735473633, 37.422630310058594, 21.10736083984375, -13.44433879852295, -62.28818130493164, -103.89323425292969, -111.8414077758789
9.771431922912598, 29.172414779663086, 34.120582580566406, -1.1710224151611328, -60.84902572631836, -81.74629974365234, -44.78424835205078, 6.986306667327881
10.83837890625, 27.49759864807129, 14.490992546081543, -30.691484451293945, -84.7493667602539, -71.69248962402344, 12.064505577087402, 65.08672332763672
11.583029747009277, 22.982990264892578, 1.249730110168457, -52.54658508300781, -62.39971923828125, -0.09376197308301926, 109.73301696777344, 128.80322265625
13.265689849853516, 20.30167007446289, -14.83457088470459, -53.563323974609375, -33.67072677612305, 56.10826873779297, 120.12040710449219, 3.0912086963653564
13.06735897064209, 15.742988586425781, -31.138565063476562, -45.29396057128906, 12.671438217163086, 78.81566619873047, 24.084444046020508, -79.77172088623047
13.68733024597168, 8.77502155303955, -37.6556510925293, -27.844877243041992, 43.37718200683594, 70.7406234741211, -58.95610809326172, -132.05038452148438
13.814229011535645, 2.306309938430786, -44.33662796020508, -4.9635910987854, 56.452579498291016, 12.896079063415527, -125.37267303466797, -12.066595077514648
13.994751930236816, -5.394177436828613, -35.10692596435547, 23.711997985839844, 65.40203857421875, -63.52295684814453, -54.82664489746094, 96.81808471679688
13.926579475402832, -12.605521202087402, -35.19239807128906, 51.9001579284668, 24.835569381713867, -96.2945785522461, 5.744579315185547, 132.5331268310547
13.519500732421875, -16.741243362426758, -24.359128952026367, 49.41886901855469, -16.885881423950195, -86.07196044921875, 89.627685546875, 36.10384750366211
12.438332557678223, -24.871782302856445, -6.749669551849365, 58.457096099853516, -57.69456100463867, -26.401020050048828, 100.36782836914062, -65.52306365966797
12.179459571838379, -24.128694534301758, 10.76397705078125, 32.77150344848633, -83.02056884765625, 41.238914489746094, 39.22480392456055, -146.2034149169922
10.789027214050293, -29.373924255371094, 20.728076934814453, 11.82478141784668, -55.793392181396484, 84.22532653808594, -38.533504486083984, -45.389888763427734
9.322461128234863, -29.00602912902832, 30.079622268676758, -17.19230079650879, -34.61045455932617, 99.19757080078125, -115.49058532714844, 71.07913208007812
7.933218479156494, -25.35024642944336, 46.563114166259766, -38.55140686035156, 14.258407592773438, 29.1109561920166, -77.5423355102539, 85.2800064086914
6.735972881317139, -23.813812255859375, 42.32278060913086, -46.21537399291992, 42.83238983154297, -26.75426483154297, -8.360055923461914, 53.94879913330078
5.3939032554626465, -17.72006607055664, 37.681968688964844, -51.329219818115234, 66.53590393066406, -74.07485961914062, 91.91366577148438, -51.77498245239258
3.414726972579956, -13.560623168945312, 23.47315216064453, -50.93058776855469, 46.67353439331055, -63.88655471801758, 74.01725006103516, -129.7844696044922
1.8531115055084229, -5.502112865447998, 12.52944564819336, -23.01548194885254, 26.397825241088867, -46.32402420043945, 64.72085571289062, -70.99940490722656
-2.9076834690000553e-11, 1.4677785634994507, -4.233954906463623, 7.049701690673828, -11.75182819366455, 15.581670761108398, -36.22135543823242, 47.414772033691406
