8.264924049377441, 29.32923698425293, 42.78057098388672, 27.06049156188965, -11.40966510772705, -74.62448120117188, -97.05420684814453, -103.59735870361328
9.764906883239746, 29.179790496826172, 27.24472999572754, -1.3139283657073975, -63.010440826416016, -77.11140441894531, -82.808837890625, 8.400763511657715
10.746195793151855, 28.547439575195312, 14.443939208984375, -32.2496452331543, -57.1077766418457, -50.468379974365234, 17.423473358154297, 116.61353302001953
12.379624366760254, 24.796409606933594, 1.1512221097946167, -47.26466369628906, -51.1213493347168, -0.08073640614748001, 85.27909851074219, 94.13081359863281
13.249654769897461, 21.171831130981445, -15.992094039916992, -53.418243408203125, -27.42099952697754, 72.34986114501953, 61.28688430786133, 4.11021089553833
13.56423568725586, 14.987396240234375, -29.52985954284668, -46.98854446411133, 12.243393898010254, 81.13945770263672, 20.97236442565918, -111.69778442382812
13.72622013092041, 8.703121185302734, -32.75260925292969, -27.274911880493164, 61.583919525146484, 78.23445892333984, -43.62370681762695, -100.84559631347656
14.441701889038086, 2.331926107406616, -45.15660095214844, -6.211676597595215, 75.16058349609375, 8.7487154006958, -76.5466537475586, -15.999123573303223
13.987815856933594, -5.3177690505981445, -36.73466873168945, 19.30473518371582, 75.78530883789062, -36.079227447509766, -82.86833190917969, 72.15361022949219
14.242761611938477, -11.342422485351562, -30.326580047607422, 51.52091598510742, 35.92525863647461, -91.25070190429688, 3.651942253112793, 72.61810302734375
13.444366455078125, -18.182218551635742, -23.72977066040039, 52.06597137451172, -14.872188568115234, -59.05940628051758, 81.60431671142578, 43.17276382446289
12.797194480895996, -22.045421600341797, -6.624195098876953, 53.907222747802734, -47.1710090637207, -19.416431427001953, 106.84530639648438, -65.68899536132812
11.823707580566406, -26.65724754333496, 8.766085624694824, 40.34690475463867, -71.54368591308594, 47.2958984375, 30.734695434570312, -139.23233032226562
10.637239456176758, -28.511598587036133, 22.71324348449707, 13.378913879394531, -76.39630889892578, 80.58869934082031, -51.423118591308594, -33.46501159667969
9.832605361938477, -28.74557113647461, 34.55302810668945, -18.13825225830078, -34.68754577636719, 93.74163055419922, -71.11780548095703, 52.770965576171875
8.16580581665039, -26.342931747436523, 40.08772659301758, -42.3984260559082, 16.477046966552734, 26.051633834838867, -54.65329360961914, 135.25588989257812
6.961950778961182, -21.923145294189453, 36.2288818359375, -64.50968933105469, 59.68906784057617, -29.028837203979492, -8.817463874816895, 50.30039978027344
5.003510475158691, -17.578609466552734, 37.62729263305664, -51.013092041015625, 57.81357955932617, -81.63187408447266, 69.2929916381836, -42.36903381347656
3.5490167140960693, -11.4667329788208, 29.475128173828125, -43.20222854614258, 64.27188110351562, -98.2721939086914, 104.67024230957031, -91.66175079345703
1.7032790184020996, -5.752417087554932, 10.654071807861328, -21.007234573364258, 26.853105545043945, -45.19011688232422, 53.196632385253906, -62.79368591308594
-4.855800136982502e-11, 1.4917058944702148, -4.545203685760498, 7.14652681350708, -12.491899490356445, 15.445390701293945, -26.49977684020996, 40.49797439575195
-1.6983652114868164, 8.305093765258789, -18.49673080444336, 39.54512023925781, -62.1196403503418, 78.36185455322266, -112.44354248046875, 128.19296264648438
-3.401221752166748, 14.145356178283691, -32.62946319580078, 54.78914260864258, -84.75033569335938, 98.16011810302734, -92.72900390625, 104.86543273925781
-5.422149658203125, 21.88933753967285, -42.93543243408203, 53.09307098388672, -67.42282104492188, 59.21073913574219, -14.919634819030762, -29.804786682128906
-7.133692264556885, 23.627002716064453, -41.086944580078125, 42.04924774169922, -34.838653564453125, -10.265225410461426, 56.36642837524414, -94.84282684326172
-8.64913272857666, 28.995344161987305, -39.662052154541016, 29.36905288696289, 16.13590431213379, -64.11945343017578, 97.20886993408203, -85.33840942382812
-10.088372230529785, 30.56668472290039, -29.870248794555664, -1.569855809211731, 63.75627517700195, -63.85915756225586, 43.653602600097656, 15.005736351013184
-11.429756164550781, 26.83649444580078, -18.258590698242188, -23.75900650024414, 66.89214324951172, -71.71575927734375, -17.610292434692383, 110.65979766845703
-12.446532249450684, 25.766857147216797, -0.9348956346511841, -45.63036346435547, 54.033836364746094, -0.1438111662864685, -102.87528991699219, 62.26567840576172
-12.194472312927246, 21.886898040771484, 13.222322463989258, -58.33168411254883, 33.78145980834961, 46.502685546875, -112.63616180419922, 2.8534700870513916
-13.002676963806152, 15.237390518188477, 28.355003356933594, -42.24240493774414, -15.739336967468262, 96.19873809814453, -22.22926902770996, -101.48943328857422
-13.346694946289062, 9.03892707824707, 36.048892974853516, -27.921045303344727, -59.72581100463867, 71.60060119628906, 53.601627349853516, -97.0348129272461
-14.31954288482666, 2.350355625152588, 41.523963928222656, -6.206371784210205, -54.142513275146484, 11.354419708251953, 117.07929992675781, -13.974140167236328
-14.66356086730957, -5.397871017456055, 46.77081298828125, 19.680892944335938, -63.92706298828125, -56.162933349609375, 84.70467376708984, 90.55896759033203
-14.313178062438965, -12.580428123474121, 37.889076232910156, 45.657352447509766, -33.232120513916016, -63.42973327636719, -3.9228014945983887, 151.556884765625
-13.239912033081055, -16.856311798095703, 21.757673263549805, 52.05026626586914, 17.15890121459961, -71.76667785644531, -74.91624450683594, 34.86613845825195
-13.277605056762695, -22.281009674072266, 6.4918365478515625, 46.45406723022461, 57.3979606628418, -21.945493698120117, -126.4219970703125, -64.43159484863281
-12.005274772644043, -26.579360961914062, -10.156402587890625, 37.32896423339844, 57.679595947265625, 39.834842681884766, -52.102317810058594, -75.28998565673828
-11.14954948425293, -27.421403884887695, -26.64792823791504, 13.262811660766602, 54.91703414916992, 94.08379364013672, 26.657846450805664, -48.748626708984375
-9.897854804992676, -30.340660095214844, -36.907989501953125, -15.070651054382324, 25.357318878173828, 58.46412658691406, 64.76688385009766, 43.73466110229492
-7.9350080490112305, -26.584095001220703, -37.81403350830078, -43.8559455871582, -13.931845664978027, 28.865978240966797, 92.59143829345703, 143.71328735351562
-6.802223205566406, -22.482078552246094, -43.110111236572266, -54.390682220458984, -48.056705474853516, -23.921043395996094, 9.994555473327637, 56.031532287597656
-5.138214588165283, -18.144454956054688, -31.833446502685547, -49.49515914916992, -84.5638656616211, -65.2691421508789, -94.57893371582031, -31.66250228881836
-3.389211416244507, -12.978670120239258, -29.57636833190918, -38.077327728271484, -51.512325286865234, -67.946533203125, -96.78372192382812, -143.52548217773438
-1.7906414270401, -5.776086807250977, -12.006036758422852, -22.7806453704834, -32.419979095458984, -32.53496170043945, -55.676536560058594, -85.5340576171875
4.677562157051618e-11, 1.4400174617767334, 3.6728453636169434, 7.601617336273193, 15.054966926574707, 21.21590805053711, 29.484745025634766, 46.34200668334961
1.8311243057250977, 7.695930480957031, 21.44959831237793, 29.751508712768555, 41.47797393798828, 89.52039337158203, 115.20411682128906, 149.5544891357422
3.3457283973693848, 13.701784133911133, 28.074840545654297, 41.542057037353516, 61.43324661254883, 70.68775177001953, 98.43734741210938, 60.09695816040039
5.003118515014648, 19.872764587402344, 35.818443298339844, 58.636924743652344, 56.83305358886719, 38.02066421508789, 19.04837989807129, -20.60270118713379
6.6691460609436035, 25.45534896850586, 40.662567138671875, 52.69340515136719, 24.652036666870117, -12.55988883972168, -43.44733810424805, -94.68048858642578
7.9080729484558105, 27.909101486206055, 34.03611373901367, 28.17780303955078, -17.341398239135742, -75.65909576416016, -97.00305938720703, -116.39653778076172
9.291022300720215, 27.646764755249023, 28.46722984313965, -1.6188499927520752, -51.516693115234375, -103.81909942626953, -52.94153594970703, 8.302931785583496
10.47406005859375, 25.597566604614258, 17.87838363647461, -23.87717628479004, -54.7252311706543, -64.09890747070312, 11.489455223083496, 134.1212615966797
11.754319190979004, 23.048940658569336, 1.203672170639038, -56.33774948120117, -68.10427856445312, -0.13108283281326294, 69.4741439819336, 103.08262634277344
12.817869186401367, 20.942533493041992, -14.661492347717285, -47.401092529296875, -26.103668212890625, 42.73795700073242, 72.17696380615234, 3.0523579120635986
13.894935607910156, 15.253744125366211, -31.99761390686035, -50.03291702270508, 11.571747779846191, 74.28546905517578, 22.982542037963867, -70.56768035888672
13.316598892211914, 9.075468063354492, -36.68916320800781, -28.396326065063477, 53.68726348876953, 82.24900817871094, -33.857818603515625, -86.16850280761719
13.426158905029297, 1.9725664854049683, -43.17725372314453, -5.514418601989746, 68.23733520507812, 11.48867416381836, -71.57628631591797, -15.544159889221191
14.358829498291016, -5.035126686096191, -43.59272384643555, 20.876720428466797, 61.04999542236328, -50.08967590332031, -73.0511703491211, 103.34429931640625
14.361593246459961, -11.78670597076416, -37.36358642578125, 47.76760482788086, 23.018234252929688, -81.09873962402344, 5.8456034660339355, 76.19416046142578
12.815634727478027, -16.07855224609375, -22.09564208984375, 48.77219772338867, -14.938302993774414, -83.93399810791016, 101.48481750488281, 38.07438278198242
12.24715518951416, -23.197973251342773, -6.4738030433654785, 53.40005111694336, -54.69956970214844, -24.565534591674805, 82.88063049316406, -104.66741943359375
11.674973487854004, -27.87814712524414, 8.389008522033691, 35.54512023925781, -56.485328674316406, 49.06284713745117, 39.87488555908203, -117.61691284179688
10.602452278137207, -25.970483779907227, 26.283578872680664, 14.151679992675781, -70.46055603027344, 78.51976776123047, -30.896686553955078, -45.43203353881836
9.936455726623535, -29.59421730041504, 30.85176658630371, -15.737358093261719, -34.00642776489258, 54.26582717895508, -94.40436553955078, 89.24385833740234
8.619621276855469, -25.478309631347656, 44.35762405395508, -46.797576904296875, 12.626656532287598, 23.71672821044922, -68.95697021484375, 113.59199523925781
6.875376224517822, -20.863052368164062, 44.8565788269043, -53.117698669433594, 62.714996337890625, -29.143857955932617, -5.537937164306641, 44.34407043457031
5.090684413909912, -17.964111328125, 31.86263084411621, -61.79431915283203, 77.54341888427734, -93.73668670654297, 48.34733963012695, -33.30694580078125
3.420097827911377, -11.338638305664062, 25.17800521850586, -35.12443542480469, 64.04821014404297, -95.44989776611328, 112.84978485107422, -149.35745239257812
1.7335433959960938, -6.216908931732178, 10.470601081848145, -22.155588150024414, 33.54636764526367, -33.44977951049805, 69.30760955810547, -67.30875396728516
-4.788158411428434e-11, 1.4541398286819458, -3.837376117706299, 7.213469982147217, -15.454527854919434, 15.289271354675293, -39.07274627685547, 41.736663818359375
-1.7585926055908203, 8.807075500488281, -19.485759735107422, 32.204349517822266, -40.72065353393555, 50.567115783691406, -84.31179809570312, 134.19703674316406
-3.6060564517974854, 13.835542678833008, -35.973670959472656, 43.954498291015625, -59.088348388671875, 96.81519317626953, -96.33927154541016, 105.17450714111328
-5.453972339630127, 19.80849266052246, -35.597198486328125, 64.5340347290039, -47.991615295410156, 55.04954528808594, -25.24082374572754, -32.61801528930664
-6.513164520263672, 25.871763229370117, -39.183265686035156, 52.88544464111328, -30.983530044555664, -12.507837295532227, 55.298336029052734, -145.50210571289062
-8.057822227478027, 29.75227928161621, -37.53898239135742, 24.81183624267578, 11.76386833190918, -60.29791259765625, 90.75743103027344, -106.83193969726562
-9.89155101776123, 27.37200355529785, -29.204971313476562, -1.5266621112823486, 42.83493423461914, -73.4122085571289, 75.47105407714844, 11.97986125946045
-11.314178466796875, 24.922386169433594, -18.185468673706055, -30.662647247314453, 56.25106430053711, -42.00482940673828, -18.35344886779785, 122.31565856933594
-12.49169921875, 24.174074172973633, -1.1380388736724854, -52.71474838256836, 58.68779373168945, -0.12874366343021393, -72.77042388916016, 109.39228820800781
-13.049673080444336, 22.15266990661621, 15.231901168823242, -51.04557800292969, 28.781391143798828, 45.300601959228516, -85.97322845458984, 4.078902721405029
-13.826913833618164, 15.930907249450684, 32.39988327026367, -46.22018814086914, -10.79496955871582, 78.99368286132812, -27.31913185119629, -64.50142669677734
-13.80993366241455, 9.06513500213623, 35.62421798706055, -28.69442367553711, -43.44931411743164, 47.167972564697266, 52.59268569946289, -62.9456787109375
-14.083488464355469, 2.026139736175537, 42.33000946044922, -5.47422981262207, -60.90524673461914, 8.100114822387695, 130.42308044433594, -13.359794616699219
-13.860655784606934, -4.93901252746582, 43.390892028808594, 23.313587188720703, -48.361480712890625, -61.00080108642578, 70.19564819335938, 79.95606231689453
-13.510904312133789, -12.796609878540039, 35.949867248535156, 50.77982711791992, -27.565702438354492, -79.64567565917969, -6.483894348144531, 126.21723937988281
-13.587846755981445, -17.69534683227539, 20.938886642456055, 50.23102569580078, 11.4647216796875, -65.86138916015625, -76.01776123046875, 20.678436279296875
-13.362918853759766, -20.584501266479492, 6.322096824645996, 48.49522018432617, 48.490779876708984, -26.074478149414062, -93.73453521728516, -66.67965698242188
-11.928559303283691, -23.56923484802246, -9.356915473937988, 45.23785400390625, 65.01628875732422, 40.48598861694336, -44.21189880371094, -86.87085723876953
-11.157655715942383, -25.792695999145508, -26.52634048461914, 12.47232723236084, 60.08610916137695, 84.36946105957031, 51.19976806640625, -54.739437103271484
-10.000371932983398, -25.924964904785156, -30.045928955078125, -15.508051872253418, 25.196094512939453, 64.93925476074219, 70.79789733886719, 54.01902770996094
-7.931139945983887, -28.32381820678711, -36.705047607421875, -39.16183853149414, -13.897150039672852, 36.41025161743164, 87.41705322265625, 76.99415588378906
-7.143743515014648, -22.66956901550293, -45.528377532958984, -61.42147445678711, -58.91259765625, -34.790409088134766, 8.766039848327637, 75.12675476074219
-5.227687358856201, -18.991287231445312, -39.14053726196289, -52.54557800292969, -72.30403900146484, -64.69603729248047, -80.44731140136719, -56.91300582885742
-3.5378379821777344, -12.731416702270508, -26.09579849243164, -39.743499755859375, -76.26974487304688, -79.46395111083984, -123.82769775390625, -150.45635986328125
-1.7049974203109741, -5.729863166809082, -10.33263874053955, -15.913583755493164, -25.15859603881836, -36.57034683227539, -61.27619934082031, -62.44039535522461
4.781337131776198e-11, 1.2858765125274658, 4.671133995056152, 9.133893966674805, 14.488738059997559, 24.714460372924805, 25.13190460205078, 45.7520637512207
1.7580989599227905, 8.784525871276855, 20.44317626953125, 32.4827995300293, 60.36699676513672, 84.42509460449219, 75.41898345947266, 115.92887878417969
3.6474738121032715, 13.477506637573242, 36.38492965698242, 59.42861557006836, 69.65103149414062, 95.67608642578125, 99.15897369384766, 75.2667465209961
5.078065872192383, 22.01289176940918, 41.52729797363281, 46.84012985229492, 52.541866302490234, 39.39361572265625, 16.193201065063477, -24.527938842773438
6.631991863250732, 23.87129020690918, 40.792518615722656, 38.94084930419922, 27.976524353027344, -9.675275802612305, -55.27705764770508, -103.6958999633789
8.470671653747559, 29.63286590576172, 40.27068328857422, 24.710803985595703, -15.880407333374023, -50.50720977783203, -102.13177490234375, -53.50466537475586
9.423974990844727, 26.01226806640625, 29.441539764404297, -1.6412097215652466, -59.563758850097656, -85.25492858886719, -83.78536224365234, 9.543438911437988
11.101380348205566, 29.14250946044922, 18.494369506835938, -30.870595932006836, -66.01862335205078, -58.397315979003906, 15.047924995422363, 100.22982788085938
11.644392967224121, 24.99711036682129, 1.237099051475525, -41.66930389404297, -57.639739990234375, -0.09590594470500946, 80.59065246582031, 76.24870300292969
12.508896827697754, 22.578447341918945, -13.385082244873047, -54.10922622680664, -28.03516387939453, 44.344520568847656, 122.99678802490234, 3.056934356689453
13.815077781677246, 14.675917625427246, -28.80191421508789, -45.12154006958008, 14.985153198242188, 100.3839111328125, 34.67173385620117, -102.89925384521484
13.411412239074707, 8.87420654296875, -40.76589584350586, -33.00215530395508, 52.37319564819336, 72.72289276123047, -43.37504959106445, -117.31287384033203
14.346831321716309, 2.0822277069091797, -37.895687103271484, -5.675721168518066, 71.8051528930664, 13.00072193145752, -102.56389617919922, -12.600810050964355
13.656973838806152, -4.479991436004639, -46.13963317871094, 18.410268783569336, 57.956825256347656, -41.27862548828125, -95.51597595214844, 119.0533447265625
14.241732597351074, -12.87065315246582, -35.744468688964844, 50.91661834716797, 24.745134353637695, -61.13347625732422, 3.5589449405670166, 120.62406921386719
13.246795654296875, -18.230731964111328, -23.679006576538086, 63.71319580078125, -16.36639976501465, -59.5323486328125, 80.30933380126953, 33.88107681274414
12.596379280090332, -22.41273307800293, -7.175434112548828, 56.097782135009766, -57.549705505371094, -20.710819244384766, 73.62946319580078, -45.67437744140625
12.142412185668945, -26.879459381103516, 9.091242790222168, 42.60795211791992, -78.86082458496094, 48.41354751586914, 49.84543991088867, -69.23409271240234
10.652053833007812, -28.6209716796875, 23.211105346679688, 11.005284309387207, -54.684120178222656, 85.73458099365234, -27.026371002197266, -54.757362365722656
9.25958251953125, -26.560834884643555, 34.01636505126953, -13.504839897155762, -22.54606819152832, 97.956787109375, -122.2150650024414, 86.51758575439453
8.638093948364258, -27.604623794555664, 43.035343170166016, -43.707252502441406, 13.012232780456543, 24.670490264892578, -76.92089080810547, 152.83009338378906
6.678074359893799, -23.361345291137695, 37.525970458984375, -48.3636589050293, 54.446956634521484, -23.768247604370117, -6.6129374504089355, 65.78713989257812
5.031326770782471, -19.427268981933594, 36.34013748168945, -61.04216003417969, 77.72230529785156, -63.48495864868164, 82.0086898803711, -62.11771774291992
3.6375718116760254, -13.432391166687012, 27.419797897338867, -41.7791748046875, 46.77863693237305, -103.87034606933594, 90.91808319091797, -92.5570068359375
1.832499623298645, -5.3020219802856445, 10.577376365661621, -21.01954460144043, 30.19710922241211, -42.21666717529297, 60.48085403442383, -85.10454559326172
-4.593479416281632e-11, 1.387428879737854, -3.9291298389434814, 8.334845542907715, -13.55160140991211, 20.51383399963379, -30.451616287231445, 36.456764221191406
-1.7035531997680664, 8.974061965942383, -22.055662155151367, 32.42176055908203, -61.25796890258789, 52.072898864746094, -74.73890686035156, 147.0580596923828
-3.4698827266693115, 14.869552612304688, -36.3460807800293, 57.4643669128418, -55.745765686035156, 98.43063354492188, -85.99392700195312, 94.8674087524414
-5.0747151374816895, 22.36859703063965, -42.32135772705078, 49.1375732421875, -74.89389038085938, 49.50862121582031, -20.656147003173828, -23.187284469604492
-7.117392063140869, 23.17745590209961, -39.46726989746094, 48.53506851196289, -33.89540481567383, -13.641613960266113, 43.398929595947266, -78.06256103515625
-8.650360107421875, 25.45882797241211, -43.997581481933594, 31.22705078125, 13.207099914550781, -67.2057113647461, 106.81890106201172, -68.27887725830078
-9.384154319763184, 27.58622169494629, -33.524925231933594, -1.2406646013259888, 40.60687255859375, -96.8107681274414, 72.55345153808594, 13.900407791137695
-10.75817584991455, 26.180728912353516, -17.91699981689453, -26.02952766418457, 76.97772216796875, -69.5363540649414, -19.922367095947266, 62.7641487121582
-11.858147621154785, 25.175405502319336, -0.9539440274238586, -45.0910530090332, 62.287269592285156, -0.12120705097913742, -99.69031524658203, 134.2148895263672
-13.102642059326172, 22.67385482788086, 14.343621253967285, -51.010986328125, 27.849628448486328, 64.6055679321289, -92.38627624511719, 3.316840410232544
-13.679888725280762, 14.926973342895508, 26.122190475463867, -40.494205474853516, -14.32020092010498, 79.27647399902344, -28.48685646057129, -104.26329040527344
-14.438617706298828, 8.488926887512207, 36.630462646484375, -38.30260467529297, -40.612205505371094, 57.74927520751953, 40.11479949951172, -83.36941528320312
-14.71971321105957, 1.9372543096542358, 44.39284896850586, -6.623469352722168, -57.992679595947266, 9.215621948242188, 65.84540557861328, -10.645034790039062
-13.787799835205078, -5.035855770111084, 38.81610870361328, 23.600282669067383, -53.20943832397461, -38.565773010253906, 74.66661071777344, 112.25421905517578
-13.606155395507812, -11.232088088989258, 30.686691284179688, 43.758426666259766, -33.75677490234375, -58.65282440185547, -3.2646777629852295, 125.44608306884766
-12.881481170654297, -17.316062927246094, 24.50457000732422, 50.86819839477539, 15.726886749267578, -82.76587677001953, -55.994998931884766, 23.986858367919922
-12.278620719909668, -20.684900283813477, 5.8030290603637695, 54.51897048950195, 44.563961029052734, -17.37742042541504, -92.7210464477539, -104.20195770263672
-11.362517356872559, -28.529075622558594, -10.266231536865234, 38.29402542114258, 58.80694580078125, 40.82123947143555, -45.039581298828125, -153.15660095214844
-11.352530479431152, -28.361555099487305, -25.561298370361328, 13.859161376953125, 63.35178756713867, 71.85600280761719, 28.9279842376709, -34.42196273803711
-9.676471710205078, -29.456584930419922, -39.6749153137207, -15.170402526855469, 23.0936222076416, 59.57672882080078, 90.115234375, 78.1087646484375
-7.938229560852051, -27.75094985961914, -35.883880615234375, -43.292789459228516, -13.261358261108398, 32.490478515625, 70.0966567993164, 81.05675506591797
-6.785830497741699, -21.7893123626709, -45.926631927490234, -57.828765869140625, -56.78199768066406, -25.37063980102539, 9.422663688659668, 67.76264953613281
-5.052541732788086, -17.151033401489258, -37.728267669677734, -65.99713134765625, -79.45329284667969, -59.12975311279297, -89.58203125, -45.51960754394531
-3.683546304702759, -12.733402252197266, -23.043947219848633, -38.48091125488281, -76.26756286621094, -99.62602233886719, -77.97572326660156, -144.29864501953125
-1.8352036476135254, -5.920733451843262, -12.121329307556152, -21.146713256835938, -24.128339767456055, -35.80741882324219, -70.5898208618164, -54.12913513183594
4.8438385247262516e-11, 1.3689910173416138, 3.6488149166107178, 9.813830375671387, 10.954111099243164, 15.080459594726562, 21.538976669311523, 37.167236328125
1.7064265012741089, 8.42180061340332, 22.158416748046875, 34.351261138916016, 45.05881881713867, 91.19374084472656, 110.96125793457031, 152.18199157714844
3.465608835220337, 13.479476928710938, 27.59429359436035, 48.497169494628906, 57.710716247558594, 70.28147888183594, 61.3409423828125, 51.29240417480469
4.9517693519592285, 20.805444717407227, 45.64783477783203, 67.32536315917969, 75.23104095458984, 58.72458267211914, 14.208106994628906, -23.807077407836914
6.826555252075195, 25.08831787109375, 36.920265197753906, 37.81965637207031, 30.506450653076172, -13.289801597595215, -63.784481048583984, -145.2258758544922
8.695281028747559, 24.991369247436523, 37.989017486572266, 21.36640739440918, -17.168420791625977, -80.95671844482422, -126.0712661743164, -92.86643981933594
10.01205825805664, 26.26108169555664, 29.19127655029297, -1.1998534202575684, -55.48477554321289, -82.0706787109375, -67.66587829589844, 13.920075416564941
11.137945175170898, 25.838106155395508, 15.761393547058105, -28.156938552856445, -65.46720123291016, -41.38113021850586, 17.477413177490234, 90.38680267333984
11.581537246704102, 22.576419830322266, 0.9551537036895752, -47.641448974609375, -76.12899780273438, -0.1430661380290985, 103.84378051757812, 107.92230987548828
12.695569038391113, 19.681779861450195, -16.772733688354492, -63.6816291809082, -25.862133026123047, 67.2833251953125, 110.06930541992188, 3.6565544605255127
13.465686798095703, 14.086496353149414, -29.095783233642578, -44.08730697631836, 15.042256355285645, 69.4722671508789, 39.134307861328125, -129.9381561279297
13.62193775177002, 8.24485969543457, -36.58273696899414, -38.447296142578125, 61.08034896850586, 65.46002960205078, -33.888404846191406, -67.78298950195312
14.769460678100586, 2.1143784523010254, -41.64896011352539, -5.566995620727539, 69.13760375976562, 12.98176097869873, -106.28789520263672, -14.065962791442871
13.441366195678711, -4.952770709991455, -44.651180267333984, 25.068134307861328, 51.81714630126953, -50.07638168334961, -68.59619903564453, 109.15473175048828
13.705570220947266, -10.901922225952148, -33.4207763671875, 43.225276947021484, 36.30467987060547, -94.38601684570312, 4.960892677307129, 136.5596160888672
13.433979988098145, -18.34963035583496, -23.058719635009766, 49.34475326538086, -14.761317253112793, -87.1349868774414, 54.443031311035156, 37.329341888427734
13.387075424194336, -24.213993072509766, -6.418351173400879, 50.81344223022461, -61.12187576293945, -15.541117668151855, 76.11270904541016, -54.15576934814453
12.48434066772461, -27.798402786254883, 8.565340042114258, 44.79684066772461, -68.9793472290039, 51.85548400878906, 48.91316223144531, -149.39926147460938
10.575202941894531, -29.488784790039062, 25.99312400817871, 11.760883331298828, -69.80599212646484, 87.93206024169922, -31.930538177490234, -33.13799285888672
9.222007751464844, -29.40088653564453, 36.80801773071289, -14.56011962890625, -31.48171615600586, 67.62583923339844, -83.87834167480469, 55.21022415161133
8.573981285095215, -24.745161056518555, 40.63662338256836, -47.04988479614258, 16.678152084350586, 37.85978317260742, -58.554622650146484, 113.4682388305664
6.600566387176514, -25.17014503479004, 44.432701110839844, -55.21491241455078, 64.18370819091797, -24.151952743530273, -9.013376235961914, 38.57010269165039
5.241471290588379, -17.994482040405273, 39.34674072265625, -66.21434783935547, 57.85072326660156, -68.82258605957031, 62.582801818847656, -55.38386535644531
3.6035447120666504, -13.258682250976562, 29.536190032958984, -39.908206939697266, 74.90596008300781, -90.83849334716797, 101.81525421142578, -126.98286437988281
1.8247394561767578, -5.122708320617676, 12.941789627075195, -16.398279190063477, 33.59825897216797, -35.49677658081055, 59.419185638427734, -60.42646789550781
-4.8299399202367255e-11, 1.4545575380325317, -3.721856117248535, 8.399565696716309, -16.251447677612305, 26.695905685424805, -21.247020721435547, 36.4621467590332
-1.7679766416549683, 8.499442100524902, -19.175661087036133, 27.669044494628906, -52.6388053894043, 66.51380920410156, -111.86280822753906, 144.33396911621094
-3.654766321182251, 14.385025978088379, -28.822433471679688, 47.46894073486328, -86.61162567138672, 107.0157241821289, -86.58592224121094, 84.39736938476562
-5.102698802947998, 21.829242706298828, -39.53919219970703, 57.781314849853516, -76.53531646728516, 62.66154861450195, -15.275010108947754, -32.28308868408203
-6.7979278564453125, 22.355039596557617, -38.89687728881836, 52.96166229248047, -22.849061965942383, -8.32170581817627, 83.47106170654297, -144.50914001464844
-7.9810051918029785, 26.238000869750977, -38.12910461425781, 28.07805633544922, 15.664759635925293, -50.086448669433594, 103.7992935180664, -103.13300323486328
-9.491557121276855, 25.591148376464844, -27.10207176208496, -1.374674916267395, 39.66536331176758, -103.92268371582031, 46.21648025512695, 8.790741920471191
-11.070072174072266, 28.40753746032715, -18.104293823242188, -23.98110580444336, 60.32988739013672, -53.465213775634766, -19.060745239257812, 75.29962158203125
-11.823538780212402, 22.490982055664062, -1.073461890220642, -45.85912322998047, 76.50326538085938, -0.10940708965063095, -77.17229461669922, 108.15697479248047
-12.43349552154541, 20.27512550354004, 12.841094017028809, -61.72874450683594, 33.50200271606445, 63.46253204345703, -96.20558166503906, 3.981020927429199
-12.893898963928223, 15.249950408935547, 24.451087951660156, -59.07286834716797, -14.283004760742188, 79.95037078857422, -38.12360382080078, -123.77935028076172
-13.308141708374023, 8.97386360168457, 36.80401611328125, -33.75352478027344, -62.99576187133789, 57.648773193359375, 52.06162643432617, -80.61914825439453
-13.421265602111816, 2.102754831314087, 40.615055084228516, -6.039219856262207, -54.760345458984375, 13.825428009033203, 116.57823181152344, -22.637651443481445
-14.27859115600586, -4.6241374015808105, 36.42377853393555, 22.153392791748047, -66.2715835571289, -62.060585021972656, 94.49343872070312, 100.21057891845703
-13.80605411529541, -10.748066902160645, 36.12511444091797, 39.50542449951172, -29.371986389160156, -85.3302230834961, -4.41137170791626, 86.06652069091797
-12.934139251708984, -16.677928924560547, 20.63642120361328, 57.80437088012695, 16.628217697143555, -52.585086822509766, -59.79450225830078, 32.70261764526367
-12.765275955200195, -24.811969757080078, 6.632503509521484, 44.257568359375, 39.1336555480957, -16.318029403686523, -70.53026580810547, -99.65974426269531
-11.620946884155273, -27.38756561279297, -8.357789993286133, 32.96316146850586, 62.23583221435547, 43.1627082824707, -41.691261291503906, -118.98651123046875
-10.782814025878906, -25.701993942260742, -21.14152717590332, 11.505505561828613, 57.846439361572266, 84.45752716064453, 35.91230010986328, -33.62409973144531
-9.203392028808594, -27.066741943359375, -31.62548065185547, -13.161645889282227, 36.470829010009766, 86.79512023925781, 70.06481170654297, 62.03843688964844
-8.06243896484375, -24.768569946289062, -39.413394927978516, -36.20221710205078, -12.629319190979004, 34.75139617919922, 59.46553421020508, 138.89817810058594
-6.746500492095947, -21.3818416595459, -43.774505615234375, -61.038028717041016, -51.316688537597656, -36.50466537475586, 8.987433433532715, 69.56830596923828
-5.390084743499756, -17.292165756225586, -38.138553619384766, -50.23200988769531, -59.72747802734375, -65.72919464111328, -69.5164794921875, -50.4360237121582
-3.471160650253296, -12.247453689575195, -22.1873722076416, -39.42887496948242, -62.69369888305664, -87.16047668457031, -66.26937103271484, -108.7888412475586
-1.7732278108596802, -5.92777156829834, -11.20030403137207, -18.713010787963867, -36.2957878112793, -48.44293212890625, -41.73202896118164, -55.427635192871094
4.749944881865531e-11, 1.3187795877456665, 4.813782215118408, 7.310983657836914, 10.76071834564209, 16.642053604125977, 19.16353988647461, 42.05360794067383
1.7589993476867676, 7.803198337554932, 18.409082412719727, 41.07271194458008, 46.12508773803711, 70.92527770996094, 115.98078155517578, 73.15242004394531
3.6527254581451416, 14.578641891479492, 34.01601028442383, 56.47556686401367, 64.88714599609375, 105.87959289550781, 68.91667175292969, 84.09203338623047
4.967545032501221, 19.775436401367188, 44.85846710205078, 62.20943832397461, 58.514251708984375, 60.60696029663086, 17.96272087097168, -34.23099899291992
6.613247394561768, 26.201745986938477, 39.7335319519043, 54.064266204833984, 23.119422912597656, -8.202482223510742, -70.7958755493164, -135.57003784179688
8.099379539489746, 25.879579544067383, 37.26940155029297, 29.760427474975586, -13.431146621704102, -62.12637710571289, -106.0298080444336, -101.24762725830078
9.376235961914062, 29.129114151000977, 28.649620056152344, -1.2169935703277588, -60.693790435791016, -71.05182647705078, -46.57772445678711, 14.598736763000488
10.353728294372559, 26.446882247924805, 14.718141555786133, -26.6889705657959, -55.28787612915039, -47.283409118652344, 21.220579147338867, 66.56107330322266
12.20566463470459, 25.76087188720703, 1.1147419214248657, -38.89775466918945, -60.525062561035156, -0.1286982148885727, 87.58238220214844, 93.94667053222656
12.6536865234375, 22.89287567138672, -13.278926849365234, -62.00608825683594, -22.92713165283203, 53.88520431518555, 62.58950424194336, 2.9987995624542236
14.119400024414062, 14.208732604980469, -30.02022361755371, -50.09483337402344, 11.236852645874023, 77.37823486328125, 26.272600173950195, -72.5023193359375
13.910016059875488, 9.483983039855957, -34.222816467285156, -35.60116958618164, 41.505897521972656, 56.367862701416016, -55.007381439208984, -123.42796325683594
14.612749099731445, 1.9995723962783813, -38.63890075683594, -6.842465877532959, 85.15180969238281, 9.20567512512207, -123.69796752929688, -18.447206497192383
14.42330265045166, -5.36442756652832, -42.4323844909668, 19.2689208984375, 76.87957000732422, -37.39759826660156, -95.25342559814453, 83.94648742675781
14.038013458251953, -12.049731254577637, -31.929584503173828, 41.52374267578125, 32.8336296081543, -95.33116149902344, 4.637306213378906, 71.5814437866211
13.57310676574707, -19.242002487182617, -22.026531219482422, 64.93177795410156, -12.34656810760498, -67.34619903564453, 52.84674072265625, 19.74026870727539
13.197193145751953, -24.565757751464844, -6.903622150421143, 53.645591735839844, -49.38188934326172, -16.53049087524414, 106.70883178710938, -50.598880767822266
12.343879699707031, -23.955429077148438, 8.108845710754395, 35.31087112426758, -66.65470123291016, 40.78553771972656, 36.51974105834961, -72.38394165039062
10.467170715332031, -30.33275032043457, 26.90349578857422, 12.199727058410645, -67.12736511230469, 61.239864349365234, -47.22740173339844, -59.45734405517578
9.372854232788086, -28.788898468017578, 40.375953674316406, -18.238901138305664, -30.587425231933594, 86.38098907470703, -115.10184478759766, 60.45659637451172
8.618609428405762, -28.46392822265625, 38.037994384765625, -35.40518569946289, 14.134015083312988, 38.304996490478516, -75.59200286865234, 112.94872283935547
6.623018264770508, -21.391080856323242, 43.21276092529297, -47.19081497192383, 49.289573669433594, -30.497173309326172, -7.6444854736328125, 66.38395690917969
5.40969181060791, -16.599393844604492, 38.910400390625, -54.750335693359375, 85.90951538085938, -64.12043762207031, 74.2329330444336, -34.28224563598633
3.537820816040039, -13.533310890197754, 22.432479858398438, -40.86335754394531, 67.50321960449219, -69.99388885498047, 114.78500366210938, -122.6375961303711
1.6940758228302002, -5.265244483947754, 11.80152702331543, -23.013835906982422, 24.103166580200195, -32.70176315307617, 37.68759536743164, -79.38172149658203
-4.718181401131005e-11, 1.2846856117248535, -4.588850975036621, 9.153279304504395, -11.155786514282227, 17.118051528930664, -29.42437171936035, 48.566749572753906
-1.8582327365875244, 7.922674179077148, -17.24712562561035, 36.31184768676758, -61.782169342041016, 63.733802795410156, -84.47297668457031, 108.06230926513672
-3.629234552383423, 14.607032775878906, -27.30295181274414, 43.99690246582031, -69.3052978515625, 76.30790710449219, -56.89448165893555, 86.52122497558594
-5.0292840003967285, 21.900999069213867, -39.78937530517578, 60.82487106323242, -72.9195556640625, 53.99881362915039, -20.29369354248047, -27.081344604492188
-6.595110893249512, 26.24006462097168, -42.459556579589844, 40.18191909790039, -30.999919891357422, -11.37027359008789, 80.92405700683594, -142.98194885253906
-8.136101722717285, 24.992734909057617, -38.4527702331543, 21.49053192138672, 15.148919105529785, -70.78628540039062, 87.45399475097656, -105.52696990966797
-10.149602890014648, 30.615896224975586, -32.9744758605957, -1.1882432699203491, 55.56764602661133, -80.3681640625, 75.044921875, 8.46229362487793
-10.647993087768555, 26.904211044311523, -14.253939628601074, -31.834184646606445, 69.04130554199219, -65.57828521728516, -18.642383575439453, 130.9355010986328
-12.336230278015137, 24.861417770385742, -1.2466858625411987, -49.75189971923828, 65.4590072631836, -0.13129745423793793, -91.70770263671875, 118.21522521972656
-12.913134574890137, 21.38934898376465, 16.630138397216797, -55.61429977416992, 24.8613338470459, 60.72392654418945, -69.60040283203125, 3.288543701171875
-13.573461532592773, 15.3439302444458, 24.506134033203125, -56.58633041381836, -10.99776554107666, 77.89402770996094, -40.36077880859375, -122.16517639160156
-13.409276008605957, 1.992053508758545, 36.138160705566406, -5.0328898429870605, -61.64403533935547, 10.695622444152832, 130.14491271972656, -20.857688903808594
-14.457582473754883, -5.299070358276367, 39.78056335449219, 18.598405838012695, -58.37691116333008, -61.90805435180664, 56.34626388549805, 94.07703399658203
-13.611477851867676, -12.581796646118164, 32.57195281982422, 49.990238189697266, -35.39360809326172, -72.1595230102539, -6.100862503051758, 100.4625244140625
-13.1322660446167, -18.454187393188477, 21.82161521911621, 53.63045883178711, 11.01074504852295, -87.95472717285156, -64.59699249267578, 23.634750366210938
-13.282337188720703, -20.60750389099121, 6.777216911315918, 62.8467903137207, 62.2163200378418, -23.059446334838867, -75.42018127441406, -71.7631607055664
-12.008868217468262, -24.078826904296875, -8.269556045532227, 43.7342529296875, 86.74241638183594, 34.00728988647461, -40.93912887573242, -100.28243255615234
-10.405714988708496, -27.952835083007812, -23.516368865966797, 13.34347152709961, 62.94720458984375, 95.84872436523438, 37.19356918334961, -52.646080017089844
-9.332547187805176, -30.80367088317871, -34.508758544921875, -15.555503845214844, 32.35601806640625, 64.59382629394531, 104.61685180664062, 65.31552124023438
-8.309709548950195, -27.717269897460938, -38.9650764465332, -33.24845886230469, -15.608267784118652, 40.52576446533203, 53.33180236816406, 157.44351196289062
-6.9149394035339355, -24.185474395751953, -40.23490524291992, -55.07196807861328, -45.2513313293457, -39.868553161621094, 4.992161273956299, 63.574241638183594
-5.003009796142578, -18.986162185668945, -40.967559814453125, -46.60357666015625, -68.86805725097656, -82.083251953125, -57.62482452392578, -39.46917724609375
-3.5884854793548584, -11.177035331726074, -25.380176544189453, -48.995445251464844, -64.40644073486328, -95.93830871582031, -128.32186889648438, -104.51441955566406
-1.8280953168869019, -5.668254852294922, -12.759708404541016, -21.369640350341797, -26.279163360595703, -42.719993591308594, -38.913291931152344, -88.72476959228516
4.6913462697917296e-11, 1.5357624292373657, 4.16486930847168, 9.164319038391113, 16.35991096496582, 15.954463005065918, 24.570858001708984, 47.202938079833984
1.8062447309494019, 8.112369537353516, 18.529611587524414, 36.43598556518555, 42.86474609375, 50.37552261352539, 80.3240737915039, 88.6800537109375
3.554788827896118, 14.026081085205078, 30.779773712158203, 46.780235290527344, 78.66216278076172, 67.6737289428711, 88.84223175048828, 59.7180290222168
5.311007022857666, 21.445749282836914, 37.30815124511719, 46.462013244628906, 48.951629638671875, 60.18151092529297, 17.683551788330078, -19.709062576293945
6.994434833526611, 23.939144134521484, 43.714393615722656, 51.12978744506836, 29.62370491027832, -9.804443359375, -71.65107727050781, -68.0623779296875
8.131647109985352, 30.01245880126953, 40.506370544433594, 21.96665382385254, -13.733258247375488, -81.48934173583984, -99.19329071044922, -105.75596618652344
9.763651847839355, 28.98609733581543, 31.192256927490234, -1.1210983991622925, -61.23786926269531, -96.6480712890625, -79.02796173095703, 9.891526222229004
10.533344268798828, 29.22711753845215, 14.144822120666504, -33.4520149230957, -60.589996337890625, -66.17742156982422, 14.20236873626709, 128.66067504882812
12.043837547302246, 26.15550994873047, 0.9760918617248535, -50.2967643737793, -53.79294967651367, -0.1333543360233307, 82.48946380615234, 99.16282653808594
13.075489044189453, 20.696287155151367, -12.56467342376709, -45.634986877441406, -34.29865646362305, 65.69412994384766, 69.23400115966797, 3.9449994564056396
12.995835304260254, 15.794507026672363, -29.658491134643555, -57.48454666137695, 14.90933609008789, 69.7745590209961, 23.641334533691406, -88.90462493896484
13.745786666870117, 9.899206161499023, -37.06864929199219, -38.292724609375, 57.077003479003906, 56.39808654785156, -60.08717727661133, -82.25772857666016
14.59064769744873, 2.008181571960449, -41.8039436340332, -5.692626476287842, 79.7590560913086, 13.7164945602417, -104.3006820678711, -12.947232246398926
14.130155563354492, -4.483649253845215, -40.97602844238281, 18.019027709960938, 65.92186737060547, -41.7236328125, -79.07296752929688, 114.70204162597656
14.51947021484375, -12.071664810180664, -29.33711051940918, 41.46249008178711, 35.15000534057617, -79.99059295654297, 4.680782318115234, 68.32772064208984
13.89749526977539, -16.296070098876953, -18.528221130371094, 52.5825309753418, -11.431488990783691, -82.97611999511719, 85.86970520019531, 37.37376403808594
12.742429733276367, -20.865510940551758, -6.2109904289245605, 63.07787322998047, -53.21411895751953, -22.582670211791992, 71.82503509521484, -65.51475524902344
11.440606117248535, -27.99945831298828, 8.078230857849121, 39.75505065917969, -72.09465789794922, 51.0013542175293, 50.471073150634766, -94.36490631103516
11.279265403747559, -29.84360122680664, 22.293275833129883, 11.375444412231445, -62.463802337646484, 101.12458038330078, -44.049644470214844, -31.44355010986328
9.924891471862793, -29.841882705688477, 30.35943031311035, -15.837820053100586, -31.183591842651367, 62.430328369140625, -115.27030944824219, 75.97456359863281
8.360556602478027, -27.30828285217285, 38.70817184448242, -35.7124137878418, 16.64615249633789, 31.86707305908203, -81.31117248535156, 76.92991638183594
7.008740425109863, -21.512426376342773, 35.670936584472656, -49.84899139404297, 55.702335357666016, -37.27528381347656, -5.129674434661865, 51.54256057739258
5.1122307777404785, -18.705060958862305, 35.334590911865234, -50.74022674560547, 66.79663848876953, -91.60696411132812, 69.09776306152344, -66.66514587402344
3.344999313354492, -12.487677574157715, 24.636457443237305, -42.536197662353516, 70.08821868896484, -83.33998107910156, 70.75055694580078, -132.34121704101562
1.6988705396652222, -5.1893630027771, 11.433565139770508, -16.42314338684082, 33.654571533203125, -51.06096649169922, 50.707550048828125, -46.58851623535156
-4.7775686184969857e-11, 1.4777222871780396, -4.651072025299072, 7.66920804977417, -13.393977165222168, 25.886756896972656, -28.915790557861328, 36.59598922729492
-1.754668951034546, 7.631221771240234, -17.728586196899414, 27.820993423461914, -56.97623062133789, 85.6291732788086, -83.19439697265625, 94.3224105834961
-3.5199356079101562, 16.299726486206055, -28.75827980041504, 53.37533950805664, -60.82563018798828, 106.23516845703125, -83.6019515991211, 53.99720764160156
-4.9819793701171875, 20.885957717895508, -35.914485931396484, 66.90017700195312, -62.31243896484375, 48.42054748535156, -25.667238235473633, -21.85883903503418
-6.815203666687012, 22.812055587768555, -39.873958587646484, 39.435081481933594, -27.973962783813477, -11.470843315124512, 63.2798957824707, -104.42388916015625
-8.719379425048828, 28.45108413696289, -38.85992431640625, 23.186521530151367, 16.87787628173828, -54.24551773071289, 71.03492736816406, -106.62577056884766
-10.011606216430664, 27.944766998291016, -28.61465072631836, -1.3448498249053955, 59.42103576660156, -109.78022766113281, 43.87440490722656, 15.109821319580078
-10.68902587890625, 29.20985984802246, -15.910221099853516, -32.739959716796875, 54.42500686645508, -47.40262222290039, -19.128084182739258, 90.51292419433594
-12.299214363098145, 24.021343231201172, -1.111843228340149, -45.64813232421875, 57.79872512817383, -0.13944247364997864, -114.66974639892578, 98.77449035644531
-12.319099426269531, 18.987163543701172, 16.57430648803711, -47.615013122558594, 32.482574462890625, 45.097835540771484, -71.57408142089844, 2.501173257827759
-13.115848541259766, 16.88340187072754, 31.595195770263672, -55.14674758911133, -11.380793571472168, 97.05953216552734, -32.131805419921875, -85.716064453125
-13.41544246673584, 9.368634223937988, 35.926082611083984, -38.01545333862305, -43.905967712402344, 70.97602081298828, 45.102264404296875, -74.56949615478516
-14.436135292053223, 2.254885196685791, 43.172176361083984, -6.453122138977051, -85.97486877441406, 9.01401424407959, 80.5538101196289, -15.643684387207031
-14.712810516357422, -4.689455509185791, 46.33772277832031, 20.622468948364258, -61.26176071166992, -51.77242660522461, 53.76995849609375, 51.2481575012207
-13.861705780029297, -11.784873962402344, 35.83927536010742, 36.064720153808594, -24.806001663208008, -83.24656677246094, -4.584458351135254, 139.1888427734375
-14.033599853515625, -16.445798873901367, 21.680438995361328, 58.705387115478516, 10.600396156311035, -77.55239868164062, -84.28924560546875, 24.065038681030273
-12.270106315612793, -24.498497009277344, 7.097472667694092, 47.294403076171875, 44.336360931396484, -16.262767791748047, -104.07636260986328, -60.91645050048828
-12.4192533493042, -23.6878719329834, -8.237455368041992, 35.52165985107422, 69.70972442626953, 47.484649658203125, -40.90693283081055, -92.6590347290039
-10.914957046508789, -29.709686279296875, -24.547048568725586, 13.243204116821289, 50.94939422607422, 90.93603515625, 46.447349548339844, -51.59128952026367
-9.704617500305176, -30.429847717285156, -38.84755325317383, -14.614298820495605, 25.015119552612305, 88.26345825195312, 82.03590393066406, 42.871307373046875
-8.262298583984375, -28.842182159423828, -46.91253662109375, -37.49463653564453, -14.504422187805176, 28.08710479736328, 73.00467681884766, 144.1103057861328
-6.965721607208252, -21.516143798828125, -37.751590728759766, -52.7841911315918, -63.148345947265625, -29.563913345336914, 5.979201316833496, 55.39178466796875
-5.156005859375, -17.70850372314453, -32.20282745361328, -56.59903335571289, -72.98885345458984, -93.13292694091797, -83.0781478881836, -44.786781311035156
-3.643280506134033, -12.185844421386719, -23.568689346313477, -39.87405776977539, -55.3588752746582, -58.70905685424805, -69.64422607421875, -97.06683349609375
-1.8207378387451172, -5.579890727996826, -12.074461936950684, -18.427297592163086, -27.668701171875, -51.75222396850586, -40.26591110229492, -82.41156768798828
4.74901125369076e-11, 1.5422598123550415, 3.937605381011963, 9.934769630432129, 14.270910263061523, 25.80665397644043, 21.79347038269043, 52.92153549194336
1.717795968055725, 7.5701189041137695, 17.761028289794922, 34.660030364990234, 61.53208923339844, 76.37889099121094, 104.35759735107422, 137.72181701660156
3.3688042163848877, 13.381028175354004, 31.95659065246582, 56.78528594970703, 54.23255157470703, 107.80157470703125, 72.01887512207031, 69.7628173828125
5.289676666259766, 20.547706604003906, 35.95083999633789, 58.79179000854492, 49.32402420043945, 51.546714782714844, 26.494022369384766, -21.792680740356445
6.475324630737305, 25.24521255493164, 39.04133987426758, 52.563777923583984, 22.52495765686035, -9.65396785736084, -44.314674377441406, -79.11199188232422
8.069430351257324, 26.126201629638672, 35.97367858886719, 26.37558937072754, -12.406533241271973, -72.76526641845703, -92.16569519042969, -58.710243225097656
9.656977653503418, 26.55123519897461, 28.768661499023438, -1.6429671049118042, -49.18501281738281, -64.49739837646484, -76.72171020507812, 11.694226264953613
10.635736465454102, 25.803024291992188, 15.924761772155762, -33.42067337036133, -84.89789581298828, -57.16145324707031, 14.45094108581543, 131.13121032714844
11.946621894836426, 24.73048210144043, 1.0931698083877563, -52.386940002441406, -62.489925384521484, -0.10056131333112717, 69.72911834716797, 75.74812316894531
12.95365047454834, 22.22677993774414, -13.083517074584961, -52.466190338134766, -35.75591278076172, 41.04188537597656, 85.81268310546875, 3.295506477355957
13.86626148223877, 17.005470275878906, -28.938400268554688, -58.067115783691406, 11.430985450744629, 99.7868881225586, 32.85142517089844, -73.4072036743164
13.36284351348877, 9.67491340637207, -41.78837585449219, -38.54374313354492, 49.823699951171875, 56.53213882446289, -58.658931732177734, -117.25626373291016
14.747657775878906, 2.2138218879699707, -37.549400329589844, -6.611572265625, 64.84889221191406, 8.53765869140625, -119.27726745605469, -14.51480484008789
13.936561584472656, -5.32462739944458, -37.862701416015625, 20.786823272705078, 59.116615295410156, -34.85660934448242, -60.12765884399414, 104.52674102783203
14.126198768615723, -10.82186222076416, -34.11121368408203, 41.618614196777344, 32.26248550415039, -101.80158233642578, 4.368770599365234, 84.02014923095703
14.018655776977539, -16.311233520507812, -21.120954513549805, 65.64042663574219, -11.687554359436035, -55.22629165649414, 104.5237808227539, 42.43450164794922
12.174293518066406, -22.430089950561523, -6.993480682373047, 58.057159423828125, -48.84498977661133, -26.86094093322754, 109.48458099365234, -92.08042907714844
11.936655044555664, -25.853609085083008, 8.15160846710205, 35.004337310791016, -66.7243423461914, 49.77198791503906, 49.851863861083984, -129.57797241210938
10.86384105682373, -28.560749053955078, 25.392475128173828, 13.491950035095215, -59.595272064208984, 71.4758071899414, -31.218544006347656, -35.859310150146484
9.376955032348633, -30.13575553894043, 37.853450775146484, -17.759052276611328, -32.33741760253906, 53.884159088134766, -77.1632308959961, 46.11387252807617
8.152144432067871, -27.339548110961914, 42.859954833984375, -33.38816833496094, 10.679570198059082, 29.815574645996094, -77.41020965576172, 112.31871795654297
7.085749626159668, -21.147706985473633, 39.70775604248047, -54.66935729980469, 50.198543548583984, -28.50739097595215, -6.2028679847717285, 55.8637809753418
5.195219039916992, -17.024974822998047, 37.33677291870117, -63.6928825378418, 81.85298919677734, -85.39549255371094, 77.5304183959961, -71.52555847167969
3.3477652072906494, -12.267147064208984, 24.881559371948242, -44.321205139160156, 53.43330001831055, -67.0101547241211, 102.0282211303711, -143.89083862304688
1.770323634147644, -5.2144551277160645, 10.017415046691895, -22.301298141479492, 34.964744567871094, -52.93723678588867, 65.6674575805664, -80.8532943725586
-4.6816248794323556e-11, 1.5090785026550293, -4.569979667663574, 9.248636245727539, -15.324954986572266, 26.8946475982666, -20.923603057861328, 46.05335235595703
-1.7784593105316162, 8.231735229492188, -17.21619987487793, 39.79771041870117, -52.87713623046875, 89.41893005371094, -122.15320587158203, 80.6261978149414
-3.526949405670166, 14.385452270507812, -31.925025939941406, 57.36280822753906, -82.58562469482422, 95.9343032836914, -75.69318389892578, 102.04948425292969
-5.368788242340088, 21.949487686157227, -44.8638801574707, 46.3546257019043, -67.73738098144531, 60.06076431274414, -14.628034591674805, -19.77367401123047
-6.47730827331543, 26.18326759338379, -36.433414459228516, 55.888221740722656, -34.164066314697266, -12.802800178527832, 48.67916488647461, -147.0616455078125
-7.917386531829834, 27.113609313964844, -38.08777618408203, 23.335437774658203, 14.72927474975586, -58.52676010131836, 84.87335205078125, -55.360958099365234
-9.606687545776367, 26.04511070251465, -31.068035125732422, -1.5178108215332031, 62.3853759765625, -76.48563385009766, 44.63560485839844, 12.828404426574707
-10.436641693115234, 29.447450637817383, -14.312417984008789, -22.81037139892578, 75.42280578613281, -47.973960876464844, -15.034049987792969, 113.26505279541016
-12.363743782043457, 27.246416091918945, -1.2180558443069458, -54.754058837890625, 55.68083953857422, -0.1358553022146225, -107.40119171142578, 100.40373229980469
-12.690469741821289, 18.79075050354004, 13.58597469329834, -57.861427307128906, 36.35993194580078, 52.45500564575195, -67.79266357421875, 2.2030036449432373
-13.820117950439453, 14.929097175598145, 27.067956924438477, -50.63747024536133, -12.601361274719238, 106.2232894897461, -33.93476104736328, -78.12971496582031
-13.595868110656738, 9.098837852478027, 41.547035217285156, -35.874698638916016, -54.70870590209961, 52.32113265991211, 63.55863952636719, -117.72541809082031
-13.77574634552002, 1.9331351518630981, 45.43415069580078, -6.433225631713867, -75.64912414550781, 10.670014381408691, 105.92658233642578, -17.822269439697266
-14.672739028930664, -4.964663505554199, 43.783687591552734, 19.960811614990234, -75.83122253417969, -42.82884216308594, 68.94835662841797, 83.76348876953125
-14.161212921142578, -11.797674179077148, 30.254560470581055, 39.91880416870117, -35.400634765625, -96.3468017578125, -5.222885608673096, 98.0565185546875
-13.868667602539062, -17.511857986450195, 20.51249885559082, 65.8150863647461, 17.177021026611328, -84.36148834228516, -94.16804504394531, 36.384098052978516
-12.976232528686523, -21.039688110351562, 6.9332194328308105, 44.294368743896484, 58.34297561645508, -22.525920867919922, -115.81275177001953, -53.08441162109375
-12.115518569946289, -24.969200134277344, -9.010015487670898, 41.65181350708008, 81.48006439208984, 40.7354736328125, -56.17055130004883, -145.82655334472656
-10.740521430969238, -30.365882873535156, -27.582868576049805, 13.550271034240723, 69.20661926269531, 72.21675872802734, 50.183101654052734, -39.40409851074219
-9.638725280761719, -28.202009201049805, -39.109107971191406, -12.527944564819336, 33.94557189941406, 67.06318664550781, 106.34303283691406, 74.77470397949219
-8.03558349609375, -26.459684371948242, -37.764930725097656, -45.49010467529297, -14.401105880737305, 34.9702033996582, 63.366111755371094, 78.28072357177734
-6.492684841156006, -21.87932777404785, -39.16653060913086, -63.77522277832031, -64.0428237915039, -26.442058563232422, 6.517193794250488, 71.5870132446289
-5.200722694396973, -20.027006149291992, -41.079891204833984, -54.425594329833984, -65.27359771728516, -97.9421615600586, -63.888736724853516, -44.08156967163086
-3.610067367553711, -12.717491149902344, -26.851266860961914, -49.936519622802734, -69.8791732788086, -91.91761779785156, -127.84076690673828, -131.451904296875
-1.7017275094985962, -5.165698528289795, -11.487399101257324, -19.428913116455078, -22.567028045654297, -35.54323959350586, -71.80931854248047, -89.62593078613281
4.95569106584437e-11, 1.356909990310669, 3.6134324073791504, 8.589034080505371, 14.313515663146973, 20.438339233398438, 38.719581604003906, 35.621337890625
1.7619092464447021, 8.97610092163086, 20.670574188232422, 28.260862350463867, 47.70319366455078, 87.1599349975586, 84.66350555419922, 148.3830108642578
3.6389806270599365, 15.956361770629883, 35.3336296081543, 49.92958068847656, 59.686248779296875, 59.129615783691406, 85.40605163574219, 110.64808654785156
5.084514617919922, 21.3429012298584, 37.83058166503906, 56.99383544921875, 63.26252746582031, 47.17811965942383, 15.363094329833984, -27.574012756347656
7.071937084197998, 22.897186279296875, 46.093284606933594, 55.84532165527344, 26.229257583618164, -11.596135139465332, -42.31685256958008, -96.46861267089844
7.961540222167969, 26.98284339904785, 33.09929656982422, 21.744340896606445, -13.183120727539062, -65.57150268554688, -79.44816589355469, -122.43919372558594
9.696002006530762, 28.431974411010742, 33.64258575439453, -1.1385499238967896, -56.47932052612305, -109.85873413085938, -83.37403106689453, 13.266563415527344
11.019414901733398, 29.283170700073242, 14.200074195861816, -34.100563049316406, -52.855445861816406, -66.17102813720703, 12.972139358520508, 101.9409408569336
11.505340576171875, 27.007293701171875, 1.2316701412200928, -43.99776840209961, -50.7498664855957, -0.08269025385379791, 85.00315856933594, 63.70779037475586
13.354791641235352, 20.79391860961914, -12.687285423278809, -66.9814682006836, -36.58406448364258, 49.934349060058594, 114.96551513671875, 3.2911243438720703
14.020554542541504, 14.934246063232422, -30.796588897705078, -59.68794631958008, 13.404267311096191, 101.62632751464844, 38.28782272338867, -89.47366333007812
13.4766845703125, 9.329893112182617, -37.472103118896484, -31.975107192993164, 41.990352630615234, 72.41690826416016, -52.660255432128906, -66.69265747070312
14.180724143981934, 2.109133243560791, -35.97816467285156, -6.556816577911377, 57.722015380859375, 10.407922744750977, -111.98674011230469, -10.511983871459961
13.649433135986328, -4.898071765899658, -45.05767059326172, 23.09238052368164, 58.59573745727539, -52.54678726196289, -71.36431121826172, 90.71646881103516
13.314408302307129, -12.761531829833984, -28.965978622436523, 45.274967193603516, 30.153043746948242, -67.83010864257812, 5.76942253112793, 117.98344421386719
13.860527038574219, -17.28941535949707, -22.1219425201416, 50.965694427490234, -14.3045015335083, -58.08944320678711, 61.991947174072266, 36.26334762573242
12.960365295410156, -22.959253311157227, -5.5254435539245605, 47.50349426269531, -48.524513244628906, -19.95351219177246, 90.16365051269531, -91.69779968261719
11.692834854125977, -25.756351470947266, 8.533631324768066, 35.220706939697266, -63.23789978027344, 29.393144607543945, 47.47964859008789, -133.52313232421875
10.72075080871582, -26.65479850769043, 22.55297088623047, 14.215214729309082, -73.89958953857422, 94.03688049316406, -35.893653869628906, -60.11435317993164
9.706472396850586, -30.165586471557617, 38.988826751708984, -16.415889739990234, -31.00057601928711, 73.80696105957031, -77.1750717163086, 42.5246696472168
8.225264549255371, -27.607786178588867, 46.1718864440918, -36.342166900634766, 12.239351272583008, 29.526687622070312, -75.9948501586914, 141.43357849121094
6.520542144775391, -22.499839782714844, 42.986907958984375, -46.744632720947266, 63.804073333740234, -34.16546630859375, -6.9822797775268555, 76.48284912109375
5.29434871673584, -17.6527042388916, 39.459228515625, -62.38603591918945, 72.71253967285156, -59.34550476074219, 69.08525085449219, -55.50419998168945
3.4586129188537598, -12.022293090820312, 26.523889541625977, -51.15629959106445, 72.3592758178711, -57.19501495361328, 106.55213165283203, -79.02124786376953
1.7353990077972412, -5.8022918701171875, 11.844935417175293, -18.82965660095215, 30.943300247192383, -37.537540435791016, 69.3165512084961, -71.9448471069336
-4.681352527846627e-11, 1.2763265371322632, -4.435290336608887, 7.960463523864746, -12.605703353881836, 23.141977310180664, -24.00176239013672, 43.73023986816406
-1.8208918571472168, 7.878448486328125, -17.605283737182617, 37.55381774902344, -60.87336730957031, 58.50051498413086, -114.82493591308594, 135.28932189941406
-3.517127275466919, 15.30050277709961, -34.06703186035156, 44.07136535644531, -85.40913391113281, 94.37569427490234, -80.98735046386719, 96.21805572509766
-5.09729528427124, 21.994081497192383, -44.25045394897461, 66.31668090820312, -50.593631744384766, 48.99708938598633, -24.20094108581543, -30.306819915771484
-6.551456451416016, 24.371618270874023, -44.672706604003906, 46.36030578613281, -23.994611740112305, -11.867347717285156, 48.79557800292969, -110.95439147949219
-8.116629600524902, 27.210004806518555, -38.38386917114258, 28.948415756225586, 12.968914985656738, -74.58551025390625, 76.19454956054688, -119.89771270751953
-9.265251159667969, 27.8016357421875, -29.328916549682617, -1.2238879203796387, 42.589996337890625, -102.54073333740234, 73.09577941894531, 14.414477348327637
-10.759526252746582, 26.795713424682617, -16.391738891601562, -26.52035140991211, 83.53380584716797, -59.62623977661133, -12.239144325256348, 116.77790832519531
-12.2986478805542, 22.831754684448242, -1.1646416187286377, -55.311248779296875, 52.45573425292969, -0.12070706486701965, -100.93717193603516, 130.37005615234375
-12.842369079589844, 19.92479133605957, 15.414213180541992, -53.42021179199219, 23.070640563964844, 57.61494445800781, -116.58622741699219, 2.1575448513031006
-13.839473724365234, 14.755473136901855, 25.3911190032959, -54.48093795776367, -17.201908111572266, 99.97074127197266, -24.828296661376953, -113.81898498535156
-14.112358093261719, 8.686525344848633, 37.72793197631836, -34.53483200073242, -51.96345520019531, 68.8662338256836, 37.4262580871582, -124.34319305419922
-14.623416900634766, 2.190483808517456, 36.13962173461914, -5.11396598815918, -84.72791290283203, 9.445839881896973, 74.28067779541016, -17.744781494140625
-13.575077056884766, -5.38368558883667, 39.45223617553711, 20.7665958404541, -51.07828140258789, -62.05721664428711, 91.19911193847656, 61.18708801269531
-14.293458938598633, -12.275161743164062, 31.31231117248535, 40.03047561645508, -34.74561309814453, -71.0317611694336, -6.338901042938232, 98.7243881225586
-13.084122657775879, -18.601905822753906, 23.104122161865234, 59.728919982910156, 12.772322654724121, -87.83628845214844, -97.8567886352539, 32.15974807739258
-12.8863525390625, -23.806140899658203, 6.351189136505127, 42.84822082519531, 49.930198669433594, -25.509740829467773, -119.23834991455078, -70.72317504882812
-12.31478214263916, -27.006549835205078, -9.043890953063965, 34.594852447509766, 55.44654083251953, 40.83061981201172, -29.208499908447266, -155.0821533203125
-10.363142013549805, -26.91126823425293, -27.493934631347656, 10.569167137145996, 56.54856872558594, 82.8377914428711, 45.719451904296875, -59.8559455871582
-9.614968299865723, -30.889671325683594, -39.25254821777344, -16.76673698425293, 25.200010299682617, 71.15800476074219, 107.91712188720703, 42.9480094909668
-8.528166770935059, -24.049802780151367, -46.790340423583984, -34.10380935668945, -11.3213472366333, 35.0359992980957, 83.62026977539062, 136.72189331054688
-7.045361518859863, -24.787683486938477, -41.63397216796875, -50.12778854370117, -43.752620697021484, -36.63740921020508, 6.553598403930664, 70.98394775390625
-5.099032878875732, -19.828641891479492, -39.361106872558594, -55.132816314697266, -55.661094665527344, -74.05191040039062, -62.576839447021484, -51.06290817260742
-3.6768155097961426, -13.054254531860352, -25.837778091430664, -46.84817123413086, -51.711341857910156, -85.58805084228516, -119.34580993652344, -95.31544494628906
-1.7745935916900635, -5.56820011138916, -12.774129867553711, -15.831673622131348, -30.262937545776367, -43.51399612426758, -52.242950439453125, -94.58708953857422
4.8751887943288e-11, 1.5385996103286743, 3.94064998626709, 8.013123512268066, 13.882282257080078, 16.47272491455078, 33.016414642333984, 34.59376907348633
1.8019479513168335, 8.773500442504883, 20.0733585357666, 29.307109832763672, 64.85425567626953, 76.19364166259766, 102.42821502685547, 75.07703399658203
3.364419460296631, 15.26660442352295, 30.096622467041016, 43.03479766845703, 79.40840148925781, 97.1417007446289, 65.44457244873047, 65.58145141601562
5.388894557952881, 18.64101791381836, 40.89152908325195, 59.40251159667969, 57.999576568603516, 43.660274505615234, 18.40325927734375, -21.154090881347656
6.806890487670898, 26.326257705688477, 43.99082565307617, 52.69340896606445, 29.592348098754883, -10.820366859436035, -81.36080169677734, -133.8091278076172
8.526324272155762, 29.040618896484375, 34.153133392333984, 23.045228958129883, -14.28014087677002, -48.5433349609375, -86.02107238769531, -85.29390716552734
10.048430442810059, 28.38409423828125, 27.528413772583008, -1.3005636930465698, -58.642433166503906, -109.70101928710938, -72.54244995117188, 13.36293888092041
11.306950569152832, 24.893407821655273, 14.563243865966797, -23.47726821899414, -61.60334396362305, -63.26827621459961, 14.048169136047363, 78.74327850341797
12.485686302185059, 23.74468994140625, 0.9639191627502441, -39.304168701171875, -61.38147735595703, -0.14299185574054718, 85.72079467773438, 113.90421295166016
12.885727882385254, 22.653549194335938, -13.518933296203613, -46.029197692871094, -30.099576950073242, 45.48628616333008, 69.6987533569336, 1.936854600906372
13.381505966186523, 16.827226638793945, -24.937702178955078, -60.505271911621094, 11.149506568908691, 90.27826690673828, 24.916067123413086, -105.09566497802734
14.086906433105469, 9.397035598754883, -32.92262268066406, -26.22663688659668, 51.39201354980469, 66.7790298461914, -46.3925666809082, -63.15037536621094
13.7950439453125, 2.086657762527466, -46.05533218383789, -5.4135003089904785, 81.10438537597656, 10.557327270507812, -124.4095687866211, -10.640250205993652
14.429710388183594, -4.850861549377441, -43.003639221191406, 25.89455223083496, 74.65851593017578, -48.12923812866211, -68.17012023925781, 53.7924919128418
13.454861640930176, -11.4658784866333, -28.663978576660156, 51.88376235961914, 34.913936614990234, -99.59042358398438, 5.9811248779296875, 146.43312072753906
14.110136985778809, -16.099180221557617, -23.240198135375977, 55.985164642333984, -17.419044494628906, -63.338653564453125, 101.05049133300781, 36.11073303222656
12.870392799377441, -22.510461807250977, -6.4942708015441895, 43.60791015625, -39.44896697998047, -16.41644287109375, 98.78629302978516, -65.31076049804688
12.041956901550293, -25.534780502319336, 8.52243423461914, 33.93022155761719, -84.33856964111328, 39.73661804199219, 57.06852722167969, -75.49771881103516
10.726347923278809, -29.039457321166992, 25.720703125, 14.044886589050293, -61.362831115722656, 75.89727020263672, -28.093341827392578, -26.789779663085938
9.970924377441406, -27.80088233947754, 38.77019500732422, -15.667915344238281, -36.18840789794922, 68.63770294189453, -67.72838592529297, 88.51425170898438
8.322423934936523, -24.311365127563477, 42.70631790161133, -46.53551483154297, 11.288910865783691, 34.62993240356445, -104.33145904541016, 93.10342407226562
6.710975170135498, -22.477697372436523, 37.14342498779297, -48.35212707519531, 52.27376937866211, -34.50960159301758, -5.229660511016846, 72.06657409667969
5.43713903427124, -17.040931701660156, 33.943485260009766, -44.32315444946289, 52.85935592651367, -68.65699768066406, 71.30022430419922, -48.0205078125
3.6023874282836914, -12.407698631286621, 26.89699363708496, -45.304443359375, 68.99356842041016, -81.50652313232422, 70.1732177734375, -84.18830871582031
1.8388376235961914, -5.78091287612915, 13.301237106323242, -19.473289489746094, 29.996479034423828, -49.99811553955078, 48.47768783569336, -58.14292526245117
-4.7459106089497993e-11, 1.4715054035186768, -4.336405277252197, 8.817057609558105, -14.147072792053223, 26.688207626342773, -21.020599365234375, 39.64719772338867
-1.7776920795440674, 7.67584228515625, -18.596302032470703, 27.777511596679688, -57.695518493652344, 85.86615753173828, -107.31520080566406, 134.08511352539062
-3.366607666015625, 13.650321960449219, -29.858871459960938, 56.33595657348633, -57.48515319824219, 78.10823059082031, -111.96601867675781, 106.51116943359375
-5.037629127502441, 18.907630920410156, -44.266143798828125, 53.982234954833984, -47.731605529785156, 61.742008209228516, -24.244691848754883, -31.78112030029297
-6.743616580963135, 23.730487823486328, -43.04410934448242, 44.66328811645508, -30.053627014160156, -10.968406677246094, 65.00615692138672, -69.73677825927734
-8.655839920043945, 26.79229164123535, -33.09626388549805, 29.788074493408203, 16.05516242980957, -65.26962280273438, 111.07332611083984, -74.46146392822266
-9.20595645904541, 29.657127380371094, -28.495817184448242, -1.397387146949768, 52.91593933105469, -110.03182220458984, 51.36853790283203, 14.993961334228516
-10.971809387207031, 29.03036117553711, -18.695537567138672, -24.037322998046875, 64.49549102783203, -41.67900085449219, -20.55443000793457, 98.63575744628906
-12.381650924682617, 26.89505386352539, -1.0564672946929932, -50.1777458190918, 73.36842346191406, -0.1408117115497589, -86.29682159423828, 120.81269836425781
-12.278741836547852, 19.322999954223633, 14.248597145080566, -53.59107971191406, 29.462739944458008, 42.2480354309082, -78.00094604492188, 1.8937300443649292
-13.084165573120117, 14.307485580444336, 29.442258834838867, -59.21678924560547, -12.607444763183594, 109.90177917480469, -42.582969665527344, -61.76700210571289
-13.795217514038086, 9.197980880737305, 40.888248443603516, -26.293041229248047, -39.627716064453125, 61.69268035888672, 51.661720275878906, -140.93585205078125
-14.133692741394043, 2.105604410171509, 40.74638366699219, -5.601243019104004, -59.61159133911133, 10.18205738067627, 66.34220123291016, -20.288137435913086
-13.896181106567383, -5.274486064910889, 39.20584487915039, 17.9517765045166, -57.41883850097656, -49.181819915771484, 64.04641723632812, 63.4480094909668
-14.515763282775879, -11.754167556762695, 32.28648376464844, 36.4642219543457, -26.19566535949707, -59.316776275634766, -5.384966850280762, 124.7220687866211
-13.177292823791504, -17.312232971191406, 24.45484161376953, 55.415252685546875, 13.538241386413574, -76.94075012207031, -53.68496322631836, 37.28849411010742
-12.387946128845215, -24.671552658081055, 6.826944351196289, 60.94622802734375, 60.57798767089844, -22.467409133911133, -115.8057861328125, -100.11058044433594
-12.535093307495117, -27.199045181274414, -8.67050838470459, 43.248863220214844, 54.928951263427734, 40.72550964355469, -36.267704010009766, -77.7269515991211
-10.914688110351562, -26.68416404724121, -21.43052864074707, 12.57858657836914, 72.32689666748047, 101.0619125366211, 51.747718811035156, -46.946449279785156
-9.567582130432129, -28.237844467163086, -33.21501922607422, -14.054234504699707, 33.958885192871094, 73.92225646972656, 104.9420394897461, 85.64164733886719
-7.988318920135498, -24.525598526000977, -43.61487579345703, -40.1964225769043, -12.679791450500488, 38.53184509277344, 103.71475982666016, 108.64217376708984
-6.984796524047852, -23.517898559570312, -44.546913146972656, -50.110984802246094, -49.372825622558594, -32.91658020019531, 7.820497035980225, 56.70863723754883
-5.048086643218994, -18.62790870666504, -39.48789978027344, -44.57365036010742, -75.51142120361328, -59.32461166381836, -58.960208892822266, -35.00096893310547
-3.5214731693267822, -12.731545448303223, -28.381793975830078, -37.63668441772461, -61.50440216064453, -96.95790100097656, -111.54768371582031, -115.95318603515625
-1.6939371824264526, -5.970060348510742, -11.402496337890625, -19.173887252807617, -32.229713439941406, -30.13646697998047, -65.35357666015625, -61.434852600097656
4.7730219082664505e-11, 1.518272042274475, 4.440878391265869, 8.686214447021484, 10.826661109924316, 21.636343002319336, 21.66230583190918, 53.452327728271484
1.7303593158721924, 8.71639633178711, 21.894315719604492, 36.66212844848633, 46.821937561035156, 50.21397018432617, 80.33739471435547, 127.5129165649414
3.461324453353882, 13.991647720336914, 28.61720848083496, 47.5400390625, 72.05409240722656, 63.683528900146484, 115.41751861572266, 101.25448608398438
5.18657922744751, 19.61225700378418, 35.994258880615234, 48.206451416015625, 64.30764770507812, 38.7451057434082, 20.431690216064453, -28.452234268188477
6.781322479248047, 23.010875701904297, 40.293704986572266, 41.665016174316406, 30.14710235595703, -9.25240421295166, -53.70494079589844, -120.2273941040039
8.381081581115723, 27.219038009643555, 42.03245544433594, 23.693511962890625, -15.739558219909668, -45.9761962890625, -133.40866088867188, -122.57337951660156
9.754575729370117, 29.420692443847656, 27.202308654785156, -1.4371020793914795, -62.22691345214844, -68.23526763916016, -60.593326568603516, 8.117461204528809
10.405985832214355, 28.505704879760742, 16.71709632873535, -30.87259292602539, -83.41287231445312, -50.21171569824219, 12.344900131225586, 114.87493133544922
12.362244606018066, 24.883691787719727, 1.1673269271850586, -39.69279479980469, -57.311363220214844, -0.08640867471694946, 72.35698699951172, 109.88077545166016
12.926057815551758, 20.32509994506836, -13.096856117248535, -57.05046463012695, -32.291481018066406, 72.73194122314453, 80.95870208740234, 2.7638304233551025
12.815306663513184, 15.75857162475586, -32.4149284362793, -59.25194549560547, 12.121734619140625, 63.459014892578125, 42.038700103759766, -57.214317321777344
13.223198890686035, 8.476852416992188, -36.602142333984375, -33.21384048461914, 40.671234130859375, 81.48918914794922, -35.755409240722656, -108.00141143798828
14.22862720489502, 2.2951300144195557, -44.242000579833984, -6.156038284301758, 62.99324035644531, 7.568030834197998, -121.60063934326172, -20.080528259277344
14.721410751342773, -5.415721416473389, -44.8858642578125, 24.167678833007812, 57.401424407958984, -63.040287017822266, -60.39451217651367, 95.21415710449219
13.657585144042969, -11.987377166748047, -28.913244247436523, 44.76950454711914, 24.18391227722168, -63.408355712890625, 4.179749488830566, 73.0252914428711
13.275957107543945, -16.467891693115234, -22.600400924682617, 57.196617126464844, -12.358819007873535, -52.374473571777344, 85.3109359741211, 30.960433959960938
12.53662395477295, -23.23113250732422, -5.45095682144165, 46.695289611816406, -48.49289321899414, -25.110092163085938, 118.18038177490234, -89.89173889160156
11.664554595947266, -26.4064998626709, 10.259346008300781, 34.23807907104492, -56.631412506103516, 42.89851760864258, 37.061683654785156, -116.26300811767578
10.961624145507812, -25.51080894470215, 26.822572708129883, 11.977519989013672, -75.67952728271484, 74.94131469726562, -44.37877655029297, -30.127765655517578
9.359368324279785, -25.980863571166992, 31.25951385498047, -15.637020111083984, -32.71946334838867, 79.4349365234375, -72.08253479003906, 39.287933349609375
8.471638679504395, -24.480192184448242, 38.39182662963867, -45.933982849121094, 16.33451271057129, 32.14665603637695, -102.72128295898438, 101.37974548339844
6.507172584533691, -23.24473762512207, 46.62007522583008, -57.8742561340332, 39.738250732421875, -34.70801544189453, -8.765118598937988, 59.57390213012695
5.138295650482178, -19.767715454101562, 38.700077056884766, -53.45326232910156, 68.87590026855469, -70.52525329589844, 61.4267692565918, -31.51993751525879
3.4025042057037354, -12.558350563049316, 26.691328048706055, -42.328609466552734, 67.91808319091797, -89.5880126953125, 71.09831237792969, -107.6682357788086
1.7257195711135864, -5.416743278503418, 12.572761535644531, -16.97874641418457, 27.586563110351562, -48.823978424072266, 67.36905670166016, -68.59658813476562
-4.740044468043436e-11, 1.3180948495864868, -4.429625988006592, 9.763203620910645, -10.638712882995605, 21.00076675415039, -23.035253524780273, 47.38142013549805
-1.817732572555542, 8.426985740661621, -18.719402313232422, 29.115795135498047, -40.821319580078125, 77.7251968383789, -105.31243133544922, 96.01301574707031
-3.5450897216796875, 13.774275779724121, -34.33856201171875, 56.56239318847656, -61.45182800292969, 104.76112365722656, -63.60197067260742, 107.98884582519531
-5.075194835662842, 19.723594665527344, -37.58715057373047, 55.206878662109375, -68.8477783203125, 35.413330078125, -21.54585838317871, -18.15480613708496
-6.837845325469971, 23.571739196777344, -47.12934112548828, 39.8558235168457, -28.517786026000977, -9.551976203918457, 70.67040252685547, -97.81295013427734
-8.433059692382812, 28.690296173095703, -37.43269348144531, 25.573589324951172, 15.136696815490723, -76.38166046142578, 86.61032104492188, -107.09737396240234
-10.041532516479492, 25.45843505859375, -27.527305603027344, -1.4330979585647583, 62.82146453857422, -81.23078918457031, 56.28729248046875, 8.076497077941895
-11.399218559265137, 30.22832489013672, -16.349477767944336, -33.21887969970703, 75.13861083984375, -49.73862838745117, -20.37315559387207, 120.9421615600586
-11.980985641479492, 22.653297424316406, -1.0790618658065796, -39.74427032470703, 51.953712463378906, -0.08039716631174088, -95.7538833618164, 115.2776870727539
-13.185890197753906, 20.786243438720703, 12.986291885375977, -45.93993377685547, 31.20012092590332, 40.64309310913086, -123.81722259521484, 4.109012126922607
-13.065008163452148, 14.171680450439453, 31.106555938720703, -45.93225860595703, -16.10317611694336, 83.86326599121094, -36.46171569824219, -81.40486145019531
-13.20478343963623, 9.876093864440918, 42.24196243286133, -30.868417739868164, -47.95500183105469, 64.15434265136719, 57.78815841674805, -112.6944580078125
-14.280261993408203, 2.260895252227783, 40.76021194458008, -5.136290073394775, -56.80210494995117, 13.300922393798828, 113.44853210449219, -19.352441787719727
-14.618128776550293, -5.380856037139893, 35.506874084472656, 23.421627044677734, -48.64455795288086, -50.87393569946289, 52.84189987182617, 83.6126937866211
-13.901803016662598, -12.1651029586792, 29.86529541015625, 39.27675247192383, -34.45121765136719, -63.128665924072266, -4.081040859222412, 105.92156982421875
-13.901885032653809, -18.620210647583008, 24.524734497070312, 55.452850341796875, 12.936665534973145, -89.89833068847656, -67.8111572265625, 19.14900779724121
-12.767633438110352, -21.813243865966797, 5.891761302947998, 45.670562744140625, 59.446136474609375, -20.885791778564453, -124.51746368408203, -80.07672882080078
-11.633338928222656, -26.37333106994629, -9.842655181884766, 36.171295166015625, 87.74132537841797, 38.951045989990234, -32.036033630371094, -114.19976043701172
-10.689372062683105, -27.84393882751465, -25.82530403137207, 14.822604179382324, 75.90159606933594, 65.25970458984375, 30.27680015563965, -27.669282913208008
-9.881607055664062, -30.873476028442383, -40.3001594543457, -17.170490264892578, 27.139684677124023, 92.86326599121094, 109.35136413574219, 62.19479751586914
-8.056032180786133, -25.095922470092773, -36.45011520385742, -38.352046966552734, -15.524141311645508, 32.86494827270508, 94.66951751708984, 156.90988159179688
-6.587515354156494, -20.838783264160156, -37.20369338989258, -57.5654411315918, -44.79254913330078, -30.36763572692871, 9.241031646728516, 71.33943939208984
-5.2481369972229, -18.4339542388916, -32.409324645996094, -49.61183547973633, -70.42552185058594, -88.11180114746094, -57.752403259277344, -48.549678802490234
-3.6203911304473877, -12.761730194091797, -22.382463455200195, -45.691585540771484, -76.18901824951172, -102.3690414428711, -123.37382507324219, -122.31770324707031
-1.8530575037002563, -5.263127326965332, -10.58641529083252, -16.409095764160156, -23.19915771484375, -48.28594207763672, -72.35550689697266, -61.05458450317383
4.85824679097302e-11, 1.371145248413086, 3.7730178833007812, 10.089834213256836, 12.059157371520996, 16.605342864990234, 22.96398162841797, 44.8759765625
1.6924989223480225, 9.214149475097656, 22.203632354736328, 35.147274017333984, 46.6898078918457, 77.22967529296875, 109.42784118652344, 78.47096252441406
3.5137012004852295, 15.927209854125977, 34.41657638549805, 45.862545013427734, 77.6998062133789, 63.41781997680664, 62.771854400634766, 102.79328155517578
5.241962432861328, 18.671344757080078, 39.96908187866211, 59.56687545776367, 53.78250503540039, 58.9513053894043, 13.033623695373535, -16.65087890625
6.890572547912598, 22.17170524597168, 43.139225006103516, 53.293270111083984, 23.12997817993164, -12.743857383728027, -75.09739685058594, -111.95450592041016
8.597612380981445, 29.01967430114746, 36.26686477661133, 22.641565322875977, -11.598040580749512, -59.34868621826172, -112.65889739990234, -87.3029556274414
